0.0227  0.0000  -0.0006  0.0006  0.0000
0.0281  0.0000  -0.0006  0.0006  0.0000
0.0350  0.0000  -0.0006  0.0006  0.0000
0.0439  0.0000  -0.0006  0.0006  0.0000
0.0495  0.0000  -0.0006  0.0006  0.0000
0.0549  0.0000  -0.0006  0.0006  0.0000
0.0602  0.0000  -0.0006  0.0006  0.0000
0.0667  0.0000  -0.0006  0.0006  0.0000
0.0734  0.0000  -0.0006  0.0006  0.0000
0.0805  0.0000  -0.0006  0.0006  0.0000
0.0865  0.0000  -0.0006  0.0006  0.0000
0.0924  0.0000  -0.0006  0.0006  0.0000
0.0984  0.0000  -0.0006  0.0006  0.0000
0.1040  0.0000  -0.0006  0.0006  0.0000
0.1094  0.0000  -0.0006  0.0006  0.0000
0.1148  0.0000  -0.0006  0.0006  0.0000
0.1202  0.0000  -0.0006  0.0006  0.0000
0.1257  0.0000  -0.0006  0.0006  0.0000
0.1325  0.0000  -0.0006  0.0006  0.0000
0.1381  0.0000  -0.0006  0.0006  0.0000
0.1438  0.0000  -0.0006  0.0006  0.0000
0.1508  0.0000  -0.0006  0.0006  0.0000
0.1581  0.0000  -0.0007  0.0007  0.0000
0.1655  0.0000  -0.0007  0.0007  0.0000
0.1724  0.0000  -0.0007  0.0007  0.0000
0.1781  0.0000  -0.0007  0.0007  0.0000
0.1841  0.0000  -0.0007  0.0007  0.0000
0.1888  0.0000  -0.0007  0.0007  0.0000
0.1947  0.0000  -0.0007  0.0007  0.0000
0.2002  0.0000  -0.0007  0.0007  0.0000
0.2053  0.0000  -0.0007  0.0007  0.0000
0.2103  0.0000  -0.0007  0.0007  0.0000
0.2156  0.0000  -0.0007  0.0007  0.0000
0.2218  0.0000  -0.0007  0.0007  0.0000
0.2271  0.0000  -0.0007  0.0007  0.0000
0.2321  0.0000  -0.0007  0.0007  0.0000
0.2371  0.0000  -0.0007  0.0007  0.0000
0.2422  0.0000  -0.0007  0.0007  0.0000
0.2476  0.0000  -0.0007  0.0007  0.0000
0.2529  0.0000  -0.0007  0.0007  0.0000
0.2582  0.0000  -0.0007  0.0007  0.0000
0.2650  0.0000  -0.0006  0.0006  0.0000
0.2697  0.0000  -0.0007  0.0007  0.0000
0.2750  0.0000  -0.0007  0.0007  0.0000
0.2801  0.0000  -0.0006  0.0006  0.0000
0.2853  0.0000  -0.0007  0.0007  0.0000
0.2905  0.0000  -0.0007  0.0007  0.0000
0.2957  0.0000  -0.0007  0.0007  0.0000
0.3011  0.0000  -0.0007  0.0007  0.0000
0.3065  0.0000  -0.0006  0.0006  0.0000
0.3117  0.0000  -0.0007  0.0007  0.0000
0.3170  0.0000  -0.0007  0.0007  0.0000
0.3222  0.0000  -0.0006  0.0006  0.0000
0.3277  0.0000  -0.0006  0.0006  0.0000
0.3330  0.0000  -0.0006  0.0006  0.0000
0.3383  0.0000  -0.0006  0.0006  0.0000
0.3436  0.0000  -0.0007  0.0007  0.0000
0.3489  0.0000  -0.0007  0.0007  0.0000
0.3543  0.0000  -0.0007  0.0007  0.0000
0.3596  0.0000  -0.0005  0.0005  0.0000
0.3648  0.0000  -0.0006  0.0006  0.0000
0.3699  0.0000  -0.0005  0.0005  0.0000
0.3750  0.0000  -0.0006  0.0006  0.0000
0.3801  0.0000  -0.0006  0.0006  0.0000
0.3852  0.0000  -0.0006  0.0006  0.0000
0.3895  0.0000  -0.0006  0.0006  0.0000
0.3945  0.0000  -0.0006  0.0006  0.0000
0.4007  0.0000  -0.0006  0.0006  0.0000
0.4094  0.0000  -0.0006  0.0006  0.0000
0.4158  0.0000  -0.0006  0.0006  0.0000
0.4215  0.0000  -0.0006  0.0006  0.0000
0.4272  0.0000  -0.0006  0.0006  0.0000
0.4323  0.0000  -0.0006  0.0006  0.0000
0.4375  0.0000  -0.0006  0.0006  0.0000
0.4427  0.0000  -0.0006  0.0006  0.0000
0.4479  0.0000  -0.0006  0.0006  0.0000
0.4530  0.0000  -0.0006  0.0006  0.0000
0.4581  0.0000  -0.0006  0.0006  0.0000
0.4634  0.0000  -0.0006  0.0006  0.0000
0.4686  0.0000  -0.0006  0.0006  0.0000
0.4740  0.0000  -0.0006  0.0006  0.0000
0.4793  0.0000  -0.0006  0.0006  0.0000
0.4847  0.0000  -0.0006  0.0006  0.0000
0.4900  0.0000  -0.0006  0.0006  0.0000
0.4960  0.0000  -0.0006  0.0006  0.0000
0.5012  0.0000  -0.0006  0.0006  0.0000
0.5068  0.0000  -0.0006  0.0006  0.0000
0.5126  0.0000  -0.0006  0.0006  0.0000
0.5273  0.0000  -0.0006  0.0006  0.0000
0.5331  0.0000  -0.0005  0.0005  0.0000
0.5385  0.0000  -0.0005  0.0005  0.0000
0.5439  0.0000  -0.0006  0.0006  0.0000
0.5497  0.0000  -0.0006  0.0006  0.0000
0.5555  0.0000  -0.0006  0.0006  0.0000
0.5611  0.0000  -0.0006  0.0006  0.0000
0.5671  0.0000  -0.0005  0.0005  0.0000
0.5727  0.0000  -0.0006  0.0006  0.0000
0.5781  0.0000  -0.0005  0.0005  0.0000
0.5837  0.0000  -0.0005  0.0005  0.0000
0.5894  0.0000  -0.0006  0.0006  0.0000
0.5950  0.0000  -0.0006  0.0006  0.0000
0.6006  0.0000  -0.0006  0.0006  0.0000
0.6065  0.0000  -0.0006  0.0006  0.0000
0.6121  0.0000  -0.0006  0.0006  0.0000
0.6177  0.0000  -0.0006  0.0006  0.0000
0.6232  0.0000  -0.0006  0.0006  0.0000
0.6281  0.0000  -0.0006  0.0006  0.0000
0.6336  0.0000  -0.0006  0.0006  0.0000
0.6392  0.0000  -0.0006  0.0006  0.0000
0.6449  0.0000  -0.0006  0.0006  0.0000
0.6506  0.0000  -0.0006  0.0006  0.0000
0.6562  0.0000  -0.0006  0.0006  0.0000
0.6620  0.0000  -0.0006  0.0006  0.0000
0.6692  0.0000  -0.0006  0.0006  0.0000
0.6760  0.0000  -0.0006  0.0006  0.0000
0.6819  0.0000  -0.0006  0.0006  0.0000
0.6882  0.0000  -0.0006  0.0006  0.0000
0.6936  0.0000  -0.0006  0.0006  0.0000
0.6995  0.0000  -0.0006  0.0006  0.0000
0.7054  0.0000  -0.0006  0.0006  0.0000
0.7109  0.0000  -0.0006  0.0006  0.0000
0.7171  0.0000  -0.0006  0.0006  0.0000
0.7233  0.0000  -0.0006  0.0006  0.0000
0.7302  0.0000  -0.0006  0.0006  0.0000
0.7361  0.0000  -0.0006  0.0006  0.0000
0.7415  0.0000  -0.0006  0.0006  0.0000
0.7473  0.0000  -0.0006  0.0006  0.0000
0.7528  0.0000  -0.0006  0.0006  0.0000
0.7582  0.0000  -0.0006  0.0006  0.0000
0.7638  0.0000  -0.0006  0.0006  0.0000
0.7696  0.0000  -0.0006  0.0006  0.0000
0.7755  0.0000  -0.0006  0.0006  0.0000
0.7813  0.0000  -0.0006  0.0006  0.0000
0.7875  0.0000  -0.0006  0.0006  0.0000
0.7933  0.0000  -0.0006  0.0006  0.0000
0.7991  0.0000  -0.0006  0.0006  0.0000
0.8049  0.0000  -0.0006  0.0006  0.0000
0.8106  0.0000  -0.0006  0.0006  0.0000
0.8164  0.0000  -0.0005  0.0005  0.0000
0.8224  0.0000  -0.0006  0.0006  0.0000
0.8282  0.0000  -0.0006  0.0006  0.0000
0.8340  0.0000  -0.0005  0.0005  0.0000
0.8396  0.0000  -0.0006  0.0006  0.0000
0.8459  0.0000  -0.0006  0.0006  0.0000
0.8516  0.0000  -0.0005  0.0005  0.0000
0.8562  0.0000  -0.0005  0.0005  0.0000
0.8622  0.0000  -0.0005  0.0005  0.0000
0.8685  0.0000  -0.0005  0.0005  0.0000
0.8744  0.0000  -0.0005  0.0005  0.0000
0.8801  0.0000  -0.0005  0.0005  0.0000
0.8849  0.0000  -0.0005  0.0005  0.0000
0.8906  0.0000  -0.0005  0.0005  0.0000
0.8964  0.0000  -0.0005  0.0005  0.0000
0.9023  0.0000  -0.0005  0.0005  0.0000
0.9098  0.0000  -0.0005  0.0005  0.0000
0.9155  0.0000  -0.0005  0.0005  0.0000
0.9205  0.0000  -0.0005  0.0005  0.0000
0.9271  0.0000  -0.0005  0.0005  0.0000
0.9330  0.0000  -0.0005  0.0005  0.0000
0.9391  0.0000  -0.0005  0.0005  0.0000
0.9461  0.0000  -0.0005  0.0005  0.0000
0.9515  0.0000  -0.0005  0.0005  0.0000
0.9570  0.0000  -0.0005  0.0005  0.0000
0.9626  0.0000  -0.0005  0.0005  0.0000
0.9681  0.0000  -0.0005  0.0005  0.0000
0.9740  0.0000  -0.0005  0.0005  0.0000
0.9797  0.0000  -0.0005  0.0005  0.0000
0.9861  0.0000  -0.0005  0.0005  0.0000
0.9916  0.0000  -0.0005  0.0005  0.0000
0.9975  0.0000  -0.0005  0.0005  0.0000
1.0037  0.0000  -0.0005  0.0005  0.0000
1.0103  0.0000  -0.0005  0.0005  0.0000
1.0160  0.0000  -0.0005  0.0005  0.0000
1.0316  0.0000  -0.0005  0.0005  0.0000
1.0374  0.0000  -0.0005  0.0005  0.0000
1.0433  0.0000  -0.0005  0.0005  0.0000
1.0494  0.0000  -0.0005  0.0005  0.0000
1.0553  0.0000  -0.0005  0.0005  0.0000
1.0612  0.0000  -0.0005  0.0005  0.0000
1.0676  0.0000  -0.0005  0.0005  0.0000
1.0730  0.0000  -0.0005  0.0005  0.0000
1.0783  0.0000  -0.0005  0.0005  0.0000
1.0839  0.0000  -0.0005  0.0005  0.0000
1.0895  0.0000  -0.0005  0.0005  0.0000
1.0951  0.0000  -0.0005  0.0005  0.0000
1.1005  0.0000  -0.0005  0.0005  0.0000
1.1070  0.0000  -0.0005  0.0005  0.0000
1.1125  0.0000  -0.0005  0.0005  0.0000
1.1180  0.0000  -0.0005  0.0005  0.0000
1.1235  0.0000  -0.0005  0.0005  0.0000
1.1290  0.0000  -0.0005  0.0005  0.0000
1.1345  0.0000  -0.0005  0.0005  0.0000
1.1399  0.0000  -0.0005  0.0005  0.0000
1.1453  0.0000  -0.0005  0.0005  0.0000
1.1508  0.0000  -0.0004  0.0004  0.0000
1.1565  0.0000  -0.0004  0.0004  0.0000
1.1619  0.0000  -0.0004  0.0004  0.0000
1.1680  0.0000  -0.0004  0.0004  0.0000
1.1742  0.0000  -0.0004  0.0004  0.0000
1.1799  0.0000  -0.0004  0.0004  0.0000
1.1859  0.0000  -0.0004  0.0004  0.0000
1.1914  0.0000  -0.0004  0.0004  0.0000
1.1975  0.0000  -0.0004  0.0004  0.0000
1.2034  0.0000  -0.0004  0.0004  0.0000
1.2108  0.0000  -0.0004  0.0004  0.0000
1.2198  0.0000  -0.0004  0.0004  0.0000
1.2257  0.0000  -0.0005  0.0005  0.0000
1.2307  0.0000  -0.0005  0.0005  0.0000
1.2362  0.0000  -0.0005  0.0005  0.0000
1.2414  0.0000  -0.0005  0.0005  0.0000
1.2466  0.0000  -0.0005  0.0005  0.0000
1.2518  0.0000  -0.0004  0.0004  0.0000
1.2569  0.0000  -0.0004  0.0004  0.0000
1.2621  0.0000  -0.0005  0.0005  0.0000
1.2677  0.0000  -0.0004  0.0004  0.0000
1.2728  0.0000  -0.0004  0.0004  0.0000
1.2783  0.0000  -0.0005  0.0005  0.0000
1.2835  0.0000  -0.0005  0.0005  0.0000
1.2887  0.0000  -0.0005  0.0005  0.0000
1.2940  0.0000  -0.0005  0.0005  0.0000
1.2993  0.0000  -0.0005  0.0005  0.0000
1.3046  0.0000  -0.0005  0.0005  0.0000
1.3100  0.0000  -0.0005  0.0005  0.0000
1.3156  0.0000  -0.0005  0.0005  0.0000
1.3209  0.0000  -0.0005  0.0005  0.0000
1.3267  0.0000  -0.0004  0.0004  0.0000
1.3316  0.0000  -0.0004  0.0004  0.0000
1.3366  0.0000  -0.0004  0.0004  0.0000
1.3416  0.0000  -0.0004  0.0004  0.0000
1.3474  0.0000  -0.0004  0.0004  0.0000
1.3524  0.0000  -0.0004  0.0004  0.0000
1.3574  0.0000  -0.0004  0.0004  0.0000
1.3625  0.0000  -0.0004  0.0004  0.0000
1.3676  0.0000  -0.0004  0.0004  0.0000
1.3726  0.0000  -0.0004  0.0004  0.0000
1.3776  0.0000  -0.0004  0.0004  0.0000
1.3827  0.0000  -0.0004  0.0004  0.0000
1.3878  0.0000  -0.0004  0.0004  0.0000
1.3930  0.0000  -0.0004  0.0004  0.0000
1.3980  0.0000  -0.0004  0.0004  0.0000
1.4030  0.0000  -0.0004  0.0004  0.0000
1.4097  0.0000  -0.0004  0.0004  0.0000
1.4151  0.0000  -0.0004  0.0004  0.0000
1.4203  0.0000  -0.0004  0.0004  0.0000
1.4261  0.0000  -0.0004  0.0004  0.0000
1.4319  0.0000  -0.0005  0.0005  0.0000
1.4379  0.0000  -0.0004  0.0004  0.0000
1.4446  0.0000  -0.0004  0.0004  0.0000
1.4502  0.0000  -0.0004  0.0004  0.0000
1.4552  0.0000  -0.0004  0.0004  0.0000
1.4603  0.0000  -0.0004  0.0004  0.0000
1.4662  0.0000  -0.0004  0.0004  0.0000
1.4713  0.0000  -0.0004  0.0004  0.0000
1.4765  0.0000  -0.0004  0.0004  0.0000
1.4815  0.0000  -0.0004  0.0004  0.0000
1.4866  0.0000  -0.0004  0.0004  0.0000
1.4916  0.0000  -0.0004  0.0004  0.0000
1.4966  0.0000  -0.0004  0.0004  0.0000
1.5021  0.0000  -0.0004  0.0004  0.0000
1.5075  0.0000  -0.0004  0.0004  0.0000
1.5128  0.0000  -0.0004  0.0004  0.0000
1.5179  0.0000  -0.0004  0.0004  0.0000
1.5294  0.0000  -0.0005  0.0005  0.0000
1.5375  0.0000  -0.0005  0.0005  0.0000
1.5426  0.0000  -0.0005  0.0005  0.0000
1.5478  0.0000  -0.0005  0.0005  0.0000
1.5528  0.0000  -0.0005  0.0005  0.0000
1.5578  0.0000  -0.0005  0.0005  0.0000
1.5637  0.0000  -0.0005  0.0005  0.0000
1.5687  0.0000  -0.0004  0.0004  0.0000
1.5738  0.0000  -0.0005  0.0005  0.0000
1.5788  0.0000  -0.0005  0.0005  0.0000
1.5839  0.0000  -0.0005  0.0005  0.0000
1.5910  0.0000  -0.0005  0.0005  0.0000
1.5959  0.0000  -0.0005  0.0005  0.0000
1.6009  0.0000  -0.0005  0.0005  0.0000
1.6059  0.0000  -0.0005  0.0005  0.0000
1.6110  0.0000  -0.0005  0.0005  0.0000
1.6159  0.0000  -0.0005  0.0005  0.0000
1.6209  0.0000  -0.0005  0.0005  0.0000
1.6260  0.0000  -0.0005  0.0005  0.0000
1.6311  0.0000  -0.0005  0.0005  0.0000
1.6363  0.0000  -0.0005  0.0005  0.0000
1.6413  0.0000  -0.0005  0.0005  0.0000
1.6465  0.0000  -0.0005  0.0005  0.0000
1.6515  0.0000  -0.0005  0.0005  0.0000
1.6565  0.0000  -0.0005  0.0005  0.0000
1.6609  0.0000  -0.0005  0.0005  0.0000
1.6671  0.0000  -0.0005  0.0005  0.0000
1.6715  0.0000  -0.0005  0.0005  0.0000
1.6768  0.0000  -0.0005  0.0005  0.0000
1.6820  0.0000  -0.0005  0.0005  0.0000
1.6879  0.0000  -0.0005  0.0005  0.0000
1.6929  0.0000  -0.0005  0.0005  0.0000
1.6979  0.0000  -0.0005  0.0005  0.0000
1.7029  0.0000  -0.0005  0.0005  0.0000
1.7075  0.0000  -0.0005  0.0005  0.0000
1.7126  0.0000  -0.0005  0.0005  0.0000
1.7177  0.0000  -0.0005  0.0005  0.0000
1.7232  0.0000  -0.0005  0.0005  0.0000
1.7291  0.0000  -0.0005  0.0005  0.0000
1.7343  0.0000  -0.0005  0.0005  0.0000
1.7393  0.0000  -0.0005  0.0005  0.0000
1.7444  0.0000  -0.0005  0.0005  0.0000
1.7494  0.0000  -0.0005  0.0005  0.0000
1.7546  0.0000  -0.0005  0.0005  0.0000
1.7596  0.0000  -0.0005  0.0005  0.0000
1.7647  0.0000  -0.0005  0.0005  0.0000
1.7698  0.0000  -0.0005  0.0005  0.0000
1.7750  0.0000  -0.0005  0.0005  0.0000
1.7799  0.0000  -0.0005  0.0005  0.0000
1.7849  0.0000  -0.0006  0.0006  0.0000
1.7900  0.0000  -0.0005  0.0005  0.0000
1.7950  0.0000  -0.0006  0.0006  0.0000
1.8000  0.0000  -0.0006  0.0006  0.0000
1.8052  0.0000  -0.0006  0.0006  0.0000
1.8102  0.0000  -0.0005  0.0005  0.0000
1.8155  0.0000  -0.0006  0.0006  0.0000
1.8205  0.0000  -0.0006  0.0006  0.0000
1.8260  0.0000  -0.0006  0.0006  0.0000
1.8310  0.0000  -0.0006  0.0006  0.0000
1.8360  0.0000  -0.0006  0.0006  0.0000
1.8410  0.0000  -0.0006  0.0006  0.0000
1.8461  0.0000  -0.0006  0.0006  0.0000
1.8512  0.0000  -0.0005  0.0005  0.0000
1.8561  0.0000  -0.0005  0.0005  0.0000
1.8611  0.0000  -0.0005  0.0005  0.0000
1.8665  0.0000  -0.0005  0.0005  0.0000
1.8715  0.0000  -0.0005  0.0005  0.0000
1.8766  0.0000  -0.0005  0.0005  0.0000
1.8816  0.0000  -0.0005  0.0005  0.0000
1.8867  0.0000  -0.0005  0.0005  0.0000
1.8918  0.0000  -0.0005  0.0005  0.0000
1.8968  0.0000  -0.0005  0.0005  0.0000
1.9020  0.0000  -0.0005  0.0005  0.0000
1.9073  0.0000  -0.0005  0.0005  0.0000
1.9138  0.0000  -0.0005  0.0005  0.0000
1.9203  0.0000  -0.0005  0.0005  0.0000
1.9265  0.0000  -0.0005  0.0005  0.0000
1.9339  0.0000  -0.0005  0.0005  0.0000
1.9400  0.0000  -0.0005  0.0005  0.0000
1.9472  0.0000  -0.0005  0.0005  0.0000
1.9533  0.0000  -0.0005  0.0005  0.0000
1.9592  0.0000  -0.0005  0.0005  0.0000
1.9651  0.0000  -0.0005  0.0005  0.0000
1.9715  0.0000  -0.0005  0.0005  0.0000
1.9775  0.0000  -0.0005  0.0005  0.0000
1.9835  0.0000  -0.0005  0.0005  0.0000
1.9897  0.0000  -0.0005  0.0005  0.0000
1.9960  0.0000  -0.0005  0.0005  0.0000
2.0028  0.0000  -0.0005  0.0005  0.0000
2.0089  0.0000  -0.0004  0.0004  0.0000
2.0151  0.0000  -0.0004  0.0004  0.0000
2.0209  0.0000  -0.0004  0.0004  0.0000
2.0337  0.0000  -0.0004  0.0004  0.0000
2.0431  0.0000  -0.0004  0.0004  0.0000
2.0491  0.0000  -0.0004  0.0004  0.0000
2.0548  0.0000  -0.0004  0.0004  0.0000
2.0606  0.0000  -0.0004  0.0004  0.0000
2.0653  0.0000  -0.0004  0.0004  0.0000
2.0697  0.0000  -0.0004  0.0004  0.0000
2.0754  0.0000  -0.0004  0.0004  0.0000
2.0808  0.0000  -0.0004  0.0004  0.0000
2.0862  0.0000  -0.0004  0.0004  0.0000
2.0916  0.0000  -0.0004  0.0004  0.0000
2.0971  0.0000  -0.0004  0.0004  0.0000
2.1025  0.0000  -0.0004  0.0004  0.0000
2.1081  0.0000  -0.0004  0.0004  0.0000
2.1135  0.0000  -0.0004  0.0004  0.0000
2.1188  0.0000  -0.0004  0.0004  0.0000
2.1243  0.0000  -0.0004  0.0004  0.0000
2.1297  0.0000  -0.0004  0.0004  0.0000
2.1351  0.0000  -0.0004  0.0004  0.0000
2.1405  0.0000  -0.0004  0.0004  0.0000
2.1460  0.0000  -0.0004  0.0004  0.0000
2.1515  0.0000  -0.0004  0.0004  0.0000
2.1569  0.0000  -0.0004  0.0004  0.0000
2.1626  0.0000  -0.0005  0.0005  0.0000
2.1685  0.0000  -0.0005  0.0005  0.0000
2.1799  0.0000  -0.0004  0.0004  0.0000
2.1876  0.0000  -0.0004  0.0004  0.0000
2.1933  0.0000  -0.0005  0.0005  0.0000
2.1987  0.0000  -0.0004  0.0004  0.0000
2.2046  0.0000  -0.0005  0.0005  0.0000
2.2101  0.0000  -0.0004  0.0004  0.0000
2.2159  0.0000  -0.0004  0.0004  0.0000
2.2212  0.0000  -0.0004  0.0004  0.0000
2.2265  0.0000  -0.0004  0.0004  0.0000
2.2315  0.0000  -0.0004  0.0004  0.0000
2.2371  0.0000  -0.0004  0.0004  0.0000
2.2444  0.0000  -0.0004  0.0004  0.0000
2.2526  0.0000  -0.0004  0.0004  0.0000
2.2584  0.0000  -0.0004  0.0004  0.0000
2.2647  0.0000  -0.0004  0.0004  0.0000
2.2707  0.0000  -0.0004  0.0004  0.0000
2.2760  0.0000  -0.0005  0.0005  0.0000
2.2814  0.0000  -0.0004  0.0004  0.0000
2.2870  0.0000  -0.0004  0.0004  0.0000
2.2925  0.0000  -0.0004  0.0004  0.0000
2.2978  0.0000  -0.0004  0.0004  0.0000
2.3032  0.0000  -0.0004  0.0004  0.0000
2.3083  0.0000  -0.0004  0.0004  0.0000
2.3138  0.0000  -0.0004  0.0004  0.0000
2.3192  0.0000  -0.0004  0.0004  0.0000
2.3248  0.0000  -0.0004  0.0004  0.0000
2.3301  0.0000  -0.0004  0.0004  0.0000
2.3353  0.0000  -0.0004  0.0004  0.0000
2.3405  0.0000  -0.0004  0.0004  0.0000
2.3459  0.0000  -0.0004  0.0004  0.0000
2.3512  0.0000  -0.0004  0.0004  0.0000
2.3566  0.0000  -0.0004  0.0004  0.0000
2.3619  0.0000  -0.0005  0.0005  0.0000
2.3677  0.0000  -0.0005  0.0005  0.0000
2.3733  0.0000  -0.0005  0.0005  0.0000
2.3788  0.0000  -0.0005  0.0005  0.0000
2.3849  0.0000  -0.0004  0.0004  0.0000
2.3907  0.0000  -0.0005  0.0005  0.0000
2.3963  0.0000  -0.0005  0.0005  0.0000
2.4018  0.0000  -0.0005  0.0005  0.0000
2.4074  0.0000  -0.0004  0.0004  0.0000
2.4121  0.0000  -0.0004  0.0004  0.0000
2.4177  0.0000  -0.0002  0.0002  0.0000
2.4234  0.0000  -0.0002  0.0002  0.0000
2.4295  0.0000  -0.0002  0.0002  0.0000
2.4359  0.0000  -0.0002  0.0002  0.0000
2.4406  0.0000  -0.0002  0.0002  0.0000
2.4461  0.0000  -0.0002  0.0002  0.0000
2.4516  0.0000  -0.0002  0.0002  0.0000
2.4569  0.0000  -0.0003  0.0003  0.0000
2.4623  0.0000  -0.0004  0.0004  0.0000
2.4678  0.0000  -0.0004  0.0004  0.0000
2.4731  0.0000  -0.0005  0.0005  0.0000
2.4787  0.0000  -0.0005  0.0005  0.0000
2.4842  0.0000  -0.0006  0.0006  0.0000
2.4894  0.0000  -0.0006  0.0006  0.0000
2.4954  0.0000  -0.0006  0.0006  0.0000
2.5013  0.0000  -0.0007  0.0007  0.0000
2.5076  0.0000  -0.0007  0.0007  0.0000
2.5134  0.0000  -0.0006  0.0006  0.0000
2.5189  0.0000  -0.0005  0.0005  0.0000
2.5248  0.0000  -0.0005  0.0005  0.0000
2.5387  0.0000  -0.0004  0.0004  0.0000
2.5493  0.0000  -0.0002  0.0002  0.0000
2.5538  0.0000  -0.0001  0.0001  0.0000
2.5598  0.0000  -0.0001  0.0001  0.0000
2.5658  0.0000  0.0000  -0.0000  0.0000
2.5714  0.0000  0.0000  -0.0000  0.0000
2.5767  0.0000  0.0000  -0.0000  0.0000
2.5821  0.0000  0.0000  -0.0000  0.0000
2.5875  0.0000  -0.0001  0.0001  0.0000
2.5929  0.0000  -0.0001  0.0001  0.0000
2.5984  0.0000  -0.0001  0.0001  0.0000
2.6038  0.0000  -0.0001  0.0001  0.0000
2.6097  0.0000  -0.0002  0.0002  0.0000
2.6152  0.0000  -0.0002  0.0002  0.0000
2.6207  0.0000  -0.0002  0.0002  0.0000
2.6263  0.0000  -0.0002  0.0002  0.0000
2.6330  0.0000  -0.0002  0.0002  0.0000
2.6386  0.0000  -0.0002  0.0002  0.0000
2.6447  0.0000  -0.0002  0.0002  0.0000
2.6504  0.0000  -0.0002  0.0002  0.0000
2.6560  0.0000  -0.0002  0.0002  0.0000
2.6618  0.0000  -0.0001  0.0001  0.0000
2.6691  0.0000  0.0000  -0.0000  0.0000
2.6747  0.0000  0.0000  -0.0000  0.0000
2.6801  0.0000  0.0000  -0.0000  0.0000
2.6859  0.0000  0.0000  -0.0000  0.0000
2.6911  0.0000  0.0000  -0.0000  0.0000
2.6962  0.0000  0.0000  -0.0000  0.0000
2.7013  0.0000  0.0000  -0.0000  0.0000
2.7065  0.0000  0.0000  -0.0000  0.0000
2.7116  0.0000  -0.0001  0.0001  0.0000
2.7169  0.0000  -0.0001  0.0001  0.0000
2.7225  0.0000  -0.0002  0.0002  0.0000
2.7281  0.0000  -0.0002  0.0002  0.0000
2.7336  0.0000  -0.0002  0.0002  0.0000
2.7390  0.0000  -0.0004  0.0004  0.0000
2.7444  0.0000  -0.0004  0.0004  0.0000
2.7498  0.0000  -0.0004  0.0004  0.0000
2.7550  0.0000  -0.0004  0.0004  0.0000
2.7603  0.0000  -0.0004  0.0004  0.0000
2.7658  0.0000  -0.0005  0.0005  0.0000
2.7713  0.0000  -0.0005  0.0005  0.0000
2.7767  0.0000  -0.0005  0.0005  0.0000
2.7820  0.0000  -0.0004  0.0004  0.0000
2.7874  0.0000  -0.0004  0.0004  0.0000
2.7928  0.0000  -0.0004  0.0004  0.0000
2.7990  0.0000  -0.0004  0.0004  0.0000
2.8044  0.0000  -0.0004  0.0004  0.0000
2.8100  0.0000  -0.0004  0.0004  0.0000
2.8153  0.0000  -0.0003  0.0003  0.0000
2.8206  0.0000  -0.0003  0.0003  0.0000
2.8259  0.0000  -0.0003  0.0003  0.0000
2.8320  0.0000  -0.0003  0.0003  0.0000
2.8376  0.0000  -0.0003  0.0003  0.0000
2.8431  0.0000  -0.0003  0.0003  0.0000
2.8499  0.0000  -0.0003  0.0003  0.0000
2.8552  0.0000  -0.0003  0.0003  0.0000
2.8605  0.0000  -0.0003  0.0003  0.0000
2.8660  0.0000  -0.0003  0.0003  0.0000
2.8714  0.0000  -0.0003  0.0003  0.0000
2.8766  0.0000  -0.0003  0.0003  0.0000
2.8818  0.0000  -0.0003  0.0003  0.0000
2.8872  0.0000  -0.0003  0.0003  0.0000
2.8924  0.0000  -0.0003  0.0003  0.0000
2.8977  0.0000  -0.0003  0.0003  0.0000
2.9030  0.0000  -0.0003  0.0003  0.0000
2.9086  0.0000  -0.0003  0.0003  0.0000
2.9138  0.0000  -0.0003  0.0003  0.0000
2.9195  0.0000  -0.0003  0.0003  0.0000
2.9254  0.0000  -0.0002  0.0002  0.0000
2.9309  0.0000  -0.0002  0.0002  0.0000
2.9378  0.0000  -0.0002  0.0002  0.0000
2.9445  0.0000  -0.0002  0.0002  0.0000
2.9505  0.0000  -0.0002  0.0002  0.0000
2.9560  0.0000  -0.0002  0.0002  0.0000
2.9614  0.0000  -0.0002  0.0002  0.0000
2.9669  0.0000  -0.0002  0.0002  0.0000
2.9722  0.0000  -0.0002  0.0002  0.0000
2.9776  0.0000  -0.0002  0.0002  0.0000
2.9830  0.0000  -0.0002  0.0002  0.0000
2.9883  0.0000  -0.0002  0.0002  0.0000
2.9937  0.0000  -0.0002  0.0002  0.0000
2.9990  0.0000  -0.0002  0.0002  0.0000
3.0044  0.0000  -0.0001  0.0001  0.0000
3.0102  0.0000  -0.0001  0.0001  0.0000
3.0159  0.0000  -0.0001  0.0001  0.0000
3.0217  0.0000  -0.0001  0.0001  0.0000
3.0274  0.0000  -0.0002  0.0002  0.0000
3.0397  0.0000  -0.0001  0.0001  0.0000
3.0498  0.0000  -0.0001  0.0001  0.0000
3.0552  0.0000  -0.0001  0.0001  0.0000
3.0606  0.0000  -0.0002  0.0002  0.0000
3.0661  0.0000  -0.0002  0.0002  0.0000
3.0716  0.0000  -0.0002  0.0002  0.0000
3.0771  0.0000  -0.0002  0.0002  0.0000
3.0826  0.0000  -0.0002  0.0002  0.0000
3.0881  0.0000  -0.0002  0.0002  0.0000
3.0934  0.0000  -0.0002  0.0002  0.0000
3.0987  0.0000  -0.0002  0.0002  0.0000
3.1042  0.0000  -0.0001  0.0001  0.0000
3.1096  0.0000  -0.0001  0.0001  0.0000
3.1149  0.0000  -0.0001  0.0001  0.0000
3.1204  0.0000  -0.0001  0.0001  0.0000
3.1258  0.0000  -0.0001  0.0001  0.0000
3.1312  0.0000  -0.0001  0.0001  0.0000
3.1364  0.0000  -0.0001  0.0001  0.0000
3.1419  0.0000  -0.0001  0.0001  0.0000
3.1473  0.0000  -0.0001  0.0001  0.0000
3.1527  0.0000  -0.0001  0.0001  0.0000
3.1581  0.0000  -0.0001  0.0001  0.0000
3.1634  0.0000  -0.0001  0.0001  0.0000
3.1691  0.0000  -0.0001  0.0001  0.0000
3.1749  0.0000  -0.0002  0.0002  0.0000
3.1807  0.0000  -0.0002  0.0002  0.0000
3.1875  0.0000  -0.0002  0.0002  0.0000
3.1929  0.0000  -0.0002  0.0002  0.0000
3.1990  0.0000  -0.0002  0.0002  0.0000
3.2054  0.0000  -0.0001  0.0001  0.0000
3.2113  0.0000  -0.0001  0.0001  0.0000
3.2172  0.0000  -0.0001  0.0001  0.0000
3.2231  0.0000  -0.0001  0.0001  0.0000
3.2304  0.0000  -0.0001  0.0001  0.0000
3.2372  0.0000  -0.0001  0.0001  0.0000
3.2431  0.0000  -0.0001  0.0001  0.0000
3.2492  0.0000  -0.0001  0.0001  0.0000
3.2551  0.0000  -0.0001  0.0001  0.0000
3.2611  0.0000  -0.0001  0.0001  0.0000
3.2679  0.0000  -0.0001  0.0001  0.0000
3.2738  0.0000  -0.0001  0.0001  0.0000
3.2797  0.0000  -0.0001  0.0001  0.0000
3.2856  0.0000  -0.0001  0.0001  0.0000
3.2935  0.0000  -0.0001  0.0001  0.0000
3.2993  0.0000  -0.0001  0.0001  0.0000
3.3054  0.0000  -0.0001  0.0001  0.0000
3.3161  0.0000  -0.0001  0.0001  0.0000
3.3224  0.0000  -0.0001  0.0001  0.0000
3.3286  0.0000  -0.0001  0.0001  0.0000
3.3348  0.0000  -0.0001  0.0001  0.0000
3.3407  0.0000  -0.0001  0.0001  0.0000
3.3458  0.0000  -0.0001  0.0001  0.0000
3.3508  0.0000  -0.0001  0.0001  0.0000
3.3557  0.0000  -0.0001  0.0001  0.0000
3.3606  0.0000  -0.0001  0.0001  0.0000
3.3658  0.0000  -0.0001  0.0001  0.0000
3.3708  0.0000  -0.0001  0.0001  0.0000
3.3758  0.0000  -0.0001  0.0001  0.0000
3.3806  0.0000  -0.0001  0.0001  0.0000
3.3858  0.0000  -0.0001  0.0001  0.0000
3.3909  0.0000  -0.0001  0.0001  0.0000
3.3958  0.0000  -0.0001  0.0001  0.0000
3.4008  0.0000  -0.0001  0.0001  0.0000
3.4060  0.0000  -0.0001  0.0001  0.0000
3.4112  0.0000  -0.0001  0.0001  0.0000
3.4161  0.0000  -0.0001  0.0001  0.0000
3.4215  0.0000  -0.0001  0.0001  0.0000
3.4279  0.0000  -0.0001  0.0001  0.0000
3.4340  0.0000  -0.0001  0.0001  0.0000
3.4403  0.0000  -0.0001  0.0001  0.0000
3.4464  0.0000  -0.0001  0.0001  0.0000
3.4516  0.0000  -0.0001  0.0001  0.0000
3.4568  0.0000  -0.0001  0.0001  0.0000
3.4619  0.0000  -0.0001  0.0001  0.0000
3.4678  0.0000  -0.0001  0.0001  0.0000
3.4723  0.0000  -0.0001  0.0001  0.0000
3.4779  0.0000  -0.0001  0.0001  0.0000
3.4835  0.0000  -0.0001  0.0001  0.0000
3.4893  0.0000  -0.0001  0.0001  0.0000
3.4947  0.0000  -0.0001  0.0001  0.0000
3.5001  0.0000  -0.0001  0.0001  0.0000
3.5054  0.0000  -0.0001  0.0001  0.0000
3.5112  0.0000  -0.0001  0.0001  0.0000
3.5167  0.0000  -0.0001  0.0001  0.0000
3.5219  0.0000  0.0000  -0.0000  0.0000
3.5271  0.0000  0.0000  -0.0000  0.0000
3.5325  0.0000  -0.0001  0.0001  0.0000
3.5446  0.0000  -0.0001  0.0001  0.0000
3.5533  0.0000  -0.0001  0.0001  0.0000
3.5587  0.0000  -0.0001  0.0001  0.0000
3.5646  0.0000  -0.0001  0.0001  0.0000
3.5702  0.0000  -0.0001  0.0001  0.0000
3.5758  0.0000  -0.0001  0.0001  0.0000
3.5820  0.0000  -0.0001  0.0001  0.0000
3.5879  0.0000  -0.0001  0.0001  0.0000
3.5937  0.0000  -0.0001  0.0001  0.0000
3.5997  0.0000  -0.0001  0.0001  0.0000
3.6055  0.0000  -0.0001  0.0001  0.0000
3.6114  0.0000  -0.0001  0.0001  0.0000
3.6171  0.0000  -0.0001  0.0001  0.0000
3.6229  0.0000  -0.0001  0.0001  0.0000
3.6285  0.0000  -0.0001  0.0001  0.0000
3.6340  0.0000  -0.0001  0.0001  0.0000
3.6396  0.0000  -0.0001  0.0001  0.0000
3.6451  0.0000  -0.0001  0.0001  0.0000
3.6504  0.0000  -0.0001  0.0001  0.0000
3.6558  0.0000  -0.0001  0.0001  0.0000
3.6613  0.0000  -0.0001  0.0001  0.0000
3.6669  0.0000  -0.0001  0.0001  0.0000
3.6727  0.0000  -0.0001  0.0001  0.0000
3.6791  0.0000  -0.0002  0.0002  0.0000
3.6851  0.0000  -0.0002  0.0002  0.0000
3.6915  0.0000  -0.0001  0.0001  0.0000
3.6980  0.0000  -0.0002  0.0002  0.0000
3.7030  0.0000  -0.0002  0.0002  0.0000
3.7088  0.0000  -0.0002  0.0002  0.0000
3.7147  0.0000  -0.0002  0.0002  0.0000
3.7204  0.0000  -0.0002  0.0002  0.0000
3.7266  0.0000  -0.0002  0.0002  0.0000
3.7327  0.0000  -0.0002  0.0002  0.0000
3.7384  0.0000  -0.0002  0.0002  0.0000
3.7443  0.0000  -0.0002  0.0002  0.0000
3.7500  0.0000  -0.0002  0.0002  0.0000
3.7556  0.0000  -0.0002  0.0002  0.0000
3.7610  0.0000  -0.0002  0.0002  0.0000
3.7663  0.0000  -0.0002  0.0002  0.0000
3.7716  0.0000  -0.0002  0.0002  0.0000
3.7769  0.0000  -0.0002  0.0002  0.0000
3.7823  0.0000  -0.0002  0.0002  0.0000
3.7876  0.0000  -0.0002  0.0002  0.0000
3.7930  0.0000  -0.0002  0.0002  0.0000
3.7984  0.0000  -0.0002  0.0002  0.0000
3.8044  0.0000  -0.0002  0.0002  0.0000
3.8099  0.0000  -0.0002  0.0002  0.0000
3.8159  0.0000  -0.0002  0.0002  0.0000
3.8217  0.0000  -0.0002  0.0002  0.0000
3.8274  0.0000  -0.0001  0.0001  0.0000
3.8330  0.0000  -0.0002  0.0002  0.0000
3.8387  0.0000  -0.0002  0.0002  0.0000
3.8446  0.0000  -0.0002  0.0002  0.0000
3.8503  0.0000  -0.0002  0.0002  0.0000
3.8560  0.0000  -0.0002  0.0002  0.0000
3.8616  0.0000  -0.0001  0.0001  0.0000
3.8684  0.0000  -0.0001  0.0001  0.0000
3.8742  0.0000  -0.0001  0.0001  0.0000
3.8798  0.0000  -0.0001  0.0001  0.0000
3.8854  0.0000  -0.0001  0.0001  0.0000
3.8911  0.0000  -0.0001  0.0001  0.0000
3.8968  0.0000  -0.0001  0.0001  0.0000
3.9024  0.0000  -0.0001  0.0001  0.0000
3.9080  0.0000  -0.0001  0.0001  0.0000
3.9136  0.0000  -0.0001  0.0001  0.0000
3.9191  0.0000  -0.0001  0.0001  0.0000
3.9247  0.0000  -0.0001  0.0001  0.0000
3.9308  0.0000  -0.0001  0.0001  0.0000
3.9371  0.0000  -0.0001  0.0001  0.0000
3.9431  0.0000  -0.0001  0.0001  0.0000
3.9493  0.0000  -0.0001  0.0001  0.0000
3.9564  0.0000  -0.0001  0.0001  0.0000
3.9637  0.0000  -0.0001  0.0001  0.0000
3.9701  0.0000  -0.0001  0.0001  0.0000
3.9764  0.0000  -0.0001  0.0001  0.0000
3.9827  0.0000  -0.0001  0.0001  0.0000
3.9897  0.0000  -0.0001  0.0001  0.0000
3.9955  0.0000  -0.0001  0.0001  0.0000
4.0012  0.0000  -0.0001  0.0001  0.0000
4.0071  0.0000  -0.0001  0.0001  0.0000
4.0134  0.0000  -0.0001  0.0001  0.0000
4.0192  0.0000  -0.0001  0.0001  0.0000
4.0248  0.0000  -0.0001  0.0001  0.0000
4.0303  0.0000  -0.0001  0.0001  0.0000
4.0358  0.0000  -0.0001  0.0001  0.0000
4.0483  0.0000  -0.0001  0.0001  0.0000
4.0577  0.0000  -0.0001  0.0001  0.0000
4.0636  0.0000  -0.0001  0.0001  0.0000
4.0697  0.0000  -0.0001  0.0001  0.0000
4.0754  0.0000  -0.0001  0.0001  0.0000
4.0816  0.0000  -0.0001  0.0001  0.0000
4.0882  0.0000  -0.0001  0.0001  0.0000
4.0940  0.0000  -0.0001  0.0001  0.0000
4.0997  0.0000  -0.0001  0.0001  0.0000
4.1054  0.0000  -0.0001  0.0001  0.0000
4.1115  0.0000  -0.0001  0.0001  0.0000
4.1175  0.0000  -0.0001  0.0001  0.0000
4.1231  0.0000  -0.0001  0.0001  0.0000
4.1279  0.0000  -0.0001  0.0001  0.0000
4.1337  0.0000  -0.0001  0.0001  0.0000
4.1395  0.0000  -0.0001  0.0001  0.0000
4.1442  0.0000  -0.0001  0.0001  0.0000
4.1496  0.0000  -0.0001  0.0001  0.0000
4.1551  0.0000  -0.0001  0.0001  0.0000
4.1604  0.0000  -0.0001  0.0001  0.0000
4.1660  0.0000  -0.0001  0.0001  0.0000
4.1713  0.0000  -0.0001  0.0001  0.0000
4.1766  0.0000  -0.0001  0.0001  0.0000
4.1822  0.0000  -0.0001  0.0001  0.0000
4.1889  0.0000  -0.0001  0.0001  0.0000
4.1962  0.0000  -0.0001  0.0001  0.0000
4.2025  0.0000  -0.0001  0.0001  0.0000
4.2095  0.0000  -0.0001  0.0001  0.0000
4.2153  0.0000  -0.0001  0.0001  0.0000
4.2211  0.0000  -0.0001  0.0001  0.0000
4.2267  0.0000  -0.0001  0.0001  0.0000
4.2324  0.0000  -0.0001  0.0001  0.0000
4.2379  0.0000  -0.0001  0.0001  0.0000
4.2438  0.0000  -0.0001  0.0001  0.0000
4.2494  0.0000  -0.0001  0.0001  0.0000
4.2550  0.0000  -0.0001  0.0001  0.0000
4.2606  0.0000  -0.0001  0.0001  0.0000
4.2668  0.0000  -0.0001  0.0001  0.0000
4.2724  0.0000  -0.0001  0.0001  0.0000
4.2780  0.0000  -0.0001  0.0001  0.0000
4.2835  0.0000  -0.0001  0.0001  0.0000
4.2894  0.0000  -0.0001  0.0001  0.0000
4.2950  0.0000  -0.0001  0.0001  0.0000
4.3005  0.0000  -0.0001  0.0001  0.0000
4.3063  0.0000  -0.0001  0.0001  0.0000
4.3120  0.0000  -0.0001  0.0001  0.0000
4.3177  0.0000  -0.0001  0.0001  0.0000
4.3230  0.0000  -0.0001  0.0001  0.0000
4.3283  0.0000  -0.0001  0.0001  0.0000
4.3337  0.0000  -0.0001  0.0001  0.0000
4.3390  0.0000  -0.0001  0.0001  0.0000
4.3444  0.0000  -0.0001  0.0001  0.0000
4.3505  0.0000  -0.0001  0.0001  0.0000
4.3563  0.0000  -0.0001  0.0001  0.0000
4.3621  0.0000  -0.0001  0.0001  0.0000
4.3702  0.0000  -0.0001  0.0001  0.0000
4.3763  0.0000  -0.0001  0.0001  0.0000
4.3821  0.0000  -0.0001  0.0001  0.0000
4.3884  0.0000  -0.0001  0.0001  0.0000
4.3952  0.0000  -0.0001  0.0001  0.0000
4.4005  0.0000  -0.0001  0.0001  0.0000
4.4060  0.0000  -0.0001  0.0001  0.0000
4.4112  0.0000  -0.0001  0.0001  0.0000
4.4166  0.0000  -0.0001  0.0001  0.0000
4.4219  0.0000  -0.0001  0.0001  0.0000
4.4272  0.0000  -0.0001  0.0001  0.0000
4.4315  0.0000  -0.0001  0.0001  0.0000
4.4369  0.0000  -0.0001  0.0001  0.0000
4.4424  0.0000  -0.0001  0.0001  0.0000
4.4498  0.0000  -0.0001  0.0001  0.0000
4.4554  0.0000  -0.0001  0.0001  0.0000
4.4610  0.0000  -0.0001  0.0001  0.0000
4.4666  0.0000  -0.0001  0.0001  0.0000
4.4719  0.0000  -0.0001  0.0001  0.0000
4.4771  0.0000  -0.0001  0.0001  0.0000
4.4822  0.0000  -0.0000  0.0000  0.0000
4.4875  0.0000  -0.0001  0.0001  0.0000
4.4926  0.0000  -0.0001  0.0001  0.0000
4.4975  0.0000  -0.0001  0.0001  0.0000
4.5026  0.0000  -0.0001  0.0001  0.0000
4.5077  0.0000  -0.0001  0.0001  0.0000
4.5129  0.0000  -0.0001  0.0001  0.0000
4.5183  0.0000  -0.0001  0.0001  0.0000
4.5233  0.0000  -0.0001  0.0001  0.0000
4.5283  0.0000  -0.0001  0.0001  0.0000
4.5334  0.0000  -0.0001  0.0001  0.0000
4.5384  0.0000  -0.0001  0.0001  0.0000
4.5498  0.0000  -0.0001  0.0001  0.0000
4.5547  0.0000  -0.0001  0.0001  0.0000
4.5630  0.0000  -0.0001  0.0001  0.0000
4.5682  0.0000  -0.0001  0.0001  0.0000
4.5732  0.0000  -0.0000  0.0000  0.0000
4.5781  0.0000  -0.0001  0.0001  0.0000
4.5834  0.0000  -0.0001  0.0001  0.0000
4.5886  0.0000  -0.0000  0.0000  0.0000
4.5938  0.0000  -0.0000  0.0000  0.0000
4.5989  0.0000  -0.0001  0.0001  0.0000
4.6042  0.0000  -0.0001  0.0001  0.0000
4.6092  0.0000  -0.0000  0.0000  0.0000
4.6143  0.0000  -0.0000  0.0000  0.0000
4.6196  0.0000  -0.0001  0.0001  0.0000
4.6249  0.0000  -0.0001  0.0001  0.0000
4.6299  0.0000  -0.0001  0.0001  0.0000
4.6349  0.0000  -0.0000  0.0000  0.0000
4.6401  0.0000  -0.0000  0.0000  0.0000
4.6453  0.0000  -0.0000  0.0000  0.0000
4.6504  0.0000  -0.0001  0.0001  0.0000
4.6553  0.0000  -0.0000  0.0000  0.0000
4.6603  0.0000  -0.0000  0.0000  0.0000
4.6655  0.0000  -0.0001  0.0001  0.0000
4.6706  0.0000  -0.0001  0.0001  0.0000
4.6756  0.0000  -0.0000  0.0000  0.0000
4.6806  0.0000  -0.0001  0.0001  0.0000
4.6870  0.0000  -0.0000  0.0000  0.0000
4.6931  0.0000  -0.0001  0.0001  0.0000
4.6985  0.0000  -0.0001  0.0001  0.0000
4.7045  0.0000  -0.0001  0.0001  0.0000
4.7112  0.0000  -0.0001  0.0001  0.0000
4.7165  0.0000  -0.0001  0.0001  0.0000
4.7219  0.0000  -0.0000  0.0000  0.0000
4.7273  0.0000  -0.0001  0.0001  0.0000
4.7329  0.0000  -0.0001  0.0001  0.0000
4.7391  0.0000  -0.0001  0.0001  0.0000
4.7447  0.0000  -0.0000  0.0000  0.0000
4.7502  0.0000  -0.0000  0.0000  0.0000
4.7554  0.0000  -0.0001  0.0001  0.0000
4.7610  0.0000  -0.0001  0.0001  0.0000
4.7664  0.0000  -0.0000  0.0000  0.0000
4.7717  0.0000  -0.0000  0.0000  0.0000
4.7771  0.0000  -0.0001  0.0001  0.0000
4.7824  0.0000  -0.0000  0.0000  0.0000
4.7878  0.0000  -0.0000  0.0000  0.0000
4.7930  0.0000  -0.0000  0.0000  0.0000
4.7983  0.0000  -0.0000  0.0000  0.0000
4.8038  0.0000  -0.0000  0.0000  0.0000
4.8095  0.0000  -0.0000  0.0000  0.0000
4.8150  0.0000  -0.0000  0.0000  0.0000
4.8203  0.0000  -0.0000  0.0000  0.0000
4.8257  0.0000  -0.0001  0.0001  0.0000
4.8310  0.0000  -0.0000  0.0000  0.0000
4.8363  0.0000  -0.0000  0.0000  0.0000
4.8414  0.0000  -0.0000  0.0000  0.0000
4.8469  0.0000  -0.0000  0.0000  0.0000
4.8523  0.0000  -0.0000  0.0000  0.0000
4.8577  0.0000  -0.0000  0.0000  0.0000
4.8630  0.0000  -0.0000  0.0000  0.0000
4.8682  0.0000  -0.0000  0.0000  0.0000
4.8734  0.0000  -0.0001  0.0001  0.0000
4.8785  0.0000  -0.0001  0.0001  0.0000
4.8838  0.0000  -0.0001  0.0001  0.0000
4.8891  0.0000  -0.0001  0.0001  0.0000
4.8944  0.0000  -0.0001  0.0001  0.0000
4.8995  0.0000  -0.0001  0.0001  0.0000
4.9050  0.0000  -0.0001  0.0001  0.0000
4.9103  0.0000  -0.0001  0.0001  0.0000
4.9155  0.0000  -0.0001  0.0001  0.0000
4.9207  0.0000  -0.0001  0.0001  0.0000
4.9260  0.0000  -0.0001  0.0001  0.0000
4.9313  0.0000  -0.0001  0.0001  0.0000
4.9368  0.0000  -0.0001  0.0001  0.0000
4.9421  0.0000  -0.0001  0.0001  0.0000
4.9491  0.0000  -0.0001  0.0001  0.0000
4.9552  0.0000  -0.0001  0.0001  0.0000
4.9612  0.0000  -0.0001  0.0001  0.0000
4.9669  0.0000  -0.0001  0.0001  0.0000
4.9723  0.0000  -0.0001  0.0001  0.0000
4.9777  0.0000  -0.0001  0.0001  0.0000
4.9830  0.0000  -0.0001  0.0001  0.0000
4.9886  0.0000  -0.0001  0.0001  0.0000
4.9939  0.0000  -0.0001  0.0001  0.0000
4.9994  0.0000  -0.0001  0.0001  0.0000
5.0050  0.0000  -0.0001  0.0001  0.0000
5.0136  0.7854  -0.0001  0.7855  0.5000
5.0196  0.7854  -0.0001  0.7855  0.5000
5.0255  0.7854  -0.0001  0.7855  0.5000
5.0305  0.7854  -0.0001  0.7855  0.5000
5.0356  0.7854  -0.0001  0.7855  0.5000
5.0406  0.7854  0.0001  0.7853  0.5000
5.0469  0.7854  0.0010  0.7844  0.5000
5.0531  0.7854  0.0050  0.7804  0.5000
5.0582  0.7854  0.0086  0.7768  0.5000
5.0643  0.7854  0.0137  0.7717  0.5000
5.0688  0.7854  0.0207  0.7647  0.5000
5.0742  0.7854  0.0275  0.7579  0.5000
5.0792  0.7854  0.0349  0.7505  0.5000
5.0843  0.7854  0.0430  0.7424  0.5000
5.0901  0.7854  0.0517  0.7337  0.5000
5.0956  0.7854  0.0639  0.7215  0.5000
5.1017  0.7854  0.0744  0.7110  0.5000
5.1077  0.7854  0.0888  0.6966  0.5000
5.1132  0.7854  0.1040  0.6814  0.5000
5.1189  0.7854  0.1170  0.6684  0.5000
5.1253  0.7854  0.1341  0.6513  0.5000
5.1305  0.7854  0.1521  0.6333  0.5000
5.1360  0.7854  0.1671  0.6183  0.5000
5.1414  0.7854  0.1827  0.6027  0.5000
5.1468  0.7854  0.2030  0.5824  0.5000
5.1521  0.7854  0.2194  0.5660  0.5000
5.1575  0.7854  0.2365  0.5489  0.5000
5.1629  0.7854  0.2591  0.5262  0.5000
5.1686  0.7854  0.2776  0.5078  0.5000
5.1744  0.7854  0.3019  0.4835  0.5000
5.1802  0.7854  0.3223  0.4631  0.5000
5.1860  0.7854  0.3484  0.4370  0.5000
5.1929  0.7854  0.3755  0.4099  0.5000
5.1988  0.7854  0.4033  0.3821  0.5000
5.2059  0.7854  0.4322  0.3532  0.5000
5.2115  0.7854  0.4689  0.3164  0.5000
5.2178  0.7854  0.4938  0.2916  0.5000
5.2240  0.7854  0.5261  0.2593  0.5000
5.2289  0.7854  0.5585  0.2269  0.5000
5.2345  0.7854  0.5845  0.2009  0.5000
5.2400  0.7854  0.6116  0.1738  0.5000
5.2455  0.7854  0.6393  0.1461  0.5000
5.2512  0.7854  0.6742  0.1112  0.5000
5.2568  0.7854  0.7025  0.0829  0.5000
5.2623  0.7854  0.7391  0.0463  0.5000
5.2692  0.7854  0.7698  0.0156  0.5000
5.2812  0.7854  0.8154  -0.0300  -0.5000
5.2961  0.7854  0.9240  -0.1386  0.0000
5.3020  0.7854  0.9814  -0.1960  0.0000
5.3084  0.7854  1.0229  -0.2375  0.0000
5.3143  0.7854  1.0650  -0.2796  0.0000
5.3198  0.7854  1.1063  -0.3209  0.0000
5.3254  0.7854  1.1383  -0.3529  0.0000
5.3310  0.7854  1.1780  -0.3926  0.0000
5.3367  0.7854  1.2087  -0.4233  0.0000
5.3422  0.7854  1.2385  -0.4531  0.0000
5.3480  0.7854  1.2750  -0.4896  0.0000
5.3538  0.7854  1.3104  -0.5250  0.0000
5.3595  0.7854  1.3376  -0.5522  0.0000
5.3664  0.7854  1.3699  -0.5845  0.0000
5.3724  0.7854  1.4006  -0.6152  0.0000
5.3783  0.7854  1.4307  -0.6453  0.0000
5.3845  0.7854  1.4604  -0.6750  0.0000
5.3928  0.7854  1.4897  -0.7043  0.0000
5.3984  0.7854  1.5241  -0.7387  0.0000
5.4042  0.7854  1.5522  -0.7668  0.0000
5.4098  0.7854  1.5744  -0.7890  0.0000
5.4142  0.7854  1.6019  -0.8165  0.0000
5.4189  0.7854  1.6179  -0.8325  0.0000
5.4239  0.7854  1.6395  -0.8541  0.0000
5.4290  0.7854  1.6605  -0.8751  0.0000
5.4338  0.7854  1.6811  -0.8957  0.0000
5.4390  0.7854  1.7014  -0.9160  0.0000
5.4437  0.7854  1.7215  -0.9361  0.0000
5.4493  0.7854  1.7414  -0.9560  0.0000
5.4550  0.7854  1.7654  -0.9800  0.0000
5.4605  0.7854  1.7840  -0.9986  0.0000
5.4659  0.7854  1.8023  -1.0169  0.0000
5.4711  0.7854  1.8201  -1.0347  0.0000
5.4765  0.7854  1.8374  -1.0520  0.0000
5.4817  0.7854  1.8588  -1.0734  0.0000
5.4868  0.7854  1.8755  -1.0901  0.0000
5.4916  0.7854  1.8917  -1.1063  0.0000
5.4965  0.7854  1.9076  -1.1222  0.0000
5.5014  0.7854  1.9233  -1.1379  0.0000
5.5063  0.7854  1.9389  -1.1535  0.0000
5.5112  0.7854  1.9504  -1.1650  0.0000
5.5165  0.7854  1.9655  -1.1801  0.0000
5.5212  0.7854  1.9839  -1.1985  0.0000
5.5254  0.7854  1.9948  -1.2094  0.0000
5.5306  0.7854  2.0089  -1.2235  0.0000
5.5356  0.7854  2.0225  -1.2371  0.0000
5.5408  0.7854  2.0357  -1.2503  0.0000
5.5458  0.7854  2.0486  -1.2632  0.0000
5.5513  0.7854  2.0614  -1.2760  0.0000
5.5574  0.7854  2.0737  -1.2883  0.0000
5.5626  0.7854  2.0888  -1.3034  0.0000
5.5686  0.7854  2.1004  -1.3150  0.0000
5.5737  0.7854  2.1145  -1.3291  0.0000
5.5787  0.7854  2.1251  -1.3397  0.0000
5.5837  0.7854  2.1355  -1.3501  0.0000
5.5888  0.7854  2.1454  -1.3600  0.0000
5.5937  0.7854  2.1550  -1.3696  0.0000
5.5987  0.7854  2.1641  -1.3787  0.0000
5.6037  0.7854  2.1726  -1.3872  0.0000
5.6088  0.7854  2.1808  -1.3954  0.0000
5.6138  0.7854  2.1886  -1.4032  0.0000
5.6188  0.7854  2.1963  -1.4109  0.0000
5.6237  0.7854  2.2035  -1.4181  0.0000
5.6289  0.7854  2.2105  -1.4251  0.0000
5.6339  0.7854  2.2172  -1.4318  0.0000
5.6388  0.7854  2.2235  -1.4381  0.0000
5.6438  0.7854  2.2295  -1.4441  0.0000
5.6492  0.7854  2.2353  -1.4499  0.0000
5.6543  0.7854  2.2407  -1.4553  0.0000
5.6598  0.7854  2.2459  -1.4605  0.0000
5.6651  0.7854  2.2520  -1.4666  0.0000
5.6698  0.7854  2.2567  -1.4713  0.0000
5.6752  0.7854  2.2611  -1.4757  0.0000
5.6805  0.7854  2.2652  -1.4798  0.0000
5.6860  0.7854  2.2690  -1.4836  0.0000
5.6917  0.7854  2.2734  -1.4880  0.0000
5.6972  0.7854  2.2766  -1.4912  0.0000
5.7027  0.7854  2.2802  -1.4948  0.0000
5.7095  0.7854  2.2828  -1.4974  0.0000
5.7166  0.7854  2.2862  -1.5008  0.0000
5.7223  0.7854  2.2885  -1.5031  0.0000
5.7283  0.7854  2.2905  -1.5051  0.0000
5.7334  0.7854  2.2917  -1.5063  0.0000
5.7384  0.7854  2.2926  -1.5072  0.0000
5.7438  0.7854  2.2935  -1.5081  0.0000
5.7494  0.7854  2.2939  -1.5085  0.0000
5.7546  0.7854  2.2940  -1.5086  0.0000
5.7597  0.7854  2.2939  -1.5085  0.0000
5.7654  0.7854  2.2935  -1.5081  0.0000
5.7705  0.7854  2.2928  -1.5074  0.0000
5.7752  0.7854  2.2921  -1.5067  0.0000
5.7801  0.7854  2.2912  -1.5058  0.0000
5.7850  0.7854  2.2901  -1.5047  0.0000
5.7902  0.7854  2.2889  -1.5035  0.0000
5.8010  0.7854  2.2876  -1.5022  0.0000
5.8059  0.7854  2.2847  -1.4993  0.0000
5.8108  0.7854  2.2832  -1.4979  0.0000
5.8157  0.7854  2.2816  -1.4962  0.0000
5.8208  0.7854  2.2800  -1.4946  0.0000
5.8260  0.7854  2.2783  -1.4929  0.0000
5.8309  0.7854  2.2766  -1.4912  0.0000
5.8358  0.7854  2.2749  -1.4895  0.0000
5.8407  0.7854  2.2731  -1.4877  0.0000
5.8457  0.7854  2.2715  -1.4861  0.0000
5.8508  0.7854  2.2697  -1.4843  0.0000
5.8558  0.7854  2.2680  -1.4826  0.0000
5.8607  0.7854  2.2664  -1.4810  0.0000
5.8656  0.7854  2.2647  -1.4793  0.0000
5.8704  0.7854  2.2632  -1.4778  0.0000
5.8753  0.7854  2.2617  -1.4763  0.0000
5.8801  0.7854  2.2603  -1.4749  0.0000
5.8850  0.7854  2.2593  -1.4739  0.0000
5.8899  0.7854  2.2580  -1.4726  0.0000
5.8951  0.7854  2.2568  -1.4714  0.0000
5.9000  0.7854  2.2558  -1.4704  0.0000
5.9053  0.7854  2.2547  -1.4693  0.0000
5.9105  0.7854  2.2539  -1.4685  0.0000
5.9155  0.7854  2.2529  -1.4675  0.0000
5.9210  0.7854  2.2521  -1.4667  0.0000
5.9260  0.7854  2.2516  -1.4662  0.0000
5.9312  0.7854  2.2510  -1.4656  0.0000
5.9363  0.7854  2.2506  -1.4652  0.0000
5.9419  0.7854  2.2503  -1.4649  0.0000
5.9489  0.7854  2.2500  -1.4646  0.0000
5.9552  0.7854  2.2500  -1.4646  0.0000
5.9612  0.7854  2.2501  -1.4647  0.0000
5.9667  0.7854  2.2502  -1.4648  0.0000
5.9718  0.7854  2.2504  -1.4650  0.0000
5.9770  0.7854  2.2508  -1.4654  0.0000
5.9822  0.7854  2.2512  -1.4658  0.0000
5.9878  0.7854  2.2516  -1.4662  0.0000
5.9930  0.7854  2.2521  -1.4667  0.0000
5.9981  0.7854  2.2526  -1.4672  0.0000
6.0034  0.7854  2.2531  -1.4677  0.0000
6.0086  0.7854  2.2538  -1.4684  0.0000
6.0138  0.7854  2.2544  -1.4690  0.0000
6.0195  0.7854  2.2549  -1.4695  0.0000
6.0248  0.7854  2.2554  -1.4700  0.0000
6.0291  0.7854  2.2560  -1.4706  0.0000
6.0345  0.7854  2.2564  -1.4710  0.0000
6.0396  0.7854  2.2569  -1.4715  0.0000
6.0454  0.7854  2.2575  -1.4721  0.0000
6.0510  0.7854  2.2580  -1.4726  0.0000
6.0588  0.7854  2.2585  -1.4731  0.0000
6.0644  0.7854  2.2591  -1.4737  0.0000
6.0716  0.7854  2.2593  -1.4739  0.0000
6.0771  0.7854  2.2597  -1.4743  0.0000
6.0827  0.7854  2.2598  -1.4744  0.0000
6.0871  0.7854  2.2601  -1.4747  0.0000
6.0929  0.7854  2.2602  -1.4748  0.0000
6.0984  0.7854  2.2603  -1.4749  0.0000
6.1043  0.7854  2.2603  -1.4749  0.0000
6.1088  0.7854  2.2603  -1.4749  0.0000
6.1144  0.7854  2.2604  -1.4750  0.0000
6.1200  0.7854  2.2602  -1.4748  0.0000
6.1257  0.7854  2.2602  -1.4748  0.0000
6.1314  0.7854  2.2601  -1.4747  0.0000
6.1370  0.7854  2.2599  -1.4745  0.0000
6.1433  0.7854  2.2598  -1.4744  0.0000
6.1494  0.7854  2.2595  -1.4741  0.0000
6.1548  0.7854  2.2593  -1.4739  0.0000
6.1601  0.7854  2.2590  -1.4736  0.0000
6.1656  0.7854  2.2588  -1.4734  0.0000
6.1710  0.7854  2.2586  -1.4732  0.0000
6.1766  0.7854  2.2584  -1.4730  0.0000
6.1819  0.7854  2.2582  -1.4728  0.0000
6.1880  0.7854  2.2581  -1.4727  0.0000
6.1941  0.7854  2.2579  -1.4725  0.0000
6.1997  0.7854  2.2578  -1.4724  0.0000
6.2058  0.7854  2.2578  -1.4724  0.0000
6.2127  0.7854  2.2577  -1.4723  0.0000
6.2186  0.7854  2.2577  -1.4723  0.0000
6.2253  0.7854  2.2577  -1.4723  0.0000
6.2307  0.7854  2.2579  -1.4725  0.0000
6.2360  0.7854  2.2579  -1.4725  0.0000
6.2413  0.7854  2.2580  -1.4726  0.0000
6.2468  0.7854  2.2581  -1.4727  0.0000
6.2518  0.7854  2.2582  -1.4728  0.0000
6.2570  0.7854  2.2583  -1.4729  0.0000
6.2621  0.7854  2.2584  -1.4730  0.0000
6.2681  0.7854  2.2586  -1.4732  0.0000
6.2733  0.7854  2.2587  -1.4733  0.0000
6.2784  0.7854  2.2587  -1.4733  0.0000
6.2837  0.7854  2.2588  -1.4734  0.0000
6.2891  0.7854  2.2589  -1.4735  0.0000
6.2943  0.7854  2.2589  -1.4735  0.0000
6.3063  0.7854  2.2590  -1.4736  0.0000
6.3112  0.7854  2.2590  -1.4736  0.0000
6.3164  0.7854  2.2589  -1.4735  0.0000
6.3213  0.7854  2.2589  -1.4735  0.0000
6.3264  0.7854  2.2589  -1.4735  0.0000
6.3314  0.7854  2.2589  -1.4735  0.0000
6.3364  0.7854  2.2588  -1.4734  0.0000
6.3413  0.7854  2.2588  -1.4734  0.0000
6.3464  0.7854  2.2588  -1.4734  0.0000
6.3513  0.7854  2.2587  -1.4733  0.0000
6.3586  0.7854  2.2586  -1.4732  0.0000
6.3639  0.7854  2.2586  -1.4732  0.0000
6.3693  0.7854  2.2585  -1.4731  0.0000
6.3762  0.7854  2.2584  -1.4730  0.0000
6.3819  0.7854  2.2585  -1.4731  0.0000
6.3886  0.7854  2.2585  -1.4731  0.0000
6.3945  0.7854  2.2586  -1.4732  0.0000
6.3994  0.7854  2.2586  -1.4732  0.0000
6.4041  0.7854  2.2585  -1.4731  0.0000
6.4090  0.7854  2.2585  -1.4731  0.0000
6.4139  0.7854  2.2586  -1.4732  0.0000
6.4187  0.7854  2.2587  -1.4733  0.0000
6.4239  0.7854  2.2587  -1.4733  0.0000
6.4288  0.7854  2.2588  -1.4734  0.0000
6.4335  0.7854  2.2588  -1.4734  0.0000
6.4383  0.7854  2.2589  -1.4735  0.0000
6.4430  0.7854  2.2589  -1.4735  0.0000
6.4480  0.7854  2.2590  -1.4736  0.0000
6.4530  0.7854  2.2590  -1.4736  0.0000
6.4577  0.7854  2.2590  -1.4736  0.0000
6.4625  0.7854  2.2590  -1.4736  0.0000
6.4677  0.7854  2.2590  -1.4736  0.0000
6.4733  0.7854  2.2592  -1.4738  0.0000
6.4783  0.7854  2.2590  -1.4736  0.0000
6.4834  0.7854  2.2590  -1.4736  0.0000
6.4885  0.7854  2.2591  -1.4737  0.0000
6.4933  0.7854  2.2591  -1.4737  0.0000
6.4980  0.7854  2.2591  -1.4737  0.0000
6.5030  0.7854  2.2590  -1.4736  0.0000
6.5081  0.7854  2.2591  -1.4737  0.0000
6.5130  0.7854  2.2590  -1.4736  0.0000
6.5178  0.7854  2.2591  -1.4737  0.0000
6.5231  0.7854  2.2590  -1.4736  0.0000
6.5279  0.7854  2.2590  -1.4736  0.0000
6.5327  0.7854  2.2590  -1.4736  0.0000
6.5375  0.7854  2.2590  -1.4736  0.0000
6.5422  0.7854  2.2590  -1.4736  0.0000
6.5475  0.7854  2.2590  -1.4736  0.0000
6.5523  0.7854  2.2589  -1.4735  0.0000
6.5571  0.7854  2.2589  -1.4735  0.0000
6.5640  0.7854  2.2590  -1.4736  0.0000
6.5689  0.7854  2.2590  -1.4736  0.0000
6.5749  0.7854  2.2590  -1.4736  0.0000
6.5798  0.7854  2.2590  -1.4736  0.0000
6.5846  0.7854  2.2591  -1.4737  0.0000
6.5895  0.7854  2.2590  -1.4736  0.0000
6.5943  0.7854  2.2590  -1.4736  0.0000
6.5991  0.7854  2.2591  -1.4737  0.0000
6.6039  0.7854  2.2590  -1.4736  0.0000
6.6089  0.7854  2.2590  -1.4736  0.0000
6.6139  0.7854  2.2592  -1.4738  0.0000
6.6185  0.7854  2.2591  -1.4737  0.0000
6.6233  0.7854  2.2590  -1.4736  0.0000
6.6280  0.7854  2.2590  -1.4736  0.0000
6.6330  0.7854  2.2591  -1.4737  0.0000
6.6378  0.7854  2.2590  -1.4736  0.0000
6.6426  0.7854  2.2591  -1.4737  0.0000
6.6475  0.7854  2.2592  -1.4738  0.0000
6.6522  0.7854  2.2591  -1.4737  0.0000
6.6571  0.7854  2.2591  -1.4737  0.0000
6.6619  0.7854  2.2591  -1.4737  0.0000
6.6668  0.7854  2.2591  -1.4737  0.0000
6.6716  0.7854  2.2591  -1.4737  0.0000
6.6765  0.7854  2.2591  -1.4737  0.0000
6.6813  0.7854  2.2590  -1.4736  0.0000
6.6863  0.7854  2.2590  -1.4736  0.0000
6.6911  0.7854  2.2589  -1.4735  0.0000
6.6965  0.7854  2.2589  -1.4735  0.0000
6.7016  0.7854  2.2589  -1.4736  0.0000
6.7075  0.7854  2.2590  -1.4736  0.0000
6.7123  0.7854  2.2590  -1.4736  0.0000
6.7176  0.7854  2.2590  -1.4736  0.0000
6.7228  0.7854  2.2590  -1.4736  0.0000
6.7281  0.7854  2.2590  -1.4736  0.0000
6.7332  0.7854  2.2590  -1.4736  0.0000
6.7381  0.7854  2.2590  -1.4736  0.0000
6.7434  0.7854  2.2590  -1.4736  0.0000
6.7478  0.7854  2.2590  -1.4736  0.0000
6.7532  0.7854  2.2590  -1.4736  0.0000
6.7582  0.7854  2.2590  -1.4736  0.0000
6.7633  0.7854  2.2590  -1.4736  0.0000
6.7683  0.7854  2.2590  -1.4736  0.0000
6.7735  0.7854  2.2591  -1.4737  0.0000
6.7784  0.7854  2.2591  -1.4737  0.0000
6.7835  0.7854  2.2590  -1.4736  0.0000
6.7886  0.7854  2.2590  -1.4736  0.0000
6.7938  0.7854  2.2590  -1.4736  0.0000
6.7988  0.7854  2.2590  -1.4736  0.0000
6.8105  0.7854  2.2590  -1.4736  0.0000
6.8160  0.7854  2.2590  -1.4736  0.0000
6.8214  0.7854  2.2590  -1.4736  0.0000
6.8269  0.7854  2.2589  -1.4735  0.0000
6.8323  0.7854  2.2590  -1.4736  0.0000
6.8377  0.7854  2.2590  -1.4736  0.0000
6.8431  0.7854  2.2591  -1.4737  0.0000
6.8485  0.7854  2.2590  -1.4736  0.0000
6.8539  0.7854  2.2590  -1.4736  0.0000
6.8593  0.7854  2.2589  -1.4735  0.0000
6.8647  0.7854  2.2589  -1.4735  0.0000
6.8691  0.7854  2.2589  -1.4735  0.0000
6.8741  0.7854  2.2589  -1.4735  0.0000
6.8794  0.7854  2.2590  -1.4736  0.0000
6.8847  0.7854  2.2590  -1.4736  0.0000
6.8900  0.7854  2.2591  -1.4737  0.0000
6.8953  0.7854  2.2590  -1.4736  0.0000
6.9007  0.7854  2.2589  -1.4735  0.0000
6.9061  0.7854  2.2590  -1.4736  0.0000
6.9116  0.7854  2.2589  -1.4735  0.0000
6.9168  0.7854  2.2590  -1.4736  0.0000
6.9220  0.7854  2.2589  -1.4735  0.0000
6.9273  0.7854  2.2589  -1.4735  0.0000
6.9325  0.7854  2.2590  -1.4736  0.0000
6.9377  0.7854  2.2590  -1.4736  0.0000
6.9428  0.7854  2.2589  -1.4735  0.0000
6.9489  0.7854  2.2589  -1.4735  0.0000
6.9543  0.7854  2.2589  -1.4735  0.0000
6.9596  0.7854  2.2589  -1.4735  0.0000
6.9646  0.7854  2.2589  -1.4735  0.0000
6.9712  0.7854  2.2589  -1.4735  0.0000
6.9766  0.7854  2.2589  -1.4735  0.0000
6.9820  0.7854  2.2589  -1.4735  0.0000
6.9887  0.7854  2.2589  -1.4735  0.0000
6.9939  0.7854  2.2589  -1.4735  0.0000
6.9991  0.7854  2.2589  -1.4735  0.0000
7.0043  0.7854  2.2589  -1.4735  0.0000
7.0097  0.7854  2.2589  -1.4735  0.0000
7.0150  0.7854  2.2589  -1.4735  0.0000
7.0202  0.7854  2.2589  -1.4735  0.0000
7.0259  0.7854  2.2588  -1.4734  0.0000
7.0311  0.7854  2.2588  -1.4734  0.0000
7.0365  0.7854  2.2589  -1.4735  0.0000
7.0418  0.7854  2.2589  -1.4735  0.0000
7.0474  0.7854  2.2589  -1.4735  0.0000
7.0525  0.7854  2.2589  -1.4735  0.0000
7.0575  0.7854  2.2589  -1.4735  0.0000
7.0625  0.7854  2.2589  -1.4735  0.0000
7.0701  0.7854  2.2589  -1.4735  0.0000
7.0760  0.7854  2.2589  -1.4735  0.0000
7.0810  0.7854  2.2589  -1.4735  0.0000
7.0861  0.7854  2.2589  -1.4735  0.0000
7.0912  0.7854  2.2589  -1.4735  0.0000
7.0961  0.7854  2.2589  -1.4735  0.0000
7.1011  0.7854  2.2589  -1.4735  0.0000
7.1060  0.7854  2.2589  -1.4735  0.0000
7.1118  0.7854  2.2589  -1.4735  0.0000
7.1168  0.7854  2.2589  -1.4735  0.0000
7.1219  0.7854  2.2589  -1.4735  0.0000
7.1273  0.7854  2.2589  -1.4735  0.0000
7.1322  0.7854  2.2589  -1.4735  0.0000
7.1371  0.7854  2.2589  -1.4735  0.0000
7.1422  0.7854  2.2589  -1.4735  0.0000
7.1471  0.7854  2.2589  -1.4735  0.0000
7.1521  0.7854  2.2589  -1.4735  0.0000
7.1570  0.7854  2.2589  -1.4735  0.0000
7.1620  0.7854  2.2589  -1.4735  0.0000
7.1677  0.7854  2.2589  -1.4735  0.0000
7.1726  0.7854  2.2589  -1.4735  0.0000
7.1774  0.7854  2.2589  -1.4735  0.0000
7.1824  0.7854  2.2589  -1.4735  0.0000
7.1873  0.7854  2.2589  -1.4735  0.0000
7.1923  0.7854  2.2589  -1.4735  0.0000
7.1972  0.7854  2.2589  -1.4735  0.0000
7.2020  0.7854  2.2589  -1.4735  0.0000
7.2077  0.7854  2.2589  -1.4735  0.0000
7.2133  0.7854  2.2589  -1.4735  0.0000
7.2185  0.7854  2.2589  -1.4735  0.0000
7.2239  0.7854  2.2589  -1.4735  0.0000
7.2301  0.7854  2.2589  -1.4735  0.0000
7.2350  0.7854  2.2589  -1.4735  0.0000
7.2399  0.7854  2.2588  -1.4734  0.0000
7.2450  0.7854  2.2588  -1.4734  0.0000
7.2499  0.7854  2.2588  -1.4734  0.0000
7.2548  0.7854  2.2588  -1.4734  0.0000
7.2598  0.7854  2.2588  -1.4734  0.0000
7.2646  0.7854  2.2589  -1.4735  0.0000
7.2696  0.7854  2.2589  -1.4735  0.0000
7.2745  0.7854  2.2589  -1.4735  0.0000
7.2794  0.7854  2.2589  -1.4735  0.0000
7.2844  0.7854  2.2589  -1.4735  0.0000
7.2894  0.7854  2.2589  -1.4735  0.0000
7.2945  0.7854  2.2589  -1.4735  0.0000
7.3015  0.7854  2.2589  -1.4735  0.0000
7.3168  0.7854  2.2589  -1.4735  0.0000
7.3223  0.7854  2.2590  -1.4736  0.0000
7.3281  0.7854  2.2588  -1.4734  0.0000
7.3336  0.7854  2.2589  -1.4735  0.0000
7.3382  0.7854  2.2589  -1.4735  0.0000
7.3431  0.7854  2.2588  -1.4734  0.0000
7.3483  0.7854  2.2588  -1.4734  0.0000
7.3532  0.7854  2.2588  -1.4734  0.0000
7.3579  0.7854  2.2588  -1.4734  0.0000
7.3629  0.7854  2.2589  -1.4735  0.0000
7.3679  0.7854  2.2589  -1.4735  0.0000
7.3726  0.7854  2.2589  -1.4735  0.0000
7.3775  0.7854  2.2589  -1.4735  0.0000
7.3821  0.7854  2.2589  -1.4735  0.0000
7.3872  0.7854  2.2589  -1.4735  0.0000
7.3919  0.7854  2.2589  -1.4735  0.0000
7.3968  0.7854  2.2589  -1.4735  0.0000
7.4016  0.7854  2.2589  -1.4735  0.0000
7.4066  0.7854  2.2588  -1.4734  0.0000
7.4116  0.7854  2.2588  -1.4734  0.0000
7.4165  0.7854  2.2588  -1.4734  0.0000
7.4213  0.7854  2.2589  -1.4735  0.0000
7.4262  0.7854  2.2588  -1.4734  0.0000
7.4310  0.7854  2.2588  -1.4734  0.0000
7.4358  0.7854  2.2588  -1.4734  0.0000
7.4405  0.7854  2.2588  -1.4734  0.0000
7.4455  0.7854  2.2589  -1.4735  0.0000
7.4504  0.7854  2.2589  -1.4735  0.0000
7.4560  0.7854  2.2588  -1.4734  0.0000
7.4610  0.7854  2.2589  -1.4735  0.0000
7.4663  0.7854  2.2589  -1.4735  0.0000
7.4721  0.7854  2.2589  -1.4735  0.0000
7.4773  0.7854  2.2589  -1.4735  0.0000
7.4824  0.7854  2.2588  -1.4734  0.0000
7.4886  0.7854  2.2588  -1.4734  0.0000
7.4935  0.7854  2.2588  -1.4734  0.0000
7.4983  0.7854  2.2588  -1.4734  0.0000
7.5034  0.7854  2.2588  -1.4734  0.0000
7.5082  0.7854  2.2587  -1.4733  0.0000
7.5131  0.7854  2.2588  -1.4734  0.0000
7.5181  0.7854  2.2588  -1.4734  0.0000
7.5232  0.7854  2.2588  -1.4734  0.0000
7.5284  0.7854  2.2588  -1.4734  0.0000
7.5333  0.7854  2.2588  -1.4734  0.0000
7.5395  0.7854  2.2588  -1.4734  0.0000
7.5443  0.7854  2.2588  -1.4734  0.0000
7.5493  0.7854  2.2587  -1.4733  0.0000
7.5541  0.7854  2.2587  -1.4733  0.0000
7.5589  0.7854  2.2588  -1.4734  0.0000
7.5639  0.7854  2.2588  -1.4734  0.0000
7.5690  0.7854  2.2588  -1.4734  0.0000
7.5759  0.7854  2.2588  -1.4734  0.0000
7.5818  0.7854  2.2588  -1.4734  0.0000
7.5869  0.7854  2.2588  -1.4734  0.0000
7.5918  0.7854  2.2588  -1.4734  0.0000
7.5968  0.7854  2.2588  -1.4734  0.0000
7.6016  0.7854  2.2587  -1.4733  0.0000
7.6065  0.7854  2.2588  -1.4734  0.0000
7.6112  0.7854  2.2588  -1.4734  0.0000
7.6160  0.7854  2.2587  -1.4733  0.0000
7.6208  0.7854  2.2588  -1.4734  0.0000
7.6260  0.7854  2.2588  -1.4734  0.0000
7.6311  0.7854  2.2587  -1.4733  0.0000
7.6363  0.7854  2.2588  -1.4734  0.0000
7.6413  0.7854  2.2588  -1.4734  0.0000
7.6465  0.7854  2.2588  -1.4734  0.0000
7.6517  0.7854  2.2587  -1.4733  0.0000
7.6567  0.7854  2.2588  -1.4734  0.0000
7.6617  0.7854  2.2588  -1.4734  0.0000
7.6672  0.7854  2.2587  -1.4733  0.0000
7.6724  0.7854  2.2588  -1.4734  0.0000
7.6775  0.7854  2.2587  -1.4733  0.0000
7.6826  0.7854  2.2587  -1.4733  0.0000
7.6882  0.7854  2.2587  -1.4733  0.0000
7.6932  0.7854  2.2587  -1.4734  0.0000
7.6985  0.7854  2.2587  -1.4733  0.0000
7.7039  0.7854  2.2587  -1.4733  0.0000
7.7082  0.7854  2.2587  -1.4733  0.0000
7.7136  0.7854  2.2587  -1.4733  0.0000
7.7190  0.7854  2.2587  -1.4733  0.0000
7.7257  0.7854  2.2587  -1.4733  0.0000
7.7320  0.7854  2.2587  -1.4733  0.0000
7.7374  0.7854  2.2587  -1.4733  0.0000
7.7442  0.7854  2.2588  -1.4734  0.0000
7.7502  0.7854  2.2588  -1.4734  0.0000
7.7554  0.7854  2.2587  -1.4733  0.0000
7.7605  0.7854  2.2587  -1.4733  0.0000
7.7660  0.7854  2.2588  -1.4734  0.0000
7.7711  0.7854  2.2587  -1.4733  0.0000
7.7763  0.7854  2.2587  -1.4733  0.0000
7.7814  0.7854  2.2587  -1.4733  0.0000
7.7868  0.7854  2.2587  -1.4733  0.0000
7.7919  0.7854  2.2587  -1.4733  0.0000
7.7970  0.7854  2.2587  -1.4733  0.0000
7.8023  0.7854  2.2587  -1.4733  0.0000
7.8100  0.7854  2.2587  -1.4733  0.0000
7.8200  0.7854  2.2586  -1.4733  0.0000
7.8255  0.7854  2.2587  -1.4733  0.0000
7.8329  0.7854  2.2586  -1.4732  0.0000
7.8386  0.7854  2.2586  -1.4732  0.0000
7.8446  0.7854  2.2586  -1.4732  0.0000
7.8506  0.7854  2.2586  -1.4732  0.0000
7.8562  0.7854  2.2586  -1.4732  0.0000
7.8618  0.7854  2.2586  -1.4732  0.0000
7.8673  0.7854  2.2587  -1.4733  0.0000
7.8727  0.7854  2.2587  -1.4733  0.0000
7.8779  0.7854  2.2587  -1.4733  0.0000
7.8830  0.7854  2.2587  -1.4733  0.0000
7.8881  0.7854  2.2587  -1.4733  0.0000
7.8931  0.7854  2.2587  -1.4733  0.0000
7.8981  0.7854  2.2587  -1.4733  0.0000
7.9034  0.7854  2.2587  -1.4733  0.0000
7.9088  0.7854  2.2587  -1.4733  0.0000
7.9143  0.7854  2.2586  -1.4732  0.0000
7.9197  0.7854  2.2587  -1.4733  0.0000
7.9254  0.7854  2.2586  -1.4732  0.0000
7.9309  0.7854  2.2587  -1.4733  0.0000
7.9363  0.7854  2.2587  -1.4733  0.0000
7.9417  0.7854  2.2585  -1.4731  0.0000
7.9472  0.7854  2.2586  -1.4732  0.0000
7.9524  0.7854  2.2585  -1.4731  0.0000
7.9576  0.7854  2.2585  -1.4731  0.0000
7.9624  0.7854  2.2586  -1.4732  0.0000
7.9682  0.7854  2.2585  -1.4731  0.0000
7.9745  0.7854  2.2585  -1.4731  0.0000
7.9804  0.7854  2.2585  -1.4731  0.0000
7.9866  0.7854  2.2585  -1.4731  0.0000
7.9921  0.7854  2.2586  -1.4732  0.0000
7.9975  0.7854  2.2586  -1.4732  0.0000
8.0030  0.7854  2.2586  -1.4732  0.0000
8.0083  0.7854  2.2586  -1.4732  0.0000
8.0136  0.7854  2.2586  -1.4732  0.0000
8.0190  0.7854  2.2586  -1.4732  0.0000
8.0244  0.7854  2.2586  -1.4732  0.0000
8.0302  0.7854  2.2586  -1.4732  0.0000
8.0353  0.7854  2.2586  -1.4732  0.0000
8.0404  0.7854  2.2586  -1.4732  0.0000
8.0458  0.7854  2.2586  -1.4732  0.0000
8.0512  0.7854  2.2586  -1.4732  0.0000
8.0565  0.7854  2.2586  -1.4732  0.0000
8.0618  0.7854  2.2586  -1.4732  0.0000
8.0672  0.7854  2.2586  -1.4732  0.0000
8.0726  0.7854  2.2585  -1.4731  0.0000
8.0803  0.7854  2.2585  -1.4731  0.0000
8.0870  0.7854  2.2584  -1.4730  0.0000
8.0927  0.7854  2.2585  -1.4731  0.0000
8.0982  0.7854  2.2585  -1.4731  0.0000
8.1043  0.7854  2.2585  -1.4731  0.0000
8.1100  0.7854  2.2585  -1.4731  0.0000
8.1154  0.7854  2.2585  -1.4731  0.0000
8.1208  0.7854  2.2585  -1.4731  0.0000
8.1262  0.7854  2.2585  -1.4731  0.0000
8.1315  0.7854  2.2585  -1.4731  0.0000
8.1368  0.7854  2.2586  -1.4732  0.0000
8.1422  0.7854  2.2585  -1.4731  0.0000
8.1476  0.7854  2.2585  -1.4732  0.0000
8.1529  0.7854  2.2585  -1.4731  0.0000
8.1582  0.7854  2.2585  -1.4731  0.0000
8.1636  0.7854  2.2585  -1.4731  0.0000
8.1689  0.7854  2.2585  -1.4731  0.0000
8.1743  0.7854  2.2585  -1.4731  0.0000
8.1797  0.7854  2.2585  -1.4731  0.0000
8.1881  0.7854  2.2585  -1.4731  0.0000
8.1934  0.7854  2.2585  -1.4731  0.0000
8.1986  0.7854  2.2585  -1.4731  0.0000
8.2039  0.7854  2.2585  -1.4731  0.0000
8.2092  0.7854  2.2585  -1.4731  0.0000
8.2140  0.7854  2.2585  -1.4731  0.0000
8.2193  0.7854  2.2585  -1.4731  0.0000
8.2245  0.7854  2.2585  -1.4731  0.0000
8.2293  0.7854  2.2585  -1.4731  0.0000
8.2352  0.7854  2.2585  -1.4731  0.0000
8.2407  0.7854  2.2585  -1.4731  0.0000
8.2464  0.7854  2.2584  -1.4730  0.0000
8.2543  0.7854  2.2585  -1.4731  0.0000
8.2597  0.7854  2.2585  -1.4731  0.0000
8.2667  0.7854  2.2585  -1.4731  0.0000
8.2743  0.7854  2.2585  -1.4731  0.0000
8.2799  0.7854  2.2585  -1.4731  0.0000
8.2854  0.7854  2.2584  -1.4731  0.0000
8.2919  0.7854  2.2585  -1.4731  0.0000
8.2969  0.7854  2.2584  -1.4730  0.0000
8.3017  0.7854  2.2585  -1.4731  0.0000
8.3077  0.7854  2.2585  -1.4731  0.0000
8.3150  0.7854  2.2584  -1.4730  0.0000
8.3239  0.7854  2.2585  -1.4731  0.0000
8.3290  0.7854  2.2585  -1.4731  0.0000
8.3340  0.7854  2.2585  -1.4731  0.0000
8.3390  0.7854  2.2584  -1.4730  0.0000
8.3440  0.7854  2.2585  -1.4731  0.0000
8.3491  0.7854  2.2585  -1.4731  0.0000
8.3542  0.7854  2.2585  -1.4731  0.0000
8.3593  0.7854  2.2586  -1.4732  0.0000
8.3644  0.7854  2.2586  -1.4732  0.0000
8.3695  0.7854  2.2585  -1.4731  0.0000
8.3749  0.7854  2.2586  -1.4732  0.0000
8.3801  0.7854  2.2586  -1.4732  0.0000
8.3852  0.7854  2.2586  -1.4732  0.0000
8.3902  0.7854  2.2585  -1.4732  0.0000
8.3952  0.7854  2.2585  -1.4732  0.0000
8.4003  0.7854  2.2585  -1.4732  0.0000
8.4054  0.7854  2.2585  -1.4731  0.0000
8.4106  0.7854  2.2585  -1.4731  0.0000
8.4158  0.7854  2.2585  -1.4731  0.0000
8.4210  0.7854  2.2585  -1.4731  0.0000
8.4261  0.7854  2.2585  -1.4731  0.0000
8.4305  0.7854  2.2585  -1.4731  0.0000
8.4357  0.7854  2.2585  -1.4731  0.0000
8.4407  0.7854  2.2586  -1.4732  0.0000
8.4459  0.7854  2.2585  -1.4731  0.0000
8.4510  0.7854  2.2585  -1.4731  0.0000
8.4561  0.7854  2.2585  -1.4731  0.0000
8.4612  0.7854  2.2585  -1.4731  0.0000
8.4677  0.7854  2.2585  -1.4731  0.0000
8.4730  0.7854  2.2585  -1.4731  0.0000
8.4782  0.7854  2.2585  -1.4731  0.0000
8.4833  0.7854  2.2585  -1.4731  0.0000
8.4896  0.7854  2.2585  -1.4731  0.0000
8.4955  0.7854  2.2585  -1.4731  0.0000
8.5013  0.7854  2.2585  -1.4731  0.0000
8.5066  0.7854  2.2585  -1.4731  0.0000
8.5117  0.7854  2.2585  -1.4731  0.0000
8.5167  0.7854  2.2585  -1.4731  0.0000
8.5218  0.7854  2.2585  -1.4731  0.0000
8.5270  0.7854  2.2585  -1.4731  0.0000
8.5326  0.7854  2.2585  -1.4731  0.0000
8.5377  0.7854  2.2585  -1.4731  0.0000
8.5428  0.7854  2.2585  -1.4731  0.0000
8.5480  0.7854  2.2586  -1.4732  0.0000
8.5533  0.7854  2.2585  -1.4731  0.0000
8.5585  0.7854  2.2585  -1.4731  0.0000
8.5640  0.7854  2.2586  -1.4732  0.0000
8.5695  0.7854  2.2585  -1.4731  0.0000
8.5750  0.7854  2.2585  -1.4731  0.0000
8.5826  0.7854  2.2585  -1.4731  0.0000
8.5893  0.7854  2.2585  -1.4731  0.0000
8.5947  0.7854  2.2585  -1.4731  0.0000
8.6002  0.7854  2.2586  -1.4732  0.0000
8.6057  0.7854  2.2585  -1.4731  0.0000
8.6109  0.7854  2.2586  -1.4732  0.0000
8.6163  0.7854  2.2586  -1.4732  0.0000
8.6214  0.7854  2.2586  -1.4732  0.0000
8.6265  0.7854  2.2586  -1.4732  0.0000
8.6317  0.7854  2.2586  -1.4732  0.0000
8.6369  0.7854  2.2586  -1.4732  0.0000
8.6420  0.7854  2.2585  -1.4731  0.0000
8.6471  0.7854  2.2585  -1.4731  0.0000
8.6521  0.7854  2.2585  -1.4731  0.0000
8.6571  0.7854  2.2585  -1.4731  0.0000
8.6620  0.7854  2.2585  -1.4731  0.0000
8.6676  0.7854  2.2585  -1.4731  0.0000
8.6725  0.7854  2.2585  -1.4731  0.0000
8.6776  0.7854  2.2585  -1.4731  0.0000
8.6825  0.7854  2.2585  -1.4731  0.0000
8.6877  0.7854  2.2585  -1.4731  0.0000
8.6929  0.7854  2.2585  -1.4731  0.0000
8.6979  0.7854  2.2585  -1.4731  0.0000
8.7030  0.7854  2.2585  -1.4731  0.0000
8.7081  0.7854  2.2585  -1.4731  0.0000
8.7133  0.7854  2.2585  -1.4731  0.0000
8.7184  0.7854  2.2585  -1.4731  0.0000
8.7237  0.7854  2.2585  -1.4731  0.0000
8.7295  0.7854  2.2585  -1.4731  0.0000
8.7353  0.7854  2.2585  -1.4731  0.0000
8.7409  0.7854  2.2585  -1.4731  0.0000
8.7479  0.7854  2.2585  -1.4731  0.0000
8.7531  0.7854  2.2585  -1.4731  0.0000
8.7582  0.7854  2.2585  -1.4731  0.0000
8.7636  0.7854  2.2585  -1.4731  0.0000
8.7689  0.7854  2.2585  -1.4731  0.0000
8.7742  0.7854  2.2585  -1.4731  0.0000
8.7793  0.7854  2.2584  -1.4730  0.0000
8.7847  0.7854  2.2585  -1.4731  0.0000
8.7899  0.7854  2.2585  -1.4731  0.0000
8.7950  0.7854  2.2585  -1.4731  0.0000
8.8000  0.7854  2.2584  -1.4730  0.0000
8.8051  0.7854  2.2585  -1.4731  0.0000
8.8101  0.7854  2.2585  -1.4731  0.0000
8.8173  0.7854  2.2585  -1.4731  0.0000
8.8267  0.7854  2.2584  -1.4730  0.0000
8.8318  0.7854  2.2585  -1.4731  0.0000
8.8370  0.7854  2.2585  -1.4731  0.0000
8.8419  0.7854  2.2584  -1.4730  0.0000
8.8473  0.7854  2.2584  -1.4730  0.0000
8.8521  0.7854  2.2585  -1.4731  0.0000
8.8577  0.7854  2.2585  -1.4731  0.0000
8.8633  0.7854  2.2584  -1.4730  0.0000
8.8690  0.7854  2.2584  -1.4730  0.0000
8.8744  0.7854  2.2585  -1.4731  0.0000
8.8798  0.7854  2.2585  -1.4731  0.0000
8.8853  0.7854  2.2585  -1.4731  0.0000
8.8909  0.7854  2.2584  -1.4730  0.0000
8.8963  0.7854  2.2585  -1.4731  0.0000
8.9017  0.7854  2.2585  -1.4731  0.0000
8.9072  0.7854  2.2585  -1.4731  0.0000
8.9127  0.7854  2.2584  -1.4730  0.0000
8.9181  0.7854  2.2584  -1.4730  0.0000
8.9236  0.7854  2.2585  -1.4731  0.0000
8.9293  0.7854  2.2585  -1.4731  0.0000
8.9346  0.7854  2.2585  -1.4731  0.0000
8.9401  0.7854  2.2584  -1.4730  0.0000
8.9456  0.7854  2.2584  -1.4730  0.0000
8.9512  0.7854  2.2585  -1.4731  0.0000
8.9567  0.7854  2.2584  -1.4730  0.0000
8.9621  0.7854  2.2584  -1.4730  0.0000
8.9675  0.7854  2.2584  -1.4730  0.0000
8.9729  0.7854  2.2585  -1.4731  0.0000
8.9780  0.7854  2.2585  -1.4731  0.0000
8.9833  0.7854  2.2584  -1.4730  0.0000
8.9898  0.7854  2.2584  -1.4730  0.0000
8.9964  0.7854  2.2585  -1.4731  0.0000
9.0020  0.7854  2.2585  -1.4731  0.0000
9.0086  0.7854  2.2584  -1.4730  0.0000
9.0141  0.7854  2.2585  -1.4731  0.0000
9.0195  0.7854  2.2585  -1.4731  0.0000
9.0251  0.7854  2.2585  -1.4731  0.0000
9.0296  0.7854  2.2585  -1.4731  0.0000
9.0355  0.7854  2.2584  -1.4730  0.0000
9.0413  0.7854  2.2585  -1.4731  0.0000
9.0469  0.7854  2.2585  -1.4731  0.0000
9.0526  0.7854  2.2585  -1.4731  0.0000
9.0582  0.7854  2.2585  -1.4731  0.0000
9.0636  0.7854  2.2585  -1.4731  0.0000
9.0691  0.7854  2.2585  -1.4731  0.0000
9.0745  0.7854  2.2585  -1.4731  0.0000
9.0799  0.7854  2.2585  -1.4731  0.0000
9.0879  0.7854  2.2584  -1.4730  0.0000
9.0945  0.7854  2.2585  -1.4731  0.0000
9.1001  0.7854  2.2585  -1.4731  0.0000
9.1058  0.7854  2.2585  -1.4731  0.0000
9.1113  0.7854  2.2584  -1.4730  0.0000
9.1167  0.7854  2.2585  -1.4731  0.0000
9.1220  0.7854  2.2585  -1.4731  0.0000
9.1274  0.7854  2.2585  -1.4731  0.0000
9.1328  0.7854  2.2585  -1.4731  0.0000
9.1381  0.7854  2.2584  -1.4730  0.0000
9.1437  0.7854  2.2584  -1.4730  0.0000
9.1499  0.7854  2.2585  -1.4731  0.0000
9.1553  0.7854  2.2585  -1.4731  0.0000
9.1609  0.7854  2.2585  -1.4731  0.0000
9.1665  0.7854  2.2585  -1.4731  0.0000
9.1717  0.7854  2.2584  -1.4730  0.0000
9.1773  0.7854  2.2584  -1.4730  0.0000
9.1829  0.7854  2.2584  -1.4730  0.0000
9.1885  0.7854  2.2585  -1.4731  0.0000
9.1942  0.7854  2.2584  -1.4730  0.0000
9.2000  0.7854  2.2584  -1.4730  0.0000
9.2055  0.7854  2.2584  -1.4730  0.0000
9.2112  0.7854  2.2584  -1.4730  0.0000
9.2179  0.7854  2.2585  -1.4731  0.0000
9.2237  0.7854  2.2584  -1.4730  0.0000
9.2312  0.7854  2.2584  -1.4730  0.0000
9.2401  0.7854  2.2584  -1.4730  0.0000
9.2508  0.7854  2.2585  -1.4731  0.0000
9.2570  0.7854  2.2584  -1.4730  0.0000
9.2631  0.7854  2.2584  -1.4730  0.0000
9.2680  0.7854  2.2584  -1.4730  0.0000
9.2733  0.7854  2.2584  -1.4730  0.0000
9.2783  0.7854  2.2584  -1.4730  0.0000
9.2835  0.7854  2.2585  -1.4731  0.0000
9.2886  0.7854  2.2584  -1.4730  0.0000
9.2934  0.7854  2.2584  -1.4730  0.0000
9.2984  0.7854  2.2584  -1.4730  0.0000
9.3037  0.7854  2.2584  -1.4730  0.0000
9.3088  0.7854  2.2584  -1.4730  0.0000
9.3138  0.7854  2.2584  -1.4730  0.0000
9.3209  0.7854  2.2584  -1.4730  0.0000
9.3302  0.7854  2.2584  -1.4730  0.0000
9.3352  0.7854  2.2584  -1.4730  0.0000
9.3402  0.7854  2.2584  -1.4730  0.0000
9.3441  0.7854  2.2584  -1.4730  0.0000
9.3494  0.7854  2.2583  -1.4729  0.0000
9.3544  0.7854  2.2584  -1.4730  0.0000
9.3594  0.7854  2.2584  -1.4730  0.0000
9.3646  0.7854  2.2584  -1.4730  0.0000
9.3698  0.7854  2.2583  -1.4729  0.0000
9.3751  0.7854  2.2584  -1.4730  0.0000
9.3801  0.7854  2.2584  -1.4730  0.0000
9.3852  0.7854  2.2584  -1.4730  0.0000
9.3904  0.7854  2.2584  -1.4730  0.0000
9.3954  0.7854  2.2583  -1.4729  0.0000
9.4006  0.7854  2.2584  -1.4730  0.0000
9.4056  0.7854  2.2584  -1.4730  0.0000
9.4109  0.7854  2.2584  -1.4730  0.0000
9.4160  0.7854  2.2584  -1.4730  0.0000
9.4210  0.7854  2.2584  -1.4730  0.0000
9.4263  0.7854  2.2585  -1.4731  0.0000
9.4316  0.7854  2.2585  -1.4731  0.0000
9.4368  0.7854  2.2584  -1.4730  0.0000
9.4420  0.7854  2.2584  -1.4730  0.0000
9.4470  0.7854  2.2584  -1.4730  0.0000
9.4519  0.7854  2.2584  -1.4730  0.0000
9.4574  0.7854  2.2584  -1.4730  0.0000
9.4626  0.7854  2.2584  -1.4730  0.0000
9.4684  0.7854  2.2584  -1.4730  0.0000
9.4737  0.7854  2.2584  -1.4730  0.0000
9.4792  0.7854  2.2584  -1.4730  0.0000
9.4850  0.7854  2.2584  -1.4730  0.0000
9.4908  0.7854  2.2585  -1.4731  0.0000
9.4973  0.7854  2.2585  -1.4731  0.0000
9.5040  0.7854  2.2585  -1.4731  0.0000
9.5102  0.7854  2.2585  -1.4731  0.0000
9.5157  0.7854  2.2585  -1.4731  0.0000
9.5212  0.7854  2.2584  -1.4730  0.0000
9.5255  0.7854  2.2585  -1.4731  0.0000
9.5305  0.7854  2.2585  -1.4731  0.0000
9.5361  0.7854  2.2585  -1.4731  0.0000
9.5411  0.7854  2.2585  -1.4731  0.0000
9.5459  0.7854  2.2585  -1.4731  0.0000
9.5507  0.7854  2.2585  -1.4731  0.0000
9.5555  0.7854  2.2585  -1.4731  0.0000
9.5603  0.7854  2.2585  -1.4731  0.0000
9.5654  0.7854  2.2584  -1.4730  0.0000
9.5704  0.7854  2.2585  -1.4731  0.0000
9.5753  0.7854  2.2585  -1.4731  0.0000
9.5800  0.7854  2.2585  -1.4731  0.0000
9.5851  0.7854  2.2585  -1.4731  0.0000
9.5924  0.7854  2.2585  -1.4731  0.0000
9.5986  0.7854  2.2585  -1.4731  0.0000
9.6037  0.7854  2.2584  -1.4730  0.0000
9.6079  0.7854  2.2584  -1.4730  0.0000
9.6130  0.7854  2.2585  -1.4731  0.0000
9.6179  0.7854  2.2584  -1.4730  0.0000
9.6231  0.7854  2.2585  -1.4731  0.0000
9.6280  0.7854  2.2585  -1.4731  0.0000
9.6336  0.7854  2.2585  -1.4731  0.0000
9.6391  0.7854  2.2584  -1.4730  0.0000
9.6446  0.7854  2.2584  -1.4730  0.0000
9.6500  0.7854  2.2584  -1.4730  0.0000
9.6554  0.7854  2.2585  -1.4731  0.0000
9.6611  0.7854  2.2585  -1.4731  0.0000
9.6669  0.7854  2.2585  -1.4731  0.0000
9.6724  0.7854  2.2585  -1.4731  0.0000
9.6779  0.7854  2.2585  -1.4731  0.0000
9.6836  0.7854  2.2585  -1.4731  0.0000
9.6894  0.7854  2.2585  -1.4731  0.0000
9.6950  0.7854  2.2584  -1.4730  0.0000
9.7004  0.7854  2.2584  -1.4730  0.0000
9.7059  0.7854  2.2584  -1.4730  0.0000
9.7114  0.7854  2.2585  -1.4731  0.0000
9.7170  0.7854  2.2585  -1.4731  0.0000
9.7226  0.7854  2.2585  -1.4731  0.0000
9.7283  0.7854  2.2585  -1.4731  0.0000
9.7338  0.7854  2.2584  -1.4730  0.0000
9.7396  0.7854  2.2584  -1.4730  0.0000
9.7451  0.7854  2.2584  -1.4730  0.0000
9.7524  0.7854  2.2584  -1.4730  0.0000
9.7578  0.7854  2.2585  -1.4731  0.0000
9.7636  0.7854  2.2584  -1.4730  0.0000
9.7679  0.7854  2.2585  -1.4731  0.0000
9.7731  0.7854  2.2585  -1.4731  0.0000
9.7781  0.7854  2.2585  -1.4731  0.0000
9.7836  0.7854  2.2584  -1.4730  0.0000
9.7888  0.7854  2.2584  -1.4730  0.0000
9.7942  0.7854  2.2585  -1.4731  0.0000
9.7994  0.7854  2.2585  -1.4731  0.0000
9.8047  0.7854  2.2584  -1.4731  0.0000
9.8100  0.7854  2.2584  -1.4730  0.0000
9.8151  0.7854  2.2585  -1.4731  0.0000
9.8224  0.7854  2.2585  -1.4731  0.0000
9.8317  0.7854  2.2585  -1.4731  0.0000
9.8369  0.7854  2.2585  -1.4731  0.0000
9.8421  0.7854  2.2585  -1.4731  0.0000
9.8472  0.7854  2.2585  -1.4731  0.0000
9.8526  0.7854  2.2585  -1.4731  0.0000
9.8576  0.7854  2.2585  -1.4731  0.0000
9.8631  0.7854  2.2585  -1.4731  0.0000
9.8682  0.7854  2.2585  -1.4731  0.0000
9.8736  0.7854  2.2585  -1.4731  0.0000
9.8790  0.7854  2.2585  -1.4731  0.0000
9.8843  0.7854  2.2585  -1.4731  0.0000
9.8898  0.7854  2.2585  -1.4731  0.0000
9.8951  0.7854  2.2585  -1.4731  0.0000
9.9005  0.7854  2.2585  -1.4731  0.0000
9.9060  0.7854  2.2585  -1.4731  0.0000
9.9114  0.7854  2.2585  -1.4731  0.0000
9.9168  0.7854  2.2585  -1.4731  0.0000
9.9223  0.7854  2.2585  -1.4731  0.0000
9.9276  0.7854  2.2585  -1.4731  0.0000
9.9331  0.7854  2.2585  -1.4731  0.0000
9.9384  0.7854  2.2585  -1.4731  0.0000
9.9438  0.7854  2.2585  -1.4731  0.0000
9.9494  0.7854  2.2585  -1.4731  0.0000
9.9568  0.7854  2.2585  -1.4731  0.0000
9.9633  0.7854  2.2585  -1.4731  0.0000
9.9691  0.7854  2.2585  -1.4731  0.0000
9.9749  0.7854  2.2585  -1.4731  0.0000
9.9806  0.7854  2.2585  -1.4731  0.0000
9.9868  0.7854  2.2586  -1.4732  0.0000
9.9924  0.7854  2.2586  -1.4732  0.0000
9.9980  0.7854  2.2586  -1.4732  0.0000
10.0039  0.7854  2.2585  -1.4731  0.0000
10.0112  0.7854  2.2585  -1.4731  0.0000
10.0177  0.7854  2.2585  -1.4731  0.0000
10.0236  0.7854  2.2585  -1.4731  0.0000
10.0293  0.7854  2.2585  -1.4731  0.0000
10.0349  0.7854  2.2585  -1.4731  0.0000
10.0406  0.7854  2.2585  -1.4731  0.0000
10.0462  0.7854  2.2585  -1.4731  0.0000
10.0516  0.7854  2.2586  -1.4732  0.0000
10.0570  0.7854  2.2586  -1.4732  0.0000
10.0621  0.7854  2.2586  -1.4732  0.0000
10.0674  0.7854  2.2586  -1.4732  0.0000
10.0726  0.7854  2.2586  -1.4732  0.0000
10.0777  0.7854  2.2586  -1.4732  0.0000
10.0833  0.7854  2.2586  -1.4732  0.0000
10.0889  0.7854  2.2586  -1.4732  0.0000
10.0969  0.7854  2.2586  -1.4732  0.0000
10.1036  0.7854  2.2586  -1.4732  0.0000
10.1099  0.7854  2.2586  -1.4732  0.0000
10.1152  0.7854  2.2586  -1.4732  0.0000
10.1206  0.7854  2.2586  -1.4732  0.0000
10.1260  0.7854  2.2586  -1.4732  0.0000
10.1313  0.7854  2.2586  -1.4732  0.0000
10.1368  0.7854  2.2586  -1.4732  0.0000
10.1420  0.7854  2.2586  -1.4732  0.0000
10.1474  0.7854  2.2586  -1.4732  0.0000
10.1524  0.7854  2.2586  -1.4732  0.0000
10.1577  0.7854  2.2586  -1.4732  0.0000
10.1633  0.7854  2.2586  -1.4732  0.0000
10.1691  0.7854  2.2586  -1.4732  0.0000
10.1747  0.7854  2.2586  -1.4732  0.0000
10.1801  0.7854  2.2586  -1.4732  0.0000
10.1920  0.7854  2.2586  -1.4732  0.0000
10.1977  0.7854  2.2586  -1.4732  0.0000
10.2034  0.7854  2.2586  -1.4732  0.0000
10.2087  0.7854  2.2586  -1.4732  0.0000
10.2176  0.7854  2.2587  -1.4733  0.0000
10.2235  0.7854  2.2586  -1.4732  0.0000
10.2296  0.7854  2.2586  -1.4732  0.0000
10.2348  0.7854  2.2586  -1.4732  0.0000
10.2394  0.7854  2.2586  -1.4732  0.0000
10.2446  0.7854  2.2586  -1.4732  0.0000
10.2517  0.7854  2.2586  -1.4732  0.0000
10.2568  0.7854  2.2586  -1.4732  0.0000
10.2618  0.7854  2.2586  -1.4732  0.0000
10.2665  0.7854  2.2586  -1.4732  0.0000
10.2720  0.7854  2.2586  -1.4732  0.0000
10.2769  0.7854  2.2586  -1.4732  0.0000
10.2815  0.7854  2.2586  -1.4732  0.0000
10.2916  0.7854  2.2586  -1.4732  0.0000
10.2968  0.7854  2.2585  -1.4731  0.0000
10.3018  0.7854  2.2586  -1.4732  0.0000
10.3069  0.7854  2.2585  -1.4731  0.0000
10.3119  0.7854  2.2585  -1.4731  0.0000
10.3169  0.7854  2.2585  -1.4731  0.0000
10.3245  0.7854  2.2585  -1.4731  0.0000
10.3343  0.7854  2.2585  -1.4731  0.0000
10.3396  0.7854  2.2585  -1.4731  0.0000
10.3461  0.7854  2.2585  -1.4731  0.0000
10.3516  0.7854  2.2586  -1.4732  0.0000
10.3571  0.7854  2.2586  -1.4732  0.0000
10.3625  0.7854  2.2586  -1.4732  0.0000
10.3680  0.7854  2.2586  -1.4732  0.0000
10.3733  0.7854  2.2586  -1.4732  0.0000
10.3788  0.7854  2.2586  -1.4732  0.0000
10.3848  0.7854  2.2586  -1.4732  0.0000
