0.0262  0.0000  -0.0004  0.0004  0.0000
0.0327  0.0000  -0.0004  0.0004  0.0000
0.0407  0.0000  -0.0004  0.0004  0.0000
0.0472  0.0000  -0.0004  0.0004  0.0000
0.0543  0.0000  -0.0004  0.0004  0.0000
0.0599  0.0000  -0.0004  0.0004  0.0000
0.0669  0.0000  -0.0004  0.0004  0.0000
0.0726  0.0000  -0.0004  0.0004  0.0000
0.0786  0.0000  -0.0004  0.0004  0.0000
0.0846  0.0000  -0.0004  0.0004  0.0000
0.0905  0.0000  -0.0004  0.0004  0.0000
0.0963  0.0000  -0.0004  0.0004  0.0000
0.1024  0.0000  -0.0004  0.0004  0.0000
0.1078  0.0000  -0.0005  0.0005  0.0000
0.1132  0.0000  -0.0004  0.0004  0.0000
0.1190  0.0000  -0.0004  0.0004  0.0000
0.1246  0.0000  -0.0004  0.0004  0.0000
0.1302  0.0000  -0.0005  0.0005  0.0000
0.1360  0.0000  -0.0005  0.0005  0.0000
0.1416  0.0000  -0.0005  0.0005  0.0000
0.1473  0.0000  -0.0005  0.0005  0.0000
0.1530  0.0000  -0.0005  0.0005  0.0000
0.1588  0.0000  -0.0005  0.0005  0.0000
0.1650  0.0000  -0.0005  0.0005  0.0000
0.1707  0.0000  -0.0005  0.0005  0.0000
0.1765  0.0000  -0.0005  0.0005  0.0000
0.1824  0.0000  -0.0005  0.0005  0.0000
0.1890  0.0000  -0.0005  0.0005  0.0000
0.1947  0.0000  -0.0005  0.0005  0.0000
0.2003  0.0000  -0.0005  0.0005  0.0000
0.2057  0.0000  -0.0005  0.0005  0.0000
0.2111  0.0000  -0.0005  0.0005  0.0000
0.2167  0.0000  -0.0005  0.0005  0.0000
0.2221  0.0000  -0.0005  0.0005  0.0000
0.2274  0.0000  -0.0006  0.0006  0.0000
0.2330  0.0000  -0.0006  0.0006  0.0000
0.2384  0.0000  -0.0006  0.0006  0.0000
0.2440  0.0000  -0.0006  0.0006  0.0000
0.2495  0.0000  -0.0006  0.0006  0.0000
0.2549  0.0000  -0.0006  0.0006  0.0000
0.2606  0.0000  -0.0006  0.0006  0.0000
0.2660  0.0000  -0.0006  0.0006  0.0000
0.2726  0.0000  -0.0006  0.0006  0.0000
0.2788  0.0000  -0.0006  0.0006  0.0000
0.2851  0.0000  -0.0006  0.0006  0.0000
0.2908  0.0000  -0.0006  0.0006  0.0000
0.2963  0.0000  -0.0006  0.0006  0.0000
0.3018  0.0000  -0.0006  0.0006  0.0000
0.3071  0.0000  -0.0006  0.0006  0.0000
0.3132  0.0000  -0.0006  0.0006  0.0000
0.3185  0.0000  -0.0006  0.0006  0.0000
0.3238  0.0000  -0.0007  0.0007  0.0000
0.3290  0.0000  -0.0006  0.0006  0.0000
0.3344  0.0000  -0.0006  0.0006  0.0000
0.3395  0.0000  -0.0006  0.0006  0.0000
0.3449  0.0000  -0.0006  0.0006  0.0000
0.3501  0.0000  -0.0007  0.0007  0.0000
0.3554  0.0000  -0.0007  0.0007  0.0000
0.3608  0.0000  -0.0007  0.0007  0.0000
0.3660  0.0000  -0.0007  0.0007  0.0000
0.3712  0.0000  -0.0007  0.0007  0.0000
0.3766  0.0000  -0.0007  0.0007  0.0000
0.3821  0.0000  -0.0007  0.0007  0.0000
0.3876  0.0000  -0.0007  0.0007  0.0000
0.3930  0.0000  -0.0007  0.0007  0.0000
0.3987  0.0000  -0.0007  0.0007  0.0000
0.4048  0.0000  -0.0007  0.0007  0.0000
0.4102  0.0000  -0.0007  0.0007  0.0000
0.4157  0.0000  -0.0007  0.0007  0.0000
0.4212  0.0000  -0.0007  0.0007  0.0000
0.4260  0.0000  -0.0007  0.0007  0.0000
0.4316  0.0000  -0.0007  0.0007  0.0000
0.4371  0.0000  -0.0007  0.0007  0.0000
0.4427  0.0000  -0.0007  0.0007  0.0000
0.4484  0.0000  -0.0007  0.0007  0.0000
0.4540  0.0000  -0.0007  0.0007  0.0000
0.4595  0.0000  -0.0007  0.0007  0.0000
0.4652  0.0000  -0.0007  0.0007  0.0000
0.4709  0.0000  -0.0007  0.0007  0.0000
0.4769  0.0000  -0.0007  0.0007  0.0000
0.4832  0.0000  -0.0007  0.0007  0.0000
0.4894  0.0000  -0.0007  0.0007  0.0000
0.4969  0.0000  -0.0007  0.0007  0.0000
0.5032  0.0000  -0.0007  0.0007  0.0000
0.5094  0.0000  -0.0007  0.0007  0.0000
0.5278  0.0000  -0.0007  0.0007  0.0000
0.5347  0.0000  -0.0008  0.0008  0.0000
0.5407  0.0000  -0.0007  0.0007  0.0000
0.5476  0.0000  -0.0007  0.0007  0.0000
0.5540  0.0000  -0.0007  0.0007  0.0000
0.5615  0.0000  -0.0007  0.0007  0.0000
0.5677  0.0000  -0.0007  0.0007  0.0000
0.5740  0.0000  -0.0007  0.0007  0.0000
0.5803  0.0000  -0.0007  0.0007  0.0000
0.5865  0.0000  -0.0007  0.0007  0.0000
0.5928  0.0000  -0.0007  0.0007  0.0000
0.5988  0.0000  -0.0007  0.0007  0.0000
0.6048  0.0000  -0.0008  0.0008  0.0000
0.6107  0.0000  -0.0008  0.0008  0.0000
0.6174  0.0000  -0.0008  0.0008  0.0000
0.6235  0.0000  -0.0008  0.0008  0.0000
0.6292  0.0000  -0.0008  0.0008  0.0000
0.6350  0.0000  -0.0008  0.0008  0.0000
0.6412  0.0000  -0.0008  0.0008  0.0000
0.6493  0.0000  -0.0008  0.0008  0.0000
0.6558  0.0000  -0.0008  0.0008  0.0000
0.6618  0.0000  -0.0008  0.0008  0.0000
0.6677  0.0000  -0.0008  0.0008  0.0000
0.6738  0.0000  -0.0008  0.0008  0.0000
0.6794  0.0000  -0.0008  0.0008  0.0000
0.6849  0.0000  -0.0008  0.0008  0.0000
0.6903  0.0000  -0.0008  0.0008  0.0000
0.6960  0.0000  -0.0009  0.0009  0.0000
0.7019  0.0000  -0.0008  0.0008  0.0000
0.7075  0.0000  -0.0009  0.0009  0.0000
0.7130  0.0000  -0.0009  0.0009  0.0000
0.7188  0.0000  -0.0008  0.0008  0.0000
0.7246  0.0000  -0.0009  0.0009  0.0000
0.7315  0.0000  -0.0009  0.0009  0.0000
0.7376  0.0000  -0.0009  0.0009  0.0000
0.7442  0.0000  -0.0009  0.0009  0.0000
0.7508  0.0000  -0.0009  0.0009  0.0000
0.7556  0.0000  -0.0009  0.0009  0.0000
0.7612  0.0000  -0.0010  0.0010  0.0000
0.7671  0.0000  -0.0010  0.0010  0.0000
0.7734  0.0000  -0.0010  0.0010  0.0000
0.7812  0.0000  -0.0010  0.0010  0.0000
0.7879  0.0000  -0.0009  0.0009  0.0000
0.7946  0.0000  -0.0009  0.0009  0.0000
0.7998  0.0000  -0.0009  0.0009  0.0000
0.8045  0.0000  -0.0009  0.0009  0.0000
0.8106  0.0000  -0.0010  0.0010  0.0000
0.8153  0.0000  -0.0009  0.0009  0.0000
0.8213  0.0000  -0.0010  0.0010  0.0000
0.8271  0.0000  -0.0009  0.0009  0.0000
0.8330  0.0000  -0.0009  0.0009  0.0000
0.8409  0.0000  -0.0010  0.0010  0.0000
0.8467  0.0000  -0.0010  0.0010  0.0000
0.8530  0.0000  -0.0010  0.0010  0.0000
0.8592  0.0000  -0.0010  0.0010  0.0000
0.8649  0.0000  -0.0010  0.0010  0.0000
0.8703  0.0000  -0.0010  0.0010  0.0000
0.8761  0.0000  -0.0010  0.0010  0.0000
0.8806  0.0000  -0.0010  0.0010  0.0000
0.8867  0.0000  -0.0010  0.0010  0.0000
0.8914  0.0000  -0.0010  0.0010  0.0000
0.8985  0.0000  -0.0010  0.0010  0.0000
0.9033  0.0000  -0.0010  0.0010  0.0000
0.9083  0.0000  -0.0010  0.0010  0.0000
0.9132  0.0000  -0.0010  0.0010  0.0000
0.9182  0.0000  -0.0010  0.0010  0.0000
0.9231  0.0000  -0.0010  0.0010  0.0000
0.9280  0.0000  -0.0010  0.0010  0.0000
0.9332  0.0000  -0.0010  0.0010  0.0000
0.9382  0.0000  -0.0010  0.0010  0.0000
0.9432  0.0000  -0.0010  0.0010  0.0000
0.9481  0.0000  -0.0010  0.0010  0.0000
0.9531  0.0000  -0.0010  0.0010  0.0000
0.9582  0.0000  -0.0010  0.0010  0.0000
0.9632  0.0000  -0.0011  0.0011  0.0000
0.9681  0.0000  -0.0011  0.0011  0.0000
0.9731  0.0000  -0.0011  0.0011  0.0000
0.9782  0.0000  -0.0011  0.0011  0.0000
0.9832  0.0000  -0.0011  0.0011  0.0000
0.9882  0.0000  -0.0011  0.0011  0.0000
0.9933  0.0000  -0.0011  0.0011  0.0000
0.9988  0.0000  -0.0011  0.0011  0.0000
1.0042  0.0000  -0.0011  0.0011  0.0000
1.0093  0.0000  -0.0011  0.0011  0.0000
1.0144  0.0000  -0.0011  0.0011  0.0000
1.0304  0.0000  -0.0011  0.0011  0.0000
1.0354  0.0000  -0.0011  0.0011  0.0000
1.0411  0.0000  -0.0012  0.0012  0.0000
1.0469  0.0000  -0.0011  0.0011  0.0000
1.0524  0.0000  -0.0011  0.0011  0.0000
1.0581  0.0000  -0.0011  0.0011  0.0000
1.0633  0.0000  -0.0011  0.0011  0.0000
1.0689  0.0000  -0.0011  0.0011  0.0000
1.0748  0.0000  -0.0011  0.0011  0.0000
1.0801  0.0000  -0.0012  0.0012  0.0000
1.0852  0.0000  -0.0012  0.0012  0.0000
1.0904  0.0000  -0.0012  0.0012  0.0000
1.0956  0.0000  -0.0012  0.0012  0.0000
1.1007  0.0000  -0.0012  0.0012  0.0000
1.1057  0.0000  -0.0012  0.0012  0.0000
1.1107  0.0000  -0.0012  0.0012  0.0000
1.1159  0.0000  -0.0012  0.0012  0.0000
1.1211  0.0000  -0.0012  0.0012  0.0000
1.1264  0.0000  -0.0012  0.0012  0.0000
1.1316  0.0000  -0.0012  0.0012  0.0000
1.1369  0.0000  -0.0012  0.0012  0.0000
1.1423  0.0000  -0.0012  0.0012  0.0000
1.1469  0.0000  -0.0012  0.0012  0.0000
1.1520  0.0000  -0.0012  0.0012  0.0000
1.1573  0.0000  -0.0012  0.0012  0.0000
1.1628  0.0000  -0.0012  0.0012  0.0000
1.1681  0.0000  -0.0013  0.0013  0.0000
1.1737  0.0000  -0.0013  0.0013  0.0000
1.1793  0.0000  -0.0013  0.0013  0.0000
1.1848  0.0000  -0.0013  0.0013  0.0000
1.1903  0.0000  -0.0013  0.0013  0.0000
1.1959  0.0000  -0.0013  0.0013  0.0000
1.2014  0.0000  -0.0013  0.0013  0.0000
1.2069  0.0000  -0.0013  0.0013  0.0000
1.2125  0.0000  -0.0013  0.0013  0.0000
1.2181  0.0000  -0.0013  0.0013  0.0000
1.2236  0.0000  -0.0013  0.0013  0.0000
1.2292  0.0000  -0.0013  0.0013  0.0000
1.2349  0.0000  -0.0013  0.0013  0.0000
1.2406  0.0000  -0.0013  0.0013  0.0000
1.2461  0.0000  -0.0013  0.0013  0.0000
1.2518  0.0000  -0.0013  0.0013  0.0000
1.2576  0.0000  -0.0013  0.0013  0.0000
1.2634  0.0000  -0.0013  0.0013  0.0000
1.2691  0.0000  -0.0013  0.0013  0.0000
1.2750  0.0000  -0.0013  0.0013  0.0000
1.2808  0.0000  -0.0013  0.0013  0.0000
1.2867  0.0000  -0.0013  0.0013  0.0000
1.2924  0.0000  -0.0013  0.0013  0.0000
1.2983  0.0000  -0.0013  0.0013  0.0000
1.3052  0.0000  -0.0013  0.0013  0.0000
1.3112  0.0000  -0.0013  0.0013  0.0000
1.3182  0.0000  -0.0013  0.0013  0.0000
1.3235  0.0000  -0.0013  0.0013  0.0000
1.3289  0.0000  -0.0013  0.0013  0.0000
1.3345  0.0000  -0.0013  0.0013  0.0000
1.3398  0.0000  -0.0013  0.0013  0.0000
1.3453  0.0000  -0.0013  0.0013  0.0000
1.3508  0.0000  -0.0013  0.0013  0.0000
1.3563  0.0000  -0.0013  0.0013  0.0000
1.3618  0.0000  -0.0013  0.0013  0.0000
1.3672  0.0000  -0.0013  0.0013  0.0000
1.3730  0.0000  -0.0013  0.0013  0.0000
1.3785  0.0000  -0.0013  0.0013  0.0000
1.3840  0.0000  -0.0013  0.0013  0.0000
1.3903  0.0000  -0.0013  0.0013  0.0000
1.3958  0.0000  -0.0013  0.0013  0.0000
1.4013  0.0000  -0.0013  0.0013  0.0000
1.4063  0.0000  -0.0013  0.0013  0.0000
1.4114  0.0000  -0.0013  0.0013  0.0000
1.4165  0.0000  -0.0013  0.0013  0.0000
1.4217  0.0000  -0.0013  0.0013  0.0000
1.4267  0.0000  -0.0013  0.0013  0.0000
1.4317  0.0000  -0.0013  0.0013  0.0000
1.4368  0.0000  -0.0013  0.0013  0.0000
1.4422  0.0000  -0.0013  0.0013  0.0000
1.4473  0.0000  -0.0013  0.0013  0.0000
1.4525  0.0000  -0.0013  0.0013  0.0000
1.4578  0.0000  -0.0013  0.0013  0.0000
1.4630  0.0000  -0.0013  0.0013  0.0000
1.4684  0.0000  -0.0013  0.0013  0.0000
1.4738  0.0000  -0.0013  0.0013  0.0000
1.4792  0.0000  -0.0013  0.0013  0.0000
1.4846  0.0000  -0.0013  0.0013  0.0000
1.4901  0.0000  -0.0014  0.0014  0.0000
1.4959  0.0000  -0.0014  0.0014  0.0000
1.5021  0.0000  -0.0013  0.0013  0.0000
1.5077  0.0000  -0.0013  0.0013  0.0000
1.5131  0.0000  -0.0013  0.0013  0.0000
1.5187  0.0000  -0.0013  0.0013  0.0000
1.5346  0.0000  -0.0013  0.0013  0.0000
1.5408  0.0000  -0.0013  0.0013  0.0000
1.5465  0.0000  -0.0013  0.0013  0.0000
1.5521  0.0000  -0.0013  0.0013  0.0000
1.5611  0.0000  -0.0014  0.0014  0.0000
1.5681  0.0000  -0.0014  0.0014  0.0000
1.5745  0.0000  -0.0014  0.0014  0.0000
1.5796  0.0000  -0.0014  0.0014  0.0000
1.5861  0.0000  -0.0014  0.0014  0.0000
1.5918  0.0000  -0.0014  0.0014  0.0000
1.5977  0.0000  -0.0014  0.0014  0.0000
1.6036  0.0000  -0.0014  0.0014  0.0000
1.6096  0.0000  -0.0014  0.0014  0.0000
1.6159  0.0000  -0.0014  0.0014  0.0000
1.6208  0.0000  -0.0014  0.0014  0.0000
1.6272  0.0000  -0.0014  0.0014  0.0000
1.6333  0.0000  -0.0014  0.0014  0.0000
1.6392  0.0000  -0.0014  0.0014  0.0000
1.6450  0.0000  -0.0014  0.0014  0.0000
1.6509  0.0000  -0.0014  0.0014  0.0000
1.6567  0.0000  -0.0014  0.0014  0.0000
1.6627  0.0000  -0.0014  0.0014  0.0000
1.6684  0.0000  -0.0014  0.0014  0.0000
1.6748  0.0000  -0.0014  0.0014  0.0000
1.6807  0.0000  -0.0014  0.0014  0.0000
1.6865  0.0000  -0.0014  0.0014  0.0000
1.6925  0.0000  -0.0014  0.0014  0.0000
1.6982  0.0000  -0.0014  0.0014  0.0000
1.7051  0.0000  -0.0014  0.0014  0.0000
1.7108  0.0000  -0.0014  0.0014  0.0000
1.7171  0.0000  -0.0014  0.0014  0.0000
1.7230  0.0000  -0.0014  0.0014  0.0000
1.7278  0.0000  -0.0014  0.0014  0.0000
1.7338  0.0000  -0.0014  0.0014  0.0000
1.7385  0.0000  -0.0014  0.0014  0.0000
1.7451  0.0000  -0.0014  0.0014  0.0000
1.7510  0.0000  -0.0015  0.0015  0.0000
1.7568  0.0000  -0.0015  0.0015  0.0000
1.7639  0.0000  -0.0015  0.0015  0.0000
1.7698  0.0000  -0.0015  0.0015  0.0000
1.7760  0.0000  -0.0015  0.0015  0.0000
1.7819  0.0000  -0.0015  0.0015  0.0000
1.7878  0.0000  -0.0015  0.0015  0.0000
1.7946  0.0000  -0.0015  0.0015  0.0000
1.8012  0.0000  -0.0015  0.0015  0.0000
1.8077  0.0000  -0.0015  0.0015  0.0000
1.8138  0.0000  -0.0015  0.0015  0.0000
1.8186  0.0000  -0.0015  0.0015  0.0000
1.8254  0.0000  -0.0015  0.0015  0.0000
1.8314  0.0000  -0.0015  0.0015  0.0000
1.8383  0.0000  -0.0015  0.0015  0.0000
1.8442  0.0000  -0.0015  0.0015  0.0000
1.8488  0.0000  -0.0015  0.0015  0.0000
1.8550  0.0000  -0.0015  0.0015  0.0000
1.8599  0.0000  -0.0015  0.0015  0.0000
1.8668  0.0000  -0.0016  0.0016  0.0000
1.8730  0.0000  -0.0016  0.0016  0.0000
1.8801  0.0000  -0.0016  0.0016  0.0000
1.8862  0.0000  -0.0016  0.0016  0.0000
1.8949  0.0000  -0.0015  0.0015  0.0000
1.9040  0.0000  -0.0015  0.0015  0.0000
1.9087  0.0000  -0.0016  0.0016  0.0000
1.9152  0.0000  -0.0016  0.0016  0.0000
1.9217  0.0000  -0.0016  0.0016  0.0000
1.9301  0.0000  -0.0016  0.0016  0.0000
1.9359  0.0000  -0.0016  0.0016  0.0000
1.9415  0.0000  -0.0016  0.0016  0.0000
1.9472  0.0000  -0.0016  0.0016  0.0000
1.9533  0.0000  -0.0016  0.0016  0.0000
1.9590  0.0000  -0.0016  0.0016  0.0000
1.9645  0.0000  -0.0016  0.0016  0.0000
1.9699  0.0000  -0.0016  0.0016  0.0000
1.9747  0.0000  -0.0016  0.0016  0.0000
1.9805  0.0000  -0.0016  0.0016  0.0000
1.9871  0.0000  -0.0016  0.0016  0.0000
1.9932  0.0000  -0.0016  0.0016  0.0000
1.9989  0.0000  -0.0016  0.0016  0.0000
2.0052  0.0000  -0.0016  0.0016  0.0000
2.0199  0.0000  -0.0016  0.0016  0.0020
2.0290  0.0000  -0.0016  0.0016  0.0021
2.0466  0.0000  -0.0016  0.0016  0.0021
2.0575  0.0000  -0.0016  0.0016  0.0022
2.0666  0.0000  -0.0017  0.0017  0.0032
2.0767  0.0000  -0.0017  0.0017  0.0019
2.0872  0.0000  -0.0025  0.0025  0.0132
2.0971  0.0000  -0.0032  0.0032  0.0149
2.1064  0.0000  -0.0024  0.0024  -0.0092
2.1154  0.0000  -0.0013  0.0013  -0.0123
2.1243  0.0000  -0.0004  0.0004  -0.0127
2.1331  0.0000  0.0007  -0.0007  -0.0171
2.1415  0.0000  0.0017  -0.0017  -0.0176
2.1510  0.0000  0.0025  -0.0025  -0.0150
2.1601  0.0000  0.0033  -0.0033  -0.0142
2.1693  0.0000  0.0043  -0.0043  -0.0197
2.1786  0.0000  0.0054  -0.0054  -0.0219
2.1878  0.0000  0.0059  -0.0059  -0.0138
2.1967  0.0000  0.0060  -0.0060  -0.0086
2.2053  0.0000  0.0054  -0.0054  0.0020
2.2139  0.0000  0.0045  -0.0045  0.0079
2.2223  0.0000  0.0035  -0.0035  0.0103
2.2308  0.0000  0.0035  -0.0035  -0.0043
2.2390  0.0000  0.0037  -0.0037  -0.0083
2.2473  0.0000  0.0042  -0.0042  -0.0141
2.2560  0.0000  0.0051  -0.0051  -0.0207
2.2641  0.0000  0.0062  -0.0062  -0.0259
2.2721  0.0000  0.0070  -0.0070  -0.0229
2.2801  0.0000  0.0067  -0.0067  -0.0045
2.2882  0.0000  0.0051  -0.0051  0.0189
2.2972  0.0000  0.0034  -0.0034  0.0233
2.3058  0.0000  0.0011  -0.0011  0.0311
2.3145  0.0000  -0.0014  0.0014  0.0363
2.3244  0.0000  -0.0035  0.0035  0.0332
2.3332  0.0000  -0.0064  0.0064  0.0473
2.3415  0.0000  -0.0089  0.0089  0.0513
2.3501  0.0000  -0.0101  0.0101  0.0298
2.3593  0.0000  -0.0111  0.0111  0.0280
2.3682  0.0000  -0.0126  0.0126  0.0358
2.3769  0.0000  -0.0143  0.0143  0.0434
2.3854  0.0000  -0.0150  0.0150  0.0298
2.3942  0.0000  -0.0158  0.0158  0.0316
2.4031  0.0000  -0.0171  0.0171  0.0406
2.4122  0.0000  -0.0184  0.0184  0.0439
2.4208  0.0000  -0.0194  0.0194  0.0408
2.4292  0.0000  -0.0186  0.0186  0.0128
2.4378  0.0000  -0.0180  0.0180  0.0144
2.4461  0.0000  -0.0171  0.0171  0.0098
2.4550  0.0000  -0.0160  0.0160  0.0067
2.4645  0.0000  -0.0148  0.0148  0.0034
2.4733  0.0000  -0.0143  0.0143  0.0143
2.4822  0.0000  -0.0134  0.0134  0.0082
2.4914  0.0000  -0.0124  0.0124  0.0045
2.5001  0.0000  -0.0092  0.0092  -0.0303
2.5098  0.0000  -0.0061  0.0061  -0.0313
2.5197  0.0000  -0.0035  0.0035  -0.0243
2.5289  0.0000  -0.0016  0.0016  -0.0211
2.5384  0.0000  -0.0002  0.0002  -0.0145
2.5559  0.0000  0.0006  -0.0006  -0.0053
2.5654  0.0000  0.0044  -0.0044  -0.0301
2.5749  0.0000  0.0063  -0.0063  -0.0268
2.5839  0.0000  0.0069  -0.0069  -0.0113
2.5931  0.0000  0.0060  -0.0060  0.0100
2.6013  0.0000  0.0047  -0.0047  0.0201
2.6100  0.0000  0.0034  -0.0034  0.0196
2.6192  0.0000  0.0043  -0.0043  -0.0130
2.6277  0.0000  0.0053  -0.0053  -0.0169
2.6363  0.0000  0.0071  -0.0071  -0.0321
2.6452  0.0000  0.0087  -0.0087  -0.0302
2.6545  0.0000  0.0098  -0.0098  -0.0244
2.6634  0.0000  0.0105  -0.0105  -0.0192
2.6732  0.0000  0.0107  -0.0107  -0.0128
2.6822  0.0000  0.0102  -0.0102  -0.0028
2.6911  0.0000  0.0096  -0.0096  0.0003
2.7000  0.0000  0.0102  -0.0102  -0.0184
2.7098  0.0000  0.0117  -0.0117  -0.0313
2.7186  0.0000  0.0136  -0.0136  -0.0440
2.7276  0.0000  0.0159  -0.0159  -0.0502
2.7355  0.0000  0.0188  -0.0188  -0.0707
2.7435  0.0000  0.0217  -0.0217  -0.0678
2.7525  0.0000  0.0231  -0.0231  -0.0516
2.7619  0.0000  0.0245  -0.0245  -0.0512
2.7715  0.0000  0.0257  -0.0257  -0.0485
2.7806  0.0000  0.0261  -0.0261  -0.0393
2.7898  0.0000  0.0269  -0.0269  -0.0459
2.7991  0.0000  0.0277  -0.0277  -0.0475
2.8083  0.0000  0.0276  -0.0276  -0.0350
2.8181  0.0000  0.0267  -0.0267  -0.0234
2.8287  0.0000  0.0248  -0.0248  -0.0109
2.8390  0.0000  0.0228  -0.0228  -0.0079
2.8487  0.0000  0.0212  -0.0212  -0.0098
2.8578  0.0000  0.0196  -0.0196  -0.0084
2.8680  0.0000  0.0176  -0.0176  -0.0021
2.8777  0.0000  0.0144  -0.0144  0.0205
2.8869  0.0000  0.0107  -0.0107  0.0306
2.8964  0.0000  0.0071  -0.0071  0.0334
2.9055  0.0000  0.0042  -0.0042  0.0293
2.9155  0.0000  0.0012  -0.0012  0.0315
2.9248  0.0000  -0.0019  0.0019  0.0383
2.9348  0.0000  -0.0046  0.0046  0.0357
2.9452  0.0000  -0.0076  0.0076  0.0413
2.9545  0.0000  -0.0118  0.0118  0.0606
2.9636  0.0000  -0.0140  0.0140  0.0403
2.9732  0.0000  -0.0164  0.0164  0.0472
2.9829  0.0000  -0.0178  0.0178  0.0341
2.9920  0.0000  -0.0192  0.0192  0.0370
3.0011  0.0000  -0.0199  0.0199  0.0296
3.0095  0.0000  -0.0211  0.0211  0.0390
3.0188  0.0000  -0.0217  0.0217  0.0305
3.0289  0.0000  -0.0221  0.0221  0.0278
3.0386  0.0000  -0.0223  0.0223  0.0260
3.0474  0.0000  -0.0224  0.0224  0.0264
3.0662  0.0000  -0.0222  0.0222  0.0206
3.0759  0.0000  -0.0210  0.0210  0.0159
3.0855  0.0000  -0.0206  0.0206  0.0197
3.0947  0.0000  -0.0200  0.0200  0.0150
3.1039  0.0000  -0.0192  0.0192  0.0123
3.1131  0.0000  -0.0185  0.0185  0.0120
3.1221  0.0000  -0.0174  0.0174  0.0066
3.1314  0.0000  -0.0158  0.0158  -0.0019
3.1410  0.0000  -0.0130  0.0130  -0.0227
3.1500  0.0000  -0.0097  0.0097  -0.0334
3.1587  0.0000  -0.0071  0.0071  -0.0279
3.1678  0.0000  -0.0054  0.0054  -0.0154
3.1769  0.0000  -0.0040  0.0040  -0.0130
3.1863  0.0000  -0.0033  0.0033  -0.0036
3.1952  0.0000  -0.0031  0.0031  0.0037
3.2042  0.0000  -0.0016  0.0016  -0.0181
3.2135  0.0000  -0.0004  0.0004  -0.0132
3.2227  0.0000  0.0015  -0.0015  -0.0265
3.2320  0.0000  0.0039  -0.0039  -0.0369
3.2413  0.0000  0.0060  -0.0060  -0.0346
3.2509  0.0000  0.0078  -0.0078  -0.0322
3.2598  0.0000  0.0085  -0.0085  -0.0188
3.2689  0.0000  0.0093  -0.0093  -0.0200
3.2782  0.0000  0.0099  -0.0099  -0.0198
3.2870  0.0000  0.0107  -0.0107  -0.0233
3.2962  0.0000  0.0120  -0.0120  -0.0307
3.3063  0.0000  0.0130  -0.0130  -0.0300
3.3154  0.0000  0.0144  -0.0144  -0.0357
3.3246  0.0000  0.0150  -0.0150  -0.0260
3.3348  0.0000  0.0150  -0.0150  -0.0190
3.3435  0.0000  0.0144  -0.0144  -0.0088
3.3534  0.0000  0.0139  -0.0139  -0.0098
3.3627  0.0000  0.0125  -0.0125  0.0028
3.3721  0.0000  0.0111  -0.0111  0.0053
3.3813  0.0000  0.0103  -0.0103  -0.0033
3.3905  0.0000  0.0099  -0.0099  -0.0087
3.3998  0.0000  0.0088  -0.0088  0.0032
3.4096  0.0000  0.0068  -0.0068  0.0184
3.4191  0.0000  0.0038  -0.0038  0.0338
3.4292  0.0000  0.0003  -0.0003  0.0431
3.4386  0.0000  -0.0037  0.0037  0.0575
3.4481  0.0000  -0.0079  0.0079  0.0662
3.4581  0.0000  -0.0097  0.0097  0.0343
3.4696  0.0000  -0.0115  0.0115  0.0362
3.4797  0.0000  -0.0133  0.0133  0.0355
3.4925  0.0000  -0.0152  0.0152  0.0364
3.5023  0.0000  -0.0181  0.0181  0.0627
3.5126  0.0000  -0.0203  0.0203  0.0558
3.5213  0.0000  -0.0213  0.0213  0.0390
3.5294  0.0000  -0.0218  0.0218  0.0371
3.5377  0.0000  -0.0219  0.0219  0.0291
3.5461  0.0000  -0.0217  0.0217  0.0244
3.5541  0.0000  -0.0215  0.0215  0.0257
3.5698  0.0000  -0.0214  0.0214  0.0268
3.5789  0.0000  -0.0207  0.0207  0.0237
3.5883  0.0000  -0.0203  0.0203  0.0235
3.5976  0.0000  -0.0198  0.0198  0.0201
3.6061  0.0000  -0.0193  0.0193  0.0217
3.6146  0.0000  -0.0184  0.0184  0.0148
3.6232  0.0000  -0.0174  0.0174  0.0111
3.6321  0.0000  -0.0162  0.0162  0.0084
3.6408  0.0000  -0.0148  0.0148  0.0024
3.6496  0.0000  -0.0134  0.0134  0.0032
3.6599  0.0000  -0.0127  0.0127  0.0120
3.6696  0.0000  -0.0125  0.0125  0.0204
3.6784  0.0000  -0.0126  0.0126  0.0263
3.6874  0.0000  -0.0111  0.0111  -0.0024
3.6962  0.0000  -0.0099  0.0099  0.0043
3.7051  0.0000  -0.0084  0.0084  -0.0041
3.7141  0.0000  -0.0075  0.0075  0.0056
3.7233  0.0000  -0.0067  0.0067  0.0047
3.7329  0.0000  -0.0051  0.0051  -0.0055
3.7419  0.0000  -0.0044  0.0044  0.0043
3.7508  0.0000  -0.0034  0.0034  -0.0000
3.7601  0.0000  -0.0024  0.0024  -0.0016
3.7691  0.0000  -0.0013  0.0013  -0.0051
3.7784  0.0000  -0.0003  0.0003  -0.0042
3.7896  0.0000  0.0006  -0.0006  -0.0037
3.7990  0.0000  0.0012  -0.0012  0.0012
3.8078  0.0000  0.0020  -0.0020  -0.0038
3.8172  0.0000  0.0025  -0.0025  -0.0005
3.8295  0.0000  0.0031  -0.0031  -0.0017
3.8394  0.0000  0.0043  -0.0043  -0.0116
3.8485  0.0000  0.0051  -0.0051  -0.0073
3.8580  0.0000  0.0054  -0.0054  -0.0013
3.8667  0.0000  0.0052  -0.0052  0.0045
3.8755  0.0000  0.0055  -0.0055  -0.0017
3.8842  0.0000  0.0065  -0.0065  -0.0138
3.8932  0.0000  0.0071  -0.0071  -0.0088
3.9018  0.0000  0.0086  -0.0086  -0.0244
3.9095  0.0000  0.0096  -0.0096  -0.0217
3.9182  0.0000  0.0108  -0.0108  -0.0230
3.9265  0.0000  0.0124  -0.0124  -0.0329
3.9351  0.0000  0.0133  -0.0133  -0.0218
3.9433  0.0000  0.0148  -0.0148  -0.0356
3.9520  0.0000  0.0165  -0.0165  -0.0385
3.9603  0.0000  0.0178  -0.0178  -0.0357
3.9685  0.0000  0.0185  -0.0185  -0.0285
3.9768  0.0000  0.0190  -0.0190  -0.0248
3.9850  0.0000  0.0189  -0.0189  -0.0157
3.9933  0.0000  0.0190  -0.0190  -0.0211
4.0020  0.0000  0.0182  -0.0182  -0.0047
4.0104  0.0000  0.0176  -0.0176  -0.0086
4.0193  0.0000  0.0171  -0.0171  -0.0094
4.0283  0.0000  0.0153  -0.0153  0.0141
4.0370  0.0000  0.0139  -0.0139  0.0063
4.0454  0.0000  0.0121  -0.0121  0.0160
4.0539  0.0000  0.0093  -0.0093  0.0346
4.0625  0.0000  0.0072  -0.0072  0.0252
4.0781  0.0000  0.0055  -0.0055  0.0224
4.0879  0.0000  0.0041  -0.0041  0.0088
4.0974  0.0000  0.0032  -0.0032  0.0099
4.1061  0.0000  0.0017  -0.0017  0.0216
4.1149  0.0000  0.0002  -0.0002  0.0235
4.1238  0.0000  -0.0015  0.0015  0.0300
4.1333  0.0000  -0.0027  0.0027  0.0209
4.1430  0.0000  -0.0032  0.0032  0.0133
4.1524  0.0000  -0.0025  0.0025  -0.0043
4.1621  0.0000  -0.0015  0.0015  -0.0100
4.1711  0.0000  -0.0007  0.0007  -0.0093
4.1804  0.0000  -0.0003  0.0003  -0.0036
4.1897  0.0000  0.0007  -0.0007  -0.0124
4.1983  0.0000  0.0011  -0.0011  -0.0063
4.2074  0.0000  0.0022  -0.0022  -0.0162
4.2164  0.0000  0.0029  -0.0029  -0.0128
4.2254  0.0000  0.0043  -0.0043  -0.0235
4.2343  0.0000  0.0054  -0.0054  -0.0220
4.2435  0.0000  0.0061  -0.0061  -0.0161
4.2522  0.0000  0.0062  -0.0062  -0.0077
4.2610  0.0000  0.0063  -0.0063  -0.0081
4.2692  0.0000  0.0065  -0.0065  -0.0095
4.2783  0.0000  0.0069  -0.0069  -0.0146
4.2875  0.0000  0.0072  -0.0072  -0.0125
4.2971  0.0000  0.0076  -0.0076  -0.0139
4.3064  0.0000  0.0077  -0.0077  -0.0108
4.3152  0.0000  0.0081  -0.0081  -0.0158
4.3245  0.0000  0.0085  -0.0085  -0.0161
4.3335  0.0000  0.0086  -0.0086  -0.0122
4.3456  0.0000  0.0084  -0.0084  -0.0076
4.3553  0.0000  0.0077  -0.0077  -0.0023
4.3674  0.0000  0.0072  -0.0072  -0.0045
4.3773  0.0000  0.0072  -0.0072  -0.0096
4.3877  0.0000  0.0065  -0.0065  -0.0007
4.3973  0.0000  0.0047  -0.0047  0.0192
4.4063  0.0000  0.0026  -0.0026  0.0244
4.4154  0.0000  0.0009  -0.0009  0.0226
4.4233  0.0000  -0.0008  0.0008  0.0274
4.4320  0.0000  -0.0018  0.0018  0.0151
4.4406  0.0000  -0.0023  0.0023  0.0086
4.4494  0.0000  -0.0029  0.0029  0.0125
4.4581  0.0000  -0.0036  0.0036  0.0129
4.4665  0.0000  -0.0051  0.0051  0.0284
4.4750  0.0000  -0.0069  0.0069  0.0343
4.4833  0.0000  -0.0084  0.0084  0.0337
4.4918  0.0000  -0.0102  0.0102  0.0394
4.5007  0.0000  -0.0106  0.0106  0.0184
4.5085  0.0000  -0.0107  0.0107  0.0150
4.5169  0.0000  -0.0105  0.0105  0.0088
4.5260  0.0000  -0.0109  0.0109  0.0197
4.5343  0.0000  -0.0112  0.0112  0.0188
4.5428  0.0000  -0.0120  0.0120  0.0272
4.5518  0.0000  -0.0119  0.0119  0.0148
4.5602  0.0000  -0.0124  0.0124  0.0241
4.5688  0.0000  -0.0116  0.0116  0.0017
4.5855  0.0000  -0.0102  0.0102  -0.0069
4.5946  0.0000  -0.0072  0.0072  -0.0130
4.6030  0.0000  -0.0055  0.0055  -0.0195
4.6118  0.0000  -0.0039  0.0039  -0.0160
4.6207  0.0000  -0.0022  0.0022  -0.0204
4.6287  0.0000  -0.0002  0.0002  -0.0298
4.6377  0.0000  0.0015  -0.0015  -0.0257
4.6463  0.0000  0.0035  -0.0035  -0.0316
4.6553  0.0000  0.0053  -0.0053  -0.0302
4.6640  0.0000  0.0064  -0.0064  -0.0239
4.6731  0.0000  0.0076  -0.0076  -0.0246
4.6819  0.0000  0.0082  -0.0082  -0.0173
4.6901  0.0000  0.0088  -0.0088  -0.0180
4.6983  0.0000  0.0095  -0.0095  -0.0224
4.7066  0.0000  0.0103  -0.0103  -0.0238
4.7148  0.0000  0.0114  -0.0114  -0.0299
4.7230  0.0000  0.0123  -0.0123  -0.0291
4.7321  0.0000  0.0130  -0.0130  -0.0259
4.7402  0.0000  0.0135  -0.0135  -0.0250
4.7489  0.0000  0.0137  -0.0137  -0.0189
4.7576  0.0000  0.0136  -0.0136  -0.0160
4.7657  0.0000  0.0132  -0.0132  -0.0102
4.7739  0.0000  0.0130  -0.0130  -0.0134
4.7821  0.0000  0.0128  -0.0128  -0.0139
4.7900  0.0000  0.0129  -0.0129  -0.0187
4.7982  0.0000  0.0124  -0.0124  -0.0103
4.8066  0.0000  0.0121  -0.0121  -0.0106
4.8148  0.0000  0.0113  -0.0113  -0.0050
4.8228  0.0000  0.0105  -0.0105  -0.0012
4.8310  0.0000  0.0095  -0.0095  0.0009
4.8396  0.0000  0.0087  -0.0087  0.0008
4.8475  0.0000  0.0078  -0.0078  0.0010
4.8571  0.0000  0.0072  -0.0072  -0.0031
4.8663  0.0000  0.0062  -0.0062  0.0028
4.8746  0.0000  0.0053  -0.0053  0.0037
4.8830  0.0000  0.0039  -0.0039  0.0132
4.8915  0.0000  0.0028  -0.0028  0.0093
4.9013  0.0000  0.0020  -0.0020  0.0060
4.9111  0.0000  0.0011  -0.0011  0.0066
4.9210  0.0000  -0.0000  0.0000  0.0100
4.9296  0.0000  -0.0014  0.0014  0.0181
4.9384  0.0000  -0.0025  0.0025  0.0148
4.9468  0.0000  -0.0038  0.0038  0.0227
4.9552  0.0000  -0.0048  0.0048  0.0169
4.9640  0.0000  -0.0060  0.0060  0.0212
4.9728  0.0000  -0.0065  0.0065  0.0131
4.9820  0.0000  -0.0063  0.0063  0.0003
4.9911  0.0000  -0.0059  0.0059  -0.0014
5.0008  0.0000  -0.0051  0.0051  -0.0071
5.0098  0.0000  -0.0041  0.0041  -0.0142
5.0256  0.0000  -0.0025  0.0025  0.0000
5.0360  0.0000  -0.0017  0.0017  0.0000
5.0424  0.0000  -0.0013  0.0013  0.0000
5.0490  0.0000  -0.0007  0.0007  0.0000
5.0558  0.0000  0.0002  -0.0002  0.0000
5.0617  0.0000  0.0004  -0.0004  0.0000
5.0664  0.0000  0.0008  -0.0008  0.0000
5.0733  0.0000  0.0008  -0.0008  0.0000
5.0832  0.0000  0.0004  -0.0004  0.0000
5.0900  0.0000  -0.0001  0.0001  0.0000
5.0956  0.0000  -0.0005  0.0005  0.0000
5.1022  0.0000  -0.0008  0.0008  0.0000
5.1084  0.0000  -0.0011  0.0011  0.0000
5.1139  0.0000  -0.0012  0.0012  0.0000
5.1200  0.0000  -0.0014  0.0014  0.0000
5.1255  0.0000  -0.0019  0.0019  0.0000
5.1311  0.0000  -0.0028  0.0028  0.0000
5.1366  0.0000  -0.0034  0.0034  0.0000
5.1420  0.0000  -0.0038  0.0038  0.0000
5.1473  0.0000  -0.0045  0.0045  0.0000
5.1527  0.0000  -0.0050  0.0050  0.0000
5.1585  0.0000  -0.0053  0.0053  0.0000
5.1651  0.0000  -0.0062  0.0062  0.0000
5.1705  0.0000  -0.0072  0.0072  0.0000
5.1756  0.0000  -0.0074  0.0074  0.0000
5.1806  0.0000  -0.0086  0.0086  0.0000
5.1856  0.0000  -0.0091  0.0091  0.0000
5.1908  0.0000  -0.0098  0.0098  0.0000
5.1962  0.0000  -0.0105  0.0105  0.0000
5.2017  0.0000  -0.0114  0.0114  0.0000
5.2071  0.0000  -0.0117  0.0117  0.0000
5.2125  0.0000  -0.0126  0.0126  0.0000
5.2178  0.0000  -0.0134  0.0134  0.0000
5.2229  0.0000  -0.0135  0.0135  0.0000
5.2280  0.0000  -0.0140  0.0140  0.0000
5.2349  0.0000  -0.0144  0.0144  0.0000
5.2404  0.0000  -0.0148  0.0148  0.0000
5.2454  0.0000  -0.0148  0.0148  0.0000
5.2503  0.0000  -0.0151  0.0151  0.0000
5.2551  0.0000  -0.0152  0.0152  0.0000
5.2601  0.0000  -0.0152  0.0152  0.0000
5.2651  0.0000  -0.0153  0.0153  0.0000
5.2699  0.0000  -0.0155  0.0155  0.0000
5.2752  0.0000  -0.0153  0.0153  0.0000
5.2802  0.0000  -0.0151  0.0151  0.0000
5.2852  0.0000  -0.0150  0.0150  0.0000
5.2899  0.0000  -0.0149  0.0149  0.0000
5.2953  0.0000  -0.0149  0.0149  0.0000
5.3003  0.0000  -0.0145  0.0145  0.0000
5.3053  0.0000  -0.0145  0.0145  0.0000
5.3102  0.0000  -0.0144  0.0144  0.0000
5.3158  0.0000  -0.0143  0.0143  0.0000
5.3214  0.0000  -0.0142  0.0142  0.0000
5.3274  0.0000  -0.0143  0.0143  0.0000
5.3332  0.0000  -0.0141  0.0141  0.0000
5.3387  0.0000  -0.0137  0.0137  0.0000
5.3456  0.0000  -0.0132  0.0132  0.0000
5.3510  0.0000  -0.0131  0.0131  0.0000
5.3572  0.0000  -0.0129  0.0129  0.0000
5.3626  0.0000  -0.0130  0.0130  0.0000
5.3678  0.0000  -0.0128  0.0128  0.0000
5.3729  0.0000  -0.0129  0.0129  0.0000
5.3782  0.0000  -0.0127  0.0127  0.0000
5.3834  0.0000  -0.0124  0.0124  0.0000
5.3886  0.0000  -0.0119  0.0119  0.0000
5.3942  0.0000  -0.0113  0.0113  0.0000
5.3995  0.0000  -0.0107  0.0107  0.0000
5.4046  0.0000  -0.0107  0.0107  0.0000
5.4098  0.0000  -0.0104  0.0104  0.0000
5.4151  0.0000  -0.0102  0.0102  0.0000
5.4203  0.0000  -0.0100  0.0100  0.0000
5.4255  0.0000  -0.0099  0.0099  0.0000
5.4307  0.0000  -0.0099  0.0099  0.0000
5.4359  0.0000  -0.0097  0.0097  0.0000
5.4400  0.0000  -0.0094  0.0094  0.0000
5.4451  0.0000  -0.0090  0.0090  0.0000
5.4498  0.0000  -0.0086  0.0086  0.0000
5.4548  0.0000  -0.0081  0.0081  0.0000
5.4599  0.0000  -0.0077  0.0077  0.0000
5.4659  0.0000  -0.0073  0.0073  0.0000
5.4708  0.0000  -0.0072  0.0072  0.0000
5.4760  0.0000  -0.0068  0.0068  0.0000
5.4820  0.0000  -0.0067  0.0067  0.0000
5.4873  0.0000  -0.0063  0.0063  0.0000
5.4927  0.0000  -0.0062  0.0062  0.0000
5.4979  0.0000  -0.0061  0.0061  0.0000
5.5033  0.0000  -0.0060  0.0060  0.0000
5.5086  0.0000  -0.0052  0.0052  0.0000
5.5141  0.0000  -0.0048  0.0048  0.0000
5.5194  0.0000  -0.0042  0.0042  0.0000
5.5318  0.0000  -0.0032  0.0032  0.0000
5.5371  0.0000  -0.0024  0.0024  0.0000
5.5426  0.0000  -0.0018  0.0018  0.0000
5.5480  0.0000  -0.0017  0.0017  0.0000
5.5534  0.0000  -0.0010  0.0010  0.0000
5.5589  0.0000  -0.0009  0.0009  0.0000
5.5644  0.0000  -0.0003  0.0003  0.0000
5.5699  0.0000  -0.0002  0.0002  0.0000
5.5753  0.0000  0.0001  -0.0001  0.0000
5.5809  0.0000  0.0002  -0.0002  0.0000
5.5899  0.0000  0.0003  -0.0003  0.0000
5.5967  0.0000  0.0006  -0.0006  0.0000
5.6022  0.0000  0.0009  -0.0009  0.0000
5.6082  0.0000  0.0012  -0.0012  0.0000
5.6142  0.0000  0.0012  -0.0012  0.0000
5.6191  0.0000  0.0014  -0.0014  0.0000
5.6244  0.0000  0.0012  -0.0012  0.0000
5.6302  0.0000  0.0013  -0.0013  0.0000
5.6362  0.0000  0.0011  -0.0011  0.0000
5.6425  0.0000  0.0009  -0.0009  0.0000
5.6479  0.0000  0.0009  -0.0009  0.0000
5.6534  0.0000  0.0008  -0.0008  0.0000
5.6589  0.0000  0.0008  -0.0008  0.0000
5.6643  0.0000  0.0008  -0.0008  0.0000
5.6697  0.0000  0.0008  -0.0008  0.0000
5.6753  0.0000  0.0008  -0.0008  0.0000
5.6814  0.0000  0.0006  -0.0006  0.0000
5.6869  0.0000  0.0004  -0.0004  0.0000
5.6926  0.0000  -0.0000  0.0000  0.0000
5.6985  0.0000  -0.0005  0.0005  0.0000
5.7041  0.0000  -0.0010  0.0010  0.0000
5.7099  0.0000  -0.0016  0.0016  0.0000
5.7153  0.0000  -0.0021  0.0021  0.0000
5.7209  0.0000  -0.0026  0.0026  0.0000
5.7262  0.0000  -0.0029  0.0029  0.0000
5.7307  0.0000  -0.0032  0.0032  0.0000
5.7361  0.0000  -0.0034  0.0034  0.0000
5.7404  0.0000  -0.0036  0.0036  0.0000
5.7463  0.0000  -0.0038  0.0038  0.0000
5.7517  0.0000  -0.0039  0.0039  0.0000
5.7572  0.0000  -0.0040  0.0040  0.0000
5.7626  0.0000  -0.0041  0.0041  0.0000
5.7680  0.0000  -0.0044  0.0044  0.0000
5.7732  0.0000  -0.0045  0.0045  0.0000
5.7786  0.0000  -0.0048  0.0048  0.0000
5.7840  0.0000  -0.0049  0.0049  0.0000
5.7893  0.0000  -0.0051  0.0051  0.0000
5.7946  0.0000  -0.0054  0.0054  0.0000
5.8000  0.0000  -0.0055  0.0055  0.0000
5.8054  0.0000  -0.0057  0.0057  0.0000
5.8110  0.0000  -0.0061  0.0061  0.0000
5.8162  0.0000  -0.0064  0.0064  0.0000
5.8229  0.0000  -0.0068  0.0068  0.0000
5.8283  0.0000  -0.0073  0.0073  0.0000
5.8333  0.0000  -0.0078  0.0078  0.0000
5.8389  0.0000  -0.0083  0.0083  0.0000
5.8444  0.0000  -0.0087  0.0087  0.0000
5.8497  0.0000  -0.0094  0.0094  0.0000
5.8557  0.0000  -0.0099  0.0099  0.0000
5.8646  0.0000  -0.0107  0.0107  0.0000
5.8703  0.0000  -0.0117  0.0117  0.0000
5.8752  0.0000  -0.0124  0.0124  0.0000
5.8799  0.0000  -0.0131  0.0131  0.0000
5.8852  0.0000  -0.0138  0.0138  0.0000
5.8903  0.0000  -0.0145  0.0145  0.0000
5.8957  0.0000  -0.0151  0.0151  0.0000
5.9010  0.0000  -0.0158  0.0158  0.0000
5.9064  0.0000  -0.0165  0.0165  0.0000
5.9118  0.0000  -0.0170  0.0170  0.0000
5.9171  0.0000  -0.0175  0.0175  0.0000
5.9227  0.0000  -0.0180  0.0180  0.0000
5.9279  0.0000  -0.0186  0.0186  0.0000
5.9332  0.0000  -0.0190  0.0190  0.0000
5.9385  0.0000  -0.0193  0.0193  0.0000
5.9448  0.0000  -0.0197  0.0197  0.0000
5.9502  0.0000  -0.0200  0.0200  0.0000
5.9554  0.0000  -0.0203  0.0203  0.0000
5.9609  0.0000  -0.0203  0.0203  0.0000
5.9661  0.0000  -0.0205  0.0205  0.0000
5.9715  0.0000  -0.0206  0.0206  0.0000
5.9768  0.0000  -0.0207  0.0207  0.0000
5.9821  0.0000  -0.0207  0.0207  0.0000
5.9878  0.0000  -0.0205  0.0205  0.0000
5.9933  0.0000  -0.0205  0.0205  0.0000
5.9989  0.0000  -0.0204  0.0204  0.0000
6.0045  0.0000  -0.0202  0.0202  0.0000
6.0101  0.0000  -0.0200  0.0200  0.0000
6.0157  0.0000  -0.0198  0.0198  0.0000
6.0210  0.0000  -0.0197  0.0197  0.0000
6.0333  0.0000  -0.0196  0.0196  0.0000
6.0386  0.0000  -0.0192  0.0192  0.0000
6.0441  0.0000  -0.0191  0.0191  0.0000
6.0494  0.0000  -0.0191  0.0191  0.0000
6.0546  0.0000  -0.0190  0.0190  0.0000
6.0599  0.0000  -0.0190  0.0190  0.0000
6.0656  0.0000  -0.0190  0.0190  0.0000
6.0709  0.0000  -0.0190  0.0190  0.0000
6.0792  0.0000  -0.0191  0.0191  0.0000
6.0845  0.0000  -0.0191  0.0191  0.0000
6.0922  0.0000  -0.0191  0.0191  0.0000
6.1020  0.0000  -0.0192  0.0192  0.0000
6.1088  0.0000  -0.0193  0.0193  0.0000
6.1154  0.0000  -0.0194  0.0194  0.0000
6.1222  0.0000  -0.0195  0.0195  0.0000
6.1295  0.0000  -0.0195  0.0195  0.0000
6.1347  0.0000  -0.0195  0.0195  0.0000
6.1397  0.0000  -0.0195  0.0195  0.0000
6.1450  0.0000  -0.0195  0.0195  0.0000
6.1500  0.0000  -0.0195  0.0195  0.0000
6.1551  0.0000  -0.0195  0.0195  0.0000
6.1606  0.0000  -0.0195  0.0195  0.0000
6.1659  0.0000  -0.0195  0.0195  0.0000
6.1712  0.0000  -0.0194  0.0194  0.0000
6.1765  0.0000  -0.0194  0.0194  0.0000
6.1817  0.0000  -0.0194  0.0194  0.0000
6.1858  0.0000  -0.0194  0.0194  0.0000
6.1910  0.0000  -0.0194  0.0194  0.0000
6.1962  0.0000  -0.0193  0.0193  0.0000
6.2017  0.0000  -0.0193  0.0193  0.0000
6.2073  0.0000  -0.0193  0.0193  0.0000
6.2129  0.0000  -0.0194  0.0194  0.0000
6.2185  0.0000  -0.0194  0.0194  0.0000
6.2243  0.0000  -0.0195  0.0195  0.0000
6.2299  0.0000  -0.0195  0.0195  0.0000
6.2357  0.0000  -0.0195  0.0195  0.0000
6.2414  0.0000  -0.0195  0.0195  0.0000
6.2471  0.0000  -0.0195  0.0195  0.0000
6.2528  0.0000  -0.0195  0.0195  0.0000
6.2585  0.0000  -0.0195  0.0195  0.0000
6.2643  0.0000  -0.0195  0.0195  0.0000
6.2699  0.0000  -0.0195  0.0195  0.0000
6.2758  0.0000  -0.0195  0.0195  0.0000
6.2814  0.0000  -0.0195  0.0195  0.0000
6.2872  0.0000  -0.0195  0.0195  0.0000
6.2931  0.0000  -0.0195  0.0195  0.0000
6.2987  0.0000  -0.0195  0.0195  0.0000
6.3042  0.0000  -0.0195  0.0195  0.0000
6.3089  0.0000  -0.0195  0.0195  0.0000
6.3148  0.0000  -0.0195  0.0195  0.0000
6.3205  0.0000  -0.0195  0.0195  0.0000
6.3259  0.0000  -0.0195  0.0195  0.0000
6.3313  0.0000  -0.0195  0.0195  0.0000
6.3367  0.0000  -0.0195  0.0195  0.0000
6.3418  0.0000  -0.0195  0.0195  0.0000
6.3473  0.0000  -0.0195  0.0195  0.0000
6.3529  0.0000  -0.0195  0.0195  0.0000
6.3584  0.0000  -0.0195  0.0195  0.0000
6.3648  0.0000  -0.0195  0.0195  0.0000
6.3700  0.0000  -0.0195  0.0195  0.0000
6.3761  0.0000  -0.0195  0.0195  0.0000
6.3822  0.0000  -0.0195  0.0195  0.0000
6.3874  0.0000  -0.0195  0.0195  0.0000
6.3926  0.0000  -0.0195  0.0195  0.0000
6.3980  0.0000  -0.0195  0.0195  0.0000
6.4032  0.0000  -0.0195  0.0195  0.0000
6.4085  0.0000  -0.0195  0.0195  0.0000
6.4136  0.0000  -0.0195  0.0195  0.0000
6.4189  0.0000  -0.0195  0.0195  0.0000
6.4244  0.0000  -0.0195  0.0195  0.0000
6.4298  0.0000  -0.0195  0.0195  0.0000
6.4353  0.0000  -0.0195  0.0195  0.0000
6.4408  0.0000  -0.0195  0.0195  0.0000
6.4464  0.0000  -0.0195  0.0195  0.0000
6.4529  0.0000  -0.0195  0.0195  0.0000
6.4588  0.0000  -0.0196  0.0196  0.0000
6.4644  0.0000  -0.0196  0.0196  0.0000
6.4699  0.0000  -0.0196  0.0196  0.0000
6.4759  0.0000  -0.0196  0.0196  0.0000
6.4815  0.0000  -0.0196  0.0196  0.0000
6.4869  0.0000  -0.0196  0.0196  0.0000
6.4927  0.0000  -0.0196  0.0196  0.0000
6.4985  0.0000  -0.0196  0.0196  0.0000
6.5036  0.0000  -0.0196  0.0196  0.0000
6.5088  0.0000  -0.0197  0.0197  0.0000
6.5140  0.0000  -0.0196  0.0196  0.0000
6.5192  0.0000  -0.0197  0.0197  0.0000
6.5244  0.0000  -0.0197  0.0197  0.0000
6.5368  0.0000  -0.0197  0.0197  0.0000
6.5420  0.0000  -0.0197  0.0197  0.0000
6.5464  0.0000  -0.0197  0.0197  0.0000
6.5515  0.0000  -0.0197  0.0197  0.0000
6.5566  0.0000  -0.0197  0.0197  0.0000
6.5618  0.0000  -0.0197  0.0197  0.0000
6.5671  0.0000  -0.0197  0.0197  0.0000
6.5722  0.0000  -0.0197  0.0197  0.0000
6.5775  0.0000  -0.0197  0.0197  0.0000
6.5830  0.0000  -0.0197  0.0197  0.0000
6.5882  0.0000  -0.0197  0.0197  0.0000
6.5956  0.0000  -0.0197  0.0197  0.0000
6.6010  0.0000  -0.0197  0.0197  0.0000
6.6074  0.0000  -0.0197  0.0197  0.0000
6.6130  0.0000  -0.0197  0.0197  0.0000
6.6193  0.0000  -0.0197  0.0197  0.0000
6.6255  0.0000  -0.0198  0.0198  0.0000
6.6313  0.0000  -0.0198  0.0198  0.0000
6.6390  0.0000  -0.0198  0.0198  0.0000
6.6447  0.0000  -0.0198  0.0198  0.0000
6.6502  0.0000  -0.0198  0.0198  0.0000
6.6559  0.0000  -0.0198  0.0198  0.0000
6.6614  0.0000  -0.0198  0.0198  0.0000
6.6662  0.0000  -0.0198  0.0198  0.0000
6.6733  0.0000  -0.0198  0.0198  0.0000
6.6800  0.0000  -0.0198  0.0198  0.0000
6.6861  0.0000  -0.0198  0.0198  0.0000
6.6919  0.0000  -0.0198  0.0198  0.0000
6.6984  0.0000  -0.0198  0.0198  0.0000
6.7048  0.0000  -0.0198  0.0198  0.0000
6.7109  0.0000  -0.0198  0.0198  0.0000
6.7178  0.0000  -0.0198  0.0198  0.0000
6.7235  0.0000  -0.0198  0.0198  0.0000
6.7296  0.0000  -0.0198  0.0198  0.0000
6.7357  0.0000  -0.0198  0.0198  0.0000
6.7413  0.0000  -0.0198  0.0198  0.0000
6.7467  0.0000  -0.0198  0.0198  0.0000
6.7523  0.0000  -0.0198  0.0198  0.0000
6.7567  0.0000  -0.0198  0.0198  0.0000
6.7630  0.0000  -0.0198  0.0198  0.0000
6.7676  0.0000  -0.0198  0.0198  0.0000
6.7733  0.0000  -0.0198  0.0198  0.0000
6.7789  0.0000  -0.0198  0.0198  0.0000
6.7842  0.0000  -0.0198  0.0198  0.0000
6.7894  0.0000  -0.0198  0.0198  0.0000
6.7948  0.0000  -0.0198  0.0198  0.0000
6.8011  0.0000  -0.0198  0.0198  0.0000
6.8074  0.0000  -0.0198  0.0198  0.0000
6.8139  0.0000  -0.0199  0.0199  0.0000
6.8206  0.0000  -0.0199  0.0199  0.0000
6.8268  0.0000  -0.0199  0.0199  0.0000
6.8333  0.0000  -0.0199  0.0199  0.0000
6.8384  0.0000  -0.0199  0.0199  0.0000
6.8447  0.0000  -0.0199  0.0199  0.0000
6.8511  0.0000  -0.0199  0.0199  0.0000
6.8600  0.0000  -0.0199  0.0199  0.0000
6.8701  0.0000  -0.0199  0.0199  0.0000
6.8768  0.0000  -0.0199  0.0199  0.0000
6.8829  0.0000  -0.0199  0.0199  0.0000
6.8887  0.0000  -0.0199  0.0199  0.0000
6.8945  0.0000  -0.0199  0.0199  0.0000
6.9003  0.0000  -0.0199  0.0199  0.0000
6.9072  0.0000  -0.0199  0.0199  0.0000
6.9130  0.0000  -0.0199  0.0199  0.0000
6.9189  0.0000  -0.0199  0.0199  0.0000
6.9243  0.0000  -0.0199  0.0199  0.0000
6.9302  0.0000  -0.0199  0.0199  0.0000
6.9358  0.0000  -0.0199  0.0199  0.0000
6.9412  0.0000  -0.0199  0.0199  0.0000
6.9465  0.0000  -0.0199  0.0199  0.0000
6.9520  0.0000  -0.0199  0.0199  0.0000
6.9575  0.0000  -0.0199  0.0199  0.0000
6.9629  0.0000  -0.0199  0.0199  0.0000
6.9685  0.0000  -0.0199  0.0199  0.0000
6.9742  0.0000  -0.0199  0.0199  0.0000
6.9797  0.0000  -0.0199  0.0199  0.0000
6.9855  0.0000  -0.0199  0.0199  0.0000
6.9909  0.0000  -0.0199  0.0199  0.0000
6.9964  0.0000  -0.0199  0.0199  0.0000
7.0019  0.0000  -0.0199  0.0199  0.0000
7.0074  0.0000  -0.0199  0.0199  0.0000
7.0128  0.0000  -0.0199  0.0199  0.0000
7.0236  0.0000  -0.0198  0.0198  0.0000
7.0292  0.0000  -0.0198  0.0198  0.0000
7.0418  0.0000  -0.0198  0.0198  0.0000
7.0469  0.0000  -0.0198  0.0198  0.0000
7.0521  0.0000  -0.0198  0.0198  0.0000
7.0573  0.0000  -0.0198  0.0198  0.0000
7.0626  0.0000  -0.0198  0.0198  0.0000
7.0677  0.0000  -0.0198  0.0198  0.0000
7.0728  0.0000  -0.0199  0.0199  0.0000
7.0782  0.0000  -0.0199  0.0199  0.0000
7.0833  0.0000  -0.0200  0.0200  0.0000
7.0885  0.0000  -0.0200  0.0200  0.0000
7.0944  0.0000  -0.0199  0.0199  0.0000
7.1019  0.0000  -0.0199  0.0199  0.0000
7.1072  0.0000  -0.0200  0.0200  0.0000
7.1138  0.0000  -0.0200  0.0200  0.0000
