0.0314  0.0000  -0.0044  0.0044  0.0000
0.0422  0.0000  -0.0015  0.0015  0.0000
0.0530  0.0000  -0.0059  0.0059  0.0000
0.0655  0.0000  0.0015  -0.0015  0.0000
0.0767  0.0000  0.0000  0.0000  0.0000
0.0865  0.0000  0.0000  0.0000  0.0000
0.0964  0.0000  -0.0015  0.0015  0.0000
0.1091  0.0000  -0.0044  0.0044  0.0000
0.1203  0.0000  0.0015  -0.0015  0.0000
0.1309  0.0000  0.0000  0.0000  0.0000
0.1410  0.0000  0.0000  0.0000  0.0000
0.1512  0.0000  -0.0029  0.0029  0.0000
0.1614  0.0000  0.0000  0.0000  0.0000
0.1719  0.0000  -0.0015  0.0015  0.0000
0.1828  0.0000  0.0000  0.0000  0.0000
0.1937  0.0000  0.0000  0.0000  0.0000
0.2092  0.0000  0.0000  0.0000  0.0000
0.2197  0.0000  -0.0015  0.0015  0.0000
0.2340  0.0000  -0.0029  0.0029  0.0000
0.2466  0.0000  -0.0029  0.0029  0.0000
0.2575  0.0000  -0.0029  0.0029  0.0000
0.2684  0.0000  -0.0015  0.0015  0.0000
0.2800  0.0000  0.0000  0.0000  0.0000
0.2914  0.0000  0.0000  0.0000  0.0000
0.3026  0.0000  -0.0015  0.0015  0.0000
0.3131  0.0000  0.0000  0.0000  0.0000
0.3243  0.0000  -0.0059  0.0059  0.0000
0.3346  0.0000  0.0000  0.0000  0.0000
0.3450  0.0000  -0.0015  0.0015  0.0000
0.3548  0.0000  -0.0015  0.0015  0.0000
0.3635  0.0000  0.0000  0.0000  0.0000
0.3745  0.0000  0.0000  0.0000  0.0000
0.3850  0.0000  -0.0029  0.0029  0.0000
0.3955  0.0000  -0.0029  0.0029  0.0000
0.4063  0.0000  -0.0015  0.0015  0.0000
0.4167  0.0000  -0.0015  0.0015  0.0000
0.4275  0.0000  0.0000  0.0000  0.0000
0.4380  0.0000  0.0000  0.0000  0.0000
0.4484  0.0000  0.0000  0.0000  0.0000
0.4592  0.0000  -0.0029  0.0029  0.0000
0.4684  0.0000  -0.0029  0.0029  0.0000
0.4789  0.0000  -0.0029  0.0029  0.0000
0.4891  0.0000  -0.0029  0.0029  0.0000
0.4995  0.0000  -0.0015  0.0015  0.0000
0.5106  0.0000  0.0015  -0.0015  0.0000
0.5325  0.0000  -0.0015  0.0015  0.0000
0.5448  0.0000  0.0000  0.0000  0.0000
0.5557  0.0000  -0.0015  0.0015  0.0000
0.5669  0.0000  -0.0029  0.0029  0.0000
0.5775  0.0000  0.0000  0.0000  0.0000
0.5878  0.0000  0.0000  0.0000  0.0000
0.5993  0.0000  0.0000  0.0000  0.0000
0.6118  0.0000  0.0000  0.0000  0.0000
0.6233  0.0000  -0.0015  0.0015  0.0000
0.6349  0.0000  0.0015  -0.0015  0.0000
0.6460  0.0000  0.0000  0.0000  0.0000
0.6568  0.0000  -0.0029  0.0029  0.0000
0.6677  0.0000  -0.0015  0.0015  0.0000
0.6786  0.0000  -0.0015  0.0015  0.0000
0.6900  0.0000  -0.0015  0.0015  0.0000
0.7006  0.0000  -0.0029  0.0029  0.0000
0.7118  0.0000  -0.0015  0.0015  0.0000
0.7226  0.0000  -0.0015  0.0015  0.0000
0.7328  0.0000  -0.0015  0.0015  0.0000
0.7430  0.0000  0.0015  -0.0015  0.0000
0.7532  0.0000  -0.0015  0.0015  0.0000
0.7637  0.0000  -0.0059  0.0059  0.0000
0.7742  0.0000  -0.0029  0.0029  0.0000
0.7861  0.0000  0.0015  -0.0015  0.0000
0.7981  0.0000  0.0000  0.0000  0.0000
0.8084  0.0000  0.0000  0.0000  0.0000
0.8188  0.0000  -0.0015  0.0015  0.0000
0.8289  0.0000  -0.0029  0.0029  0.0000
0.8387  0.0000  0.0015  -0.0015  0.0000
0.8486  0.0000  0.0000  0.0000  0.0000
0.8588  0.0000  0.0000  0.0000  0.0000
0.8688  0.0000  -0.0029  0.0029  0.0000
0.8790  0.0000  0.0000  0.0000  0.0000
0.8892  0.0000  0.0000  0.0000  0.0000
0.8994  0.0000  0.0000  0.0000  0.0000
0.9099  0.0000  0.0000  0.0000  0.0000
0.9202  0.0000  0.0000  0.0000  0.0000
0.9309  0.0000  -0.0015  0.0015  0.0000
0.9416  0.0000  0.0015  -0.0015  0.0000
0.9518  0.0000  -0.0015  0.0015  0.0000
0.9627  0.0000  -0.0015  0.0015  0.0000
0.9750  0.0000  0.0000  0.0000  0.0000
0.9862  0.0000  0.0000  0.0000  0.0000
0.9962  0.0000  0.0000  0.0000  0.0000
1.0070  0.0000  -0.0029  0.0029  0.0000
1.0193  0.0000  -0.0029  0.0029  0.0000
1.0402  0.0000  -0.0059  0.0059  0.0000
1.0518  0.0000  0.0000  0.0000  0.0000
1.0652  0.0000  -0.0029  0.0029  0.0000
1.0770  0.0000  0.0000  0.0000  0.0000
1.0877  0.0000  -0.0015  0.0015  0.0000
1.0984  0.0000  0.0000  0.0000  0.0000
1.1099  0.0000  -0.0029  0.0029  0.0000
1.1248  0.0000  0.0000  0.0000  0.0000
1.1366  0.0000  -0.0015  0.0015  0.0000
1.1476  0.0000  0.0015  -0.0015  0.0000
1.1590  0.0000  0.0000  0.0000  0.0000
1.1689  0.0000  0.0015  -0.0015  0.0000
1.1822  0.0000  -0.0029  0.0029  0.0000
1.1932  0.0000  -0.0029  0.0029  0.0000
1.2044  0.0000  -0.0029  0.0029  0.0000
1.2154  0.0000  -0.0029  0.0029  0.0000
1.2278  0.0000  0.0000  0.0000  0.0000
1.2398  0.0000  -0.0015  0.0015  0.0000
1.2510  0.0000  0.0000  0.0000  0.0000
1.2620  0.0000  0.0000  0.0000  0.0000
1.2729  0.0000  0.0000  0.0000  0.0000
1.2842  0.0000  -0.0015  0.0015  0.0000
1.2954  0.0000  0.0000  0.0000  0.0000
1.3070  0.0000  -0.0029  0.0029  0.0000
1.3171  0.0000  -0.0044  0.0044  0.0000
1.3277  0.0000  -0.0029  0.0029  0.0000
1.3383  0.0000  -0.0029  0.0029  0.0000
1.3510  0.0000  0.0000  0.0000  0.0000
1.3658  0.0000  0.0000  0.0000  0.0000
1.3746  0.0000  0.0044  -0.0044  0.0000
1.3837  0.0000  -0.0015  0.0015  0.0000
1.3937  0.0000  0.0000  0.0000  0.0000
1.4036  0.0000  0.0044  -0.0044  0.0000
1.4137  0.0000  0.0000  0.0000  0.0000
1.4239  0.0000  0.0000  0.0000  0.0000
1.4330  0.0000  -0.0029  0.0029  0.0000
1.4430  0.0000  0.0000  0.0000  0.0000
1.4528  0.0000  -0.0029  0.0029  0.0000
1.4637  0.0000  -0.0029  0.0029  0.0000
1.4743  0.0000  -0.0029  0.0029  0.0000
1.4848  0.0000  -0.0029  0.0029  0.0000
1.4953  0.0000  -0.0015  0.0015  0.0000
1.5060  0.0000  0.0000  0.0000  0.0000
1.5173  0.0000  -0.0029  0.0029  0.0000
1.5285  0.0000  0.0000  0.0000  0.0000
1.5486  0.0000  0.0000  0.0000  0.0000
1.5599  0.0000  0.0000  0.0000  0.0000
1.5711  0.0000  -0.0029  0.0029  0.0000
1.5824  0.0000  0.0015  -0.0015  0.0000
1.5929  0.0000  0.0000  0.0000  0.0000
1.6039  0.0000  -0.0029  0.0029  0.0000
1.6150  0.0000  0.0000  0.0000  0.0000
1.6261  0.0000  -0.0015  0.0015  0.0000
1.6375  0.0000  -0.0015  0.0015  0.0000
1.6485  0.0000  0.0000  0.0000  0.0000
1.6592  0.0000  0.0000  0.0000  0.0000
1.6691  0.0000  -0.0015  0.0015  0.0000
1.6803  0.0000  0.0000  0.0000  0.0000
1.6919  0.0000  -0.0029  0.0029  0.0000
1.7029  0.0000  -0.0044  0.0044  0.0000
1.7136  0.0000  0.0000  0.0000  0.0000
1.7246  0.0000  -0.0029  0.0029  0.0000
1.7354  0.0000  0.0000  0.0000  0.0000
1.7465  0.0000  -0.0029  0.0029  0.0000
1.7579  0.0000  -0.0029  0.0029  0.0000
1.7687  0.0000  0.0000  0.0000  0.0000
1.7786  0.0000  -0.0029  0.0029  0.0000
1.7896  0.0000  0.0000  0.0000  0.0000
1.8005  0.0000  0.0000  0.0000  0.0000
1.8110  0.0000  0.0000  0.0000  0.0000
1.8217  0.0000  0.0015  -0.0015  0.0000
1.8332  0.0000  -0.0015  0.0015  0.0000
1.8431  0.0000  -0.0029  0.0029  0.0000
1.8545  0.0000  -0.0015  0.0015  0.0000
1.8653  0.0000  0.0015  -0.0015  0.0000
1.8762  0.0000  0.0029  -0.0029  0.0000
1.8859  0.0000  -0.0015  0.0015  0.0000
1.8967  0.0000  0.0000  0.0000  0.0000
1.9074  0.0000  -0.0029  0.0029  0.0000
1.9193  0.0000  -0.0029  0.0029  0.0000
1.9299  0.0000  -0.0029  0.0029  0.0000
1.9410  0.0000  0.0000  0.0000  0.0000
1.9515  0.0000  -0.0029  0.0029  0.0000
1.9624  0.0000  0.0000  0.0000  0.0000
1.9730  0.0000  0.0000  0.0000  0.0000
1.9838  0.0000  -0.0015  0.0015  0.0000
1.9946  0.0000  -0.0029  0.0029  0.0000
2.0053  0.0000  -0.0015  0.0015  0.0000
2.0156  0.0000  -0.0029  0.0029  0.0000
2.0284  0.0000  0.0015  -0.0015  0.0000
2.0389  0.0000  0.0000  0.0000  0.0000
