0.0158  0.0000  -0.0006  0.0006  0.0000
0.0216  0.0000  -0.0006  0.0006  0.0000
0.0287  0.0000  -0.0005  0.0005  0.0000
0.0352  0.0000  -0.0005  0.0005  0.0000
0.0417  0.0000  -0.0006  0.0006  0.0000
0.0481  0.0000  -0.0006  0.0006  0.0000
0.0534  0.0000  -0.0005  0.0005  0.0000
0.0596  0.0000  -0.0005  0.0005  0.0000
0.0676  0.0000  -0.0005  0.0005  0.0000
0.0743  0.0000  -0.0004  0.0004  0.0000
0.0805  0.0000  -0.0004  0.0004  0.0000
0.0871  0.0000  -0.0004  0.0004  0.0000
0.0931  0.0000  -0.0004  0.0004  0.0000
0.0999  0.0000  -0.0004  0.0004  0.0000
0.1057  0.0000  -0.0004  0.0004  0.0000
0.1112  0.0000  -0.0004  0.0004  0.0000
0.1171  0.0000  -0.0004  0.0004  0.0000
0.1226  0.0000  -0.0004  0.0004  0.0000
0.1283  0.0000  -0.0004  0.0004  0.0000
0.1341  0.0000  -0.0004  0.0004  0.0000
0.1396  0.0000  -0.0004  0.0004  0.0000
0.1452  0.0000  -0.0004  0.0004  0.0000
0.1511  0.0000  -0.0004  0.0004  0.0000
0.1570  0.0000  -0.0004  0.0004  0.0000
0.1626  0.0000  -0.0004  0.0004  0.0000
0.1682  0.0000  -0.0004  0.0004  0.0000
0.1742  0.0000  -0.0004  0.0004  0.0000
0.1798  0.0000  -0.0003  0.0003  0.0000
0.1857  0.0000  -0.0003  0.0003  0.0000
0.1914  0.0000  -0.0003  0.0003  0.0000
0.1966  0.0000  -0.0002  0.0002  0.0000
0.2024  0.0000  -0.0002  0.0002  0.0000
0.2081  0.0000  -0.0002  0.0002  0.0000
0.2157  0.0000  -0.0003  0.0003  0.0000
0.2221  0.0000  -0.0003  0.0003  0.0000
0.2289  0.0000  -0.0002  0.0002  0.0000
0.2339  0.0000  -0.0002  0.0002  0.0000
0.2392  0.0000  -0.0002  0.0002  0.0000
0.2446  0.0000  -0.0002  0.0002  0.0000
0.2498  0.0000  -0.0002  0.0002  0.0000
0.2554  0.0000  -0.0002  0.0002  0.0000
0.2608  0.0000  -0.0002  0.0002  0.0000
0.2661  0.0000  -0.0002  0.0002  0.0000
0.2716  0.0000  -0.0002  0.0002  0.0000
0.2769  0.0000  -0.0001  0.0001  0.0000
0.2822  0.0000  -0.0001  0.0001  0.0000
0.2874  0.0000  -0.0001  0.0001  0.0000
0.2929  0.0000  -0.0001  0.0001  0.0000
0.2982  0.0000  -0.0001  0.0001  0.0000
0.3034  0.0000  -0.0001  0.0001  0.0000
0.3087  0.0000  -0.0000  0.0000  0.0000
0.3130  0.0000  -0.0000  0.0000  0.0000
0.3199  0.0000  -0.0000  0.0000  0.0000
0.3251  0.0000  -0.0000  0.0000  0.0000
0.3306  0.0000  -0.0000  0.0000  0.0000
0.3358  0.0000  -0.0001  0.0001  0.0000
0.3412  0.0000  -0.0000  0.0000  0.0000
0.3463  0.0000  -0.0000  0.0000  0.0000
0.3519  0.0000  -0.0000  0.0000  0.0000
0.3570  0.0000  -0.0000  0.0000  0.0000
0.3621  0.0000  -0.0000  0.0000  0.0000
0.3672  0.0000  0.0000  -0.0000  0.0000
0.3725  0.0000  0.0000  -0.0000  0.0000
0.3777  0.0000  0.0000  -0.0000  0.0000
0.3828  0.0000  0.0000  -0.0000  0.0000
0.3880  0.0000  0.0000  -0.0000  0.0000
0.3950  0.0000  0.0000  -0.0000  0.0000
0.4027  0.0000  0.0001  -0.0001  0.0000
0.4095  0.0000  0.0001  -0.0001  0.0000
0.4153  0.0000  0.0001  -0.0001  0.0000
0.4199  0.0000  0.0001  -0.0001  0.0000
0.4257  0.0000  0.0001  -0.0001  0.0000
0.4301  0.0000  0.0002  -0.0002  0.0000
0.4360  0.0000  0.0002  -0.0002  0.0000
0.4418  0.0000  0.0002  -0.0002  0.0000
0.4542  0.0000  0.0001  -0.0001  0.0000
0.4622  0.0000  0.0002  -0.0002  0.0000
0.4701  0.0000  0.0002  -0.0002  0.0000
0.4759  0.0000  0.0002  -0.0002  0.0000
0.4813  0.0000  0.0002  -0.0002  0.0000
0.4867  0.0000  0.0002  -0.0002  0.0000
0.4920  0.0000  0.0002  -0.0002  0.0000
0.4974  0.0000  0.0002  -0.0002  0.0000
0.5028  0.0000  0.0002  -0.0002  0.0000
0.5083  0.0000  0.0002  -0.0002  0.0000
0.5183  0.0000  0.0001  -0.0001  0.0000
0.5236  0.0000  0.0000  -0.0000  0.0000
0.5289  0.0000  0.0000  -0.0000  0.0000
0.5360  0.0000  0.0000  -0.0000  0.0000
0.5416  0.0000  0.0000  -0.0000  0.0000
0.5479  0.0000  0.0000  -0.0000  0.0000
0.5537  0.0000  0.0000  -0.0000  0.0000
0.5581  0.0000  0.0000  -0.0000  0.0000
0.5639  0.0000  0.0000  -0.0000  0.0000
0.5690  0.0000  0.0000  -0.0000  0.0000
0.5752  0.0000  0.0000  -0.0000  0.0000
0.5805  0.0000  0.0000  -0.0000  0.0000
0.5859  0.0000  -0.0000  0.0000  0.0000
0.5911  0.0000  -0.0000  0.0000  0.0000
0.5962  0.0000  -0.0000  0.0000  0.0000
0.6013  0.0000  -0.0000  0.0000  0.0000
0.6062  0.0000  -0.0000  0.0000  0.0000
0.6114  0.0000  -0.0000  0.0000  0.0000
0.6165  0.0000  -0.0000  0.0000  0.0000
0.6215  0.0000  -0.0000  0.0000  0.0000
0.6265  0.0000  -0.0000  0.0000  0.0000
0.6316  0.0000  -0.0000  0.0000  0.0000
0.6367  0.0000  -0.0000  0.0000  0.0000
0.6417  0.0000  -0.0000  0.0000  0.0000
0.6468  0.0000  -0.0000  0.0000  0.0000
0.6526  0.0000  -0.0000  0.0000  0.0000
0.6581  0.0000  -0.0000  0.0000  0.0000
0.6631  0.0000  -0.0000  0.0000  0.0000
0.6687  0.0000  -0.0000  0.0000  0.0000
0.6730  0.0000  -0.0000  0.0000  0.0000
0.6782  0.0000  -0.0001  0.0001  0.0000
0.6831  0.0000  -0.0001  0.0001  0.0000
0.6882  0.0000  -0.0001  0.0001  0.0000
0.6931  0.0000  -0.0001  0.0001  0.0000
0.6981  0.0000  -0.0001  0.0001  0.0000
0.7041  0.0000  -0.0001  0.0001  0.0000
0.7093  0.0000  -0.0001  0.0001  0.0000
0.7155  0.0000  -0.0001  0.0001  0.0000
0.7198  0.0000  -0.0001  0.0001  0.0000
0.7251  0.0000  -0.0001  0.0001  0.0000
0.7308  0.0000  -0.0001  0.0001  0.0000
0.7359  0.0000  -0.0002  0.0002  0.0000
0.7412  0.0000  -0.0002  0.0002  0.0000
0.7463  0.0000  -0.0002  0.0002  0.0000
0.7516  0.0000  -0.0002  0.0002  0.0000
0.7569  0.0000  -0.0002  0.0002  0.0000
0.7618  0.0000  -0.0002  0.0002  0.0000
0.7668  0.0000  -0.0002  0.0002  0.0000
0.7718  0.0000  -0.0002  0.0002  0.0000
0.7770  0.0000  -0.0002  0.0002  0.0000
0.7823  0.0000  -0.0003  0.0003  0.0000
0.7875  0.0000  -0.0003  0.0003  0.0000
0.7929  0.0000  -0.0003  0.0003  0.0000
0.7983  0.0000  -0.0003  0.0003  0.0000
0.8034  0.0000  -0.0003  0.0003  0.0000
0.8087  0.0000  -0.0003  0.0003  0.0000
0.8141  0.0000  -0.0003  0.0003  0.0000
0.8198  0.0000  -0.0003  0.0003  0.0000
0.8263  0.0000  -0.0004  0.0004  0.0000
0.8313  0.0000  -0.0004  0.0004  0.0000
0.8364  0.0000  -0.0004  0.0004  0.0000
0.8414  0.0000  -0.0004  0.0004  0.0000
0.8462  0.0000  -0.0004  0.0004  0.0000
0.8514  0.0000  -0.0004  0.0004  0.0000
0.8569  0.0000  -0.0004  0.0004  0.0000
0.8622  0.0000  -0.0004  0.0004  0.0000
0.8672  0.0000  -0.0004  0.0004  0.0000
0.8723  0.0000  -0.0004  0.0004  0.0000
0.8774  0.0000  -0.0004  0.0004  0.0000
0.8823  0.0000  -0.0005  0.0005  0.0000
0.8873  0.0000  -0.0005  0.0005  0.0000
0.8924  0.0000  -0.0005  0.0005  0.0000
0.8993  0.0000  -0.0005  0.0005  0.0000
0.9085  0.0000  -0.0005  0.0005  0.0000
0.9148  0.0000  -0.0005  0.0005  0.0000
0.9198  0.0000  -0.0005  0.0005  0.0000
0.9249  0.0000  -0.0006  0.0006  0.0000
0.9299  0.0000  -0.0006  0.0006  0.0000
0.9352  0.0000  -0.0006  0.0006  0.0000
0.9403  0.0000  -0.0006  0.0006  0.0000
0.9454  0.0000  -0.0006  0.0006  0.0000
0.9504  0.0000  -0.0006  0.0006  0.0000
0.9556  0.0000  -0.0006  0.0006  0.0000
0.9607  0.0000  -0.0006  0.0006  0.0000
0.9657  0.0000  -0.0006  0.0006  0.0000
0.9708  0.0000  -0.0006  0.0006  0.0000
0.9774  0.0000  -0.0006  0.0006  0.0000
0.9829  0.0000  -0.0006  0.0006  0.0000
0.9895  0.0000  -0.0006  0.0006  0.0000
0.9960  0.0000  -0.0006  0.0006  0.0000
1.0013  0.0000  -0.0006  0.0006  0.0000
1.0064  0.0000  -0.0006  0.0006  0.0000
1.0116  0.0000  -0.0006  0.0006  0.0000
1.0222  0.0000  -0.0006  0.0006  0.0000
1.0276  0.0000  -0.0006  0.0006  0.0000
1.0328  0.0000  -0.0007  0.0007  0.0000
1.0380  0.0000  -0.0007  0.0007  0.0000
1.0431  0.0000  -0.0007  0.0007  0.0000
1.0483  0.0000  -0.0007  0.0007  0.0000
1.0537  0.0000  -0.0007  0.0007  0.0000
1.0594  0.0000  -0.0007  0.0007  0.0000
1.0650  0.0000  -0.0007  0.0007  0.0000
1.0706  0.0000  -0.0007  0.0007  0.0000
1.0762  0.0000  -0.0007  0.0007  0.0000
1.0826  0.0000  -0.0007  0.0007  0.0000
1.0885  0.0000  -0.0007  0.0007  0.0000
1.0944  0.0000  -0.0007  0.0007  0.0000
1.0999  0.0000  -0.0007  0.0007  0.0000
1.1056  0.0000  -0.0007  0.0007  0.0000
1.1113  0.0000  -0.0007  0.0007  0.0000
1.1170  0.0000  -0.0008  0.0008  0.0000
1.1227  0.0000  -0.0008  0.0008  0.0000
1.1283  0.0000  -0.0008  0.0008  0.0000
1.1343  0.0000  -0.0008  0.0008  0.0000
1.1401  0.0000  -0.0008  0.0008  0.0000
1.1458  0.0000  -0.0008  0.0008  0.0000
1.1515  0.0000  -0.0009  0.0009  0.0000
1.1576  0.0000  -0.0008  0.0008  0.0000
1.1633  0.0000  -0.0009  0.0009  0.0000
1.1692  0.0000  -0.0009  0.0009  0.0000
1.1750  0.0000  -0.0009  0.0009  0.0000
1.1809  0.0000  -0.0009  0.0009  0.0000
1.1867  0.0000  -0.0009  0.0009  0.0000
1.1926  0.0000  -0.0009  0.0009  0.0000
1.1985  0.0000  -0.0009  0.0009  0.0000
1.2042  0.0000  -0.0010  0.0010  0.0000
1.2102  0.0000  -0.0010  0.0010  0.0000
1.2176  0.0000  -0.0010  0.0010  0.0000
1.2248  0.0000  -0.0010  0.0010  0.0000
1.2310  0.0000  -0.0010  0.0010  0.0000
1.2378  0.0000  -0.0010  0.0010  0.0000
1.2432  0.0000  -0.0010  0.0010  0.0000
1.2487  0.0000  -0.0010  0.0010  0.0000
1.2544  0.0000  -0.0010  0.0010  0.0000
1.2598  0.0000  -0.0010  0.0010  0.0000
1.2654  0.0000  -0.0010  0.0010  0.0000
1.2709  0.0000  -0.0010  0.0010  0.0000
1.2767  0.0000  -0.0010  0.0010  0.0000
1.2825  0.0000  -0.0010  0.0010  0.0000
1.2882  0.0000  -0.0010  0.0010  0.0000
1.2942  0.0000  -0.0011  0.0011  0.0000
1.3009  0.0000  -0.0011  0.0011  0.0000
1.3069  0.0000  -0.0011  0.0011  0.0000
1.3128  0.0000  -0.0011  0.0011  0.0000
1.3192  0.0000  -0.0012  0.0012  0.0000
1.3252  0.0000  -0.0012  0.0012  0.0000
1.3317  0.0000  -0.0012  0.0012  0.0000
1.3376  0.0000  -0.0012  0.0012  0.0000
1.3436  0.0000  -0.0012  0.0012  0.0000
1.3496  0.0000  -0.0012  0.0012  0.0000
1.3567  0.0000  -0.0012  0.0012  0.0000
1.3626  0.0000  -0.0012  0.0012  0.0000
1.3689  0.0000  -0.0013  0.0013  0.0000
1.3738  0.0000  -0.0013  0.0013  0.0000
1.3801  0.0000  -0.0013  0.0013  0.0000
1.3865  0.0000  -0.0013  0.0013  0.0000
1.3927  0.0000  -0.0013  0.0013  0.0000
1.4010  0.0000  -0.0013  0.0013  0.0000
1.4072  0.0000  -0.0013  0.0013  0.0000
1.4178  0.0000  -0.0013  0.0013  0.0000
1.4249  0.0000  -0.0013  0.0013  0.0000
1.4310  0.0000  -0.0013  0.0013  0.0000
1.4370  0.0000  -0.0013  0.0013  0.0000
1.4427  0.0000  -0.0013  0.0013  0.0000
1.4486  0.0000  -0.0013  0.0013  0.0000
1.4548  0.0000  -0.0013  0.0013  0.0000
1.4611  0.0000  -0.0013  0.0013  0.0000
1.4674  0.0000  -0.0013  0.0013  0.0000
1.4743  0.0000  -0.0013  0.0013  0.0000
1.4818  0.0000  -0.0013  0.0013  0.0000
1.4885  0.0000  -0.0013  0.0013  0.0000
1.4945  0.0000  -0.0013  0.0013  0.0000
1.5001  0.0000  -0.0014  0.0014  0.0000
1.5060  0.0000  -0.0014  0.0014  0.0000
1.5120  0.0000  -0.0014  0.0014  0.0000
1.5191  0.0000  -0.0014  0.0014  0.0000
1.5285  0.0000  -0.0014  0.0014  0.0000
1.5348  0.0000  -0.0014  0.0014  0.0000
1.5433  0.0000  -0.0014  0.0014  0.0000
1.5499  0.0000  -0.0015  0.0015  0.0000
1.5564  0.0000  -0.0015  0.0015  0.0000
1.5625  0.0000  -0.0015  0.0015  0.0000
1.5681  0.0000  -0.0015  0.0015  0.0000
1.5737  0.0000  -0.0015  0.0015  0.0000
1.5796  0.0000  -0.0016  0.0016  0.0000
1.5862  0.0000  -0.0015  0.0015  0.0000
1.5920  0.0000  -0.0015  0.0015  0.0000
1.5974  0.0000  -0.0015  0.0015  0.0000
1.6027  0.0000  -0.0015  0.0015  0.0000
1.6079  0.0000  -0.0015  0.0015  0.0000
1.6131  0.0000  -0.0016  0.0016  0.0000
1.6183  0.0000  -0.0016  0.0016  0.0000
1.6234  0.0000  -0.0016  0.0016  0.0000
1.6286  0.0000  -0.0016  0.0016  0.0000
1.6339  0.0000  -0.0016  0.0016  0.0000
1.6392  0.0000  -0.0016  0.0016  0.0000
1.6445  0.0000  -0.0017  0.0017  0.0000
1.6499  0.0000  -0.0017  0.0017  0.0000
1.6553  0.0000  -0.0017  0.0017  0.0000
1.6617  0.0000  -0.0017  0.0017  0.0000
1.6670  0.0000  -0.0017  0.0017  0.0000
1.6725  0.0000  -0.0017  0.0017  0.0000
1.6778  0.0000  -0.0017  0.0017  0.0000
1.6831  0.0000  -0.0017  0.0017  0.0000
1.6886  0.0000  -0.0017  0.0017  0.0000
1.6941  0.0000  -0.0017  0.0017  0.0000
1.6995  0.0000  -0.0017  0.0017  0.0000
1.7049  0.0000  -0.0017  0.0017  0.0000
1.7110  0.0000  -0.0017  0.0017  0.0000
1.7176  0.0000  -0.0017  0.0017  0.0000
1.7237  0.0000  -0.0017  0.0017  0.0000
1.7298  0.0000  -0.0017  0.0017  0.0000
1.7346  0.0000  -0.0017  0.0017  0.0000
1.7400  0.0000  -0.0018  0.0018  0.0000
1.7453  0.0000  -0.0018  0.0018  0.0000
1.7508  0.0000  -0.0018  0.0018  0.0000
1.7563  0.0000  -0.0018  0.0018  0.0000
1.7619  0.0000  -0.0019  0.0019  0.0000
1.7672  0.0000  -0.0019  0.0019  0.0000
1.7727  0.0000  -0.0019  0.0019  0.0000
1.7782  0.0000  -0.0019  0.0019  0.0000
1.7828  0.0000  -0.0019  0.0019  0.0000
1.7879  0.0000  -0.0019  0.0019  0.0000
1.7930  0.0000  -0.0019  0.0019  0.0000
1.7981  0.0000  -0.0019  0.0019  0.0000
1.8031  0.0000  -0.0019  0.0019  0.0000
1.8082  0.0000  -0.0019  0.0019  0.0000
1.8134  0.0000  -0.0019  0.0019  0.0000
1.8184  0.0000  -0.0019  0.0019  0.0000
1.8233  0.0000  -0.0019  0.0019  0.0000
1.8283  0.0000  -0.0019  0.0019  0.0000
1.8334  0.0000  -0.0019  0.0019  0.0000
1.8384  0.0000  -0.0019  0.0019  0.0000
1.8434  0.0000  -0.0019  0.0019  0.0000
1.8485  0.0000  -0.0019  0.0019  0.0000
1.8527  0.0000  -0.0019  0.0019  0.0000
1.8587  0.0000  -0.0019  0.0019  0.0000
1.8640  0.0000  -0.0019  0.0019  0.0000
1.8693  0.0000  -0.0019  0.0019  0.0000
1.8746  0.0000  -0.0019  0.0019  0.0000
1.8800  0.0000  -0.0019  0.0019  0.0000
1.8855  0.0000  -0.0019  0.0019  0.0000
1.8907  0.0000  -0.0020  0.0020  0.0000
1.8963  0.0000  -0.0020  0.0020  0.0000
1.9042  0.0000  -0.0020  0.0020  0.0000
1.9093  0.0000  -0.0020  0.0020  0.0000
1.9157  0.0000  -0.0020  0.0020  0.0000
1.9231  0.0000  -0.0021  0.0021  0.0000
1.9283  0.0000  -0.0021  0.0021  0.0000
1.9338  0.0000  -0.0021  0.0021  0.0000
1.9390  0.0000  -0.0021  0.0021  0.0000
1.9441  0.0000  -0.0021  0.0021  0.0000
1.9493  0.0000  -0.0021  0.0021  0.0000
1.9546  0.0000  -0.0022  0.0022  0.0000
1.9597  0.0000  -0.0022  0.0022  0.0000
1.9659  0.0000  -0.0021  0.0021  0.0000
1.9715  0.0000  -0.0021  0.0021  0.0000
1.9765  0.0000  -0.0021  0.0021  0.0000
1.9828  0.0000  -0.0021  0.0021  0.0000
1.9885  0.0000  -0.0022  0.0022  0.0000
1.9953  0.0000  -0.0022  0.0022  0.0000
2.0006  0.0000  -0.0022  0.0022  0.0000
2.0059  0.0000  -0.0022  0.0022  0.0000
2.0117  0.0000  -0.0022  0.0022  0.0000
2.0169  0.0000  -0.0022  0.0022  0.0000
2.0246  0.0000  -0.0022  0.0022  0.0000
2.0320  0.0000  -0.0023  0.0023  0.0000
2.0372  0.0000  -0.0023  0.0023  0.0000
2.0424  0.0000  -0.0023  0.0023  0.0000
2.0477  0.0000  -0.0023  0.0023  0.0000
2.0529  0.0000  -0.0023  0.0023  0.0000
2.0581  0.0000  -0.0023  0.0023  0.0000
2.0632  0.0000  -0.0023  0.0023  0.0000
2.0685  0.0000  -0.0023  0.0023  0.0000
2.0739  0.0000  -0.0023  0.0023  0.0000
2.0799  0.0000  -0.0023  0.0023  0.0000
2.0855  0.0000  -0.0023  0.0023  0.0000
2.0919  0.0000  -0.0024  0.0024  0.0000
2.0976  0.0000  -0.0024  0.0024  0.0000
2.1031  0.0000  -0.0024  0.0024  0.0000
2.1088  0.0000  -0.0024  0.0024  0.0000
2.1134  0.0000  -0.0024  0.0024  0.0000
2.1190  0.0000  -0.0024  0.0024  0.0000
2.1243  0.0000  -0.0024  0.0024  0.0000
2.1296  0.0000  -0.0024  0.0024  0.0000
2.1353  0.0000  -0.0024  0.0024  0.0000
2.1413  0.0000  -0.0024  0.0024  0.0000
2.1464  0.0000  -0.0025  0.0025  0.0000
2.1519  0.0000  -0.0025  0.0025  0.0000
2.1573  0.0000  -0.0025  0.0025  0.0000
2.1626  0.0000  -0.0025  0.0025  0.0000
2.1680  0.0000  -0.0025  0.0025  0.0000
2.1734  0.0000  -0.0025  0.0025  0.0000
2.1790  0.0000  -0.0025  0.0025  0.0000
2.1845  0.0000  -0.0025  0.0025  0.0000
2.1900  0.0000  -0.0025  0.0025  0.0000
2.1956  0.0000  -0.0025  0.0025  0.0000
2.2011  0.0000  -0.0025  0.0025  0.0000
2.2067  0.0000  -0.0025  0.0025  0.0000
2.2124  0.0000  -0.0025  0.0025  0.0000
2.2192  0.0000  -0.0025  0.0025  0.0000
2.2248  0.0000  -0.0025  0.0025  0.0000
2.2310  0.0000  -0.0025  0.0025  0.0000
2.2376  0.0000  -0.0025  0.0025  0.0000
2.2438  0.0000  -0.0025  0.0025  0.0000
2.2497  0.0000  -0.0025  0.0025  0.0000
2.2564  0.0000  -0.0025  0.0025  0.0000
2.2619  0.0000  -0.0025  0.0025  0.0000
2.2670  0.0000  -0.0025  0.0025  0.0000
2.2721  0.0000  -0.0025  0.0025  0.0000
2.2772  0.0000  -0.0025  0.0025  0.0000
2.2825  0.0000  -0.0026  0.0026  0.0000
2.2875  0.0000  -0.0026  0.0026  0.0000
2.2928  0.0000  -0.0026  0.0026  0.0000
2.2978  0.0000  -0.0026  0.0026  0.0000
2.3028  0.0000  -0.0026  0.0026  0.0000
2.3081  0.0000  -0.0026  0.0026  0.0000
2.3132  0.0000  -0.0026  0.0026  0.0000
2.3182  0.0000  -0.0026  0.0026  0.0000
2.3233  0.0000  -0.0026  0.0026  0.0000
2.3284  0.0000  -0.0026  0.0026  0.0000
2.3341  0.0000  -0.0027  0.0027  0.0000
2.3401  0.0000  -0.0026  0.0026  0.0000
2.3467  0.0000  -0.0026  0.0026  0.0000
2.3521  0.0000  -0.0026  0.0026  0.0000
2.3576  0.0000  -0.0027  0.0027  0.0000
2.3631  0.0000  -0.0027  0.0027  0.0000
2.3682  0.0000  -0.0027  0.0027  0.0000
2.3738  0.0000  -0.0027  0.0027  0.0000
2.3789  0.0000  -0.0027  0.0027  0.0000
2.3846  0.0000  -0.0027  0.0027  0.0000
2.3896  0.0000  -0.0027  0.0027  0.0000
2.3951  0.0000  -0.0027  0.0027  0.0000
2.4001  0.0000  -0.0027  0.0027  0.0000
2.4092  0.0000  -0.0027  0.0027  0.0000
2.4144  0.0000  -0.0027  0.0027  0.0000
2.4204  0.0000  -0.0027  0.0027  0.0000
2.4285  0.0000  -0.0027  0.0027  0.0000
2.4335  0.0000  -0.0027  0.0027  0.0000
2.4384  0.0000  -0.0027  0.0027  0.0000
2.4434  0.0000  -0.0027  0.0027  0.0000
2.4484  0.0000  -0.0028  0.0028  0.0000
2.4534  0.0000  -0.0028  0.0028  0.0000
2.4594  0.0000  -0.0028  0.0028  0.0000
2.4644  0.0000  -0.0028  0.0028  0.0000
2.4694  0.0000  -0.0028  0.0028  0.0000
2.4747  0.0000  -0.0028  0.0028  0.0000
2.4797  0.0000  -0.0028  0.0028  0.0000
2.4855  0.0000  -0.0028  0.0028  0.0000
2.4908  0.0000  -0.0028  0.0028  0.0000
2.4959  0.0000  -0.0028  0.0028  0.0000
2.5008  0.0000  -0.0028  0.0028  0.0000
2.5061  0.0000  -0.0029  0.0029  0.0000
2.5116  0.0000  -0.0029  0.0029  0.0000
2.5170  0.0000  -0.0029  0.0029  0.0000
2.5223  0.0000  -0.0029  0.0029  0.0000
2.5354  0.0000  -0.0029  0.0029  0.0000
2.5411  0.0000  -0.0030  0.0030  0.0000
2.5465  0.0000  -0.0030  0.0030  0.0000
2.5515  0.0000  -0.0030  0.0030  0.0000
2.5565  0.0000  -0.0030  0.0030  0.0000
2.5614  0.0000  -0.0030  0.0030  0.0000
2.5661  0.0000  -0.0030  0.0030  0.0000
2.5711  0.0000  -0.0030  0.0030  0.0000
2.5761  0.0000  -0.0030  0.0030  0.0000
2.5811  0.0000  -0.0030  0.0030  0.0000
2.5861  0.0000  -0.0030  0.0030  0.0000
2.5911  0.0000  -0.0030  0.0030  0.0000
2.5978  0.0000  -0.0030  0.0030  0.0000
2.6027  0.0000  -0.0030  0.0030  0.0000
2.6080  0.0000  -0.0031  0.0031  0.0000
2.6131  0.0000  -0.0031  0.0031  0.0000
2.6182  0.0000  -0.0031  0.0031  0.0000
2.6237  0.0000  -0.0031  0.0031  0.0000
2.6292  0.0000  -0.0031  0.0031  0.0000
2.6345  0.0000  -0.0031  0.0031  0.0000
2.6396  0.0000  -0.0031  0.0031  0.0000
2.6445  0.0000  -0.0031  0.0031  0.0000
2.6493  0.0000  -0.0031  0.0031  0.0000
2.6542  0.0000  -0.0031  0.0031  0.0000
2.6592  0.0000  -0.0031  0.0031  0.0000
2.6644  0.0000  -0.0031  0.0031  0.0000
2.6696  0.0000  -0.0032  0.0032  0.0000
2.6748  0.0000  -0.0032  0.0032  0.0000
2.6796  0.0000  -0.0032  0.0032  0.0000
2.6845  0.0000  -0.0032  0.0032  0.0000
2.6896  0.0000  -0.0032  0.0032  0.0000
2.6948  0.0000  -0.0032  0.0032  0.0000
2.7000  0.0000  -0.0032  0.0032  0.0000
2.7051  0.0000  -0.0032  0.0032  0.0000
2.7101  0.0000  -0.0032  0.0032  0.0000
2.7153  0.0000  -0.0032  0.0032  0.0000
2.7206  0.0000  -0.0032  0.0032  0.0000
2.7260  0.0000  -0.0032  0.0032  0.0000
2.7313  0.0000  -0.0032  0.0032  0.0000
2.7394  0.0000  -0.0032  0.0032  0.0000
2.7457  0.0000  -0.0032  0.0032  0.0000
2.7514  0.0000  -0.0032  0.0032  0.0000
2.7570  0.0000  -0.0032  0.0032  0.0000
2.7622  0.0000  -0.0032  0.0032  0.0000
2.7673  0.0000  -0.0032  0.0032  0.0000
2.7726  0.0000  -0.0032  0.0032  0.0000
2.7781  0.0000  -0.0033  0.0033  0.0000
2.7833  0.0000  -0.0033  0.0033  0.0000
2.7885  0.0000  -0.0033  0.0033  0.0000
2.7939  0.0000  -0.0033  0.0033  0.0000
2.7991  0.0000  -0.0033  0.0033  0.0000
2.8043  0.0000  -0.0033  0.0033  0.0000
2.8093  0.0000  -0.0033  0.0033  0.0000
2.8146  0.0000  -0.0033  0.0033  0.0000
2.8197  0.0000  -0.0033  0.0033  0.0000
2.8251  0.0000  -0.0033  0.0033  0.0000
2.8305  0.0000  -0.0033  0.0033  0.0000
2.8357  0.0000  -0.0033  0.0033  0.0000
2.8408  0.0000  -0.0034  0.0034  0.0000
2.8461  0.0000  -0.0034  0.0034  0.0000
2.8526  0.0000  -0.0034  0.0034  0.0000
2.8578  0.0000  -0.0035  0.0035  0.0000
2.8625  0.0000  -0.0035  0.0035  0.0000
2.8684  0.0000  -0.0035  0.0035  0.0000
2.8741  0.0000  -0.0035  0.0035  0.0000
2.8797  0.0000  -0.0035  0.0035  0.0000
2.8856  0.0000  -0.0035  0.0035  0.0000
2.8912  0.0000  -0.0035  0.0035  0.0000
2.8969  0.0000  -0.0035  0.0035  0.0000
2.9024  0.0000  -0.0035  0.0035  0.0000
2.9099  0.0000  -0.0035  0.0035  0.0000
2.9156  0.0000  -0.0035  0.0035  0.0000
2.9222  0.0000  -0.0035  0.0035  0.0000
2.9299  0.0000  -0.0035  0.0035  0.0000
2.9356  0.0000  -0.0035  0.0035  0.0000
2.9412  0.0000  -0.0035  0.0035  0.0000
2.9466  0.0000  -0.0035  0.0035  0.0000
2.9521  0.0000  -0.0035  0.0035  0.0000
2.9576  0.0000  -0.0036  0.0036  0.0000
2.9630  0.0000  -0.0036  0.0036  0.0000
2.9688  0.0000  -0.0036  0.0036  0.0000
2.9751  0.0000  -0.0036  0.0036  0.0000
2.9818  0.0000  -0.0036  0.0036  0.0000
2.9892  0.0000  -0.0036  0.0036  0.0000
2.9956  0.0000  -0.0036  0.0036  0.0000
3.0017  0.0000  -0.0036  0.0036  0.0000
3.0074  0.0000  -0.0036  0.0036  0.0000
3.0132  0.0000  -0.0036  0.0036  0.0000
3.0188  0.0000  -0.0036  0.0036  0.0000
3.0243  0.0000  -0.0036  0.0036  0.0000
3.0298  0.0000  -0.0036  0.0036  0.0000
3.0403  0.0000  -0.0036  0.0036  0.0000
3.0458  0.0000  -0.0036  0.0036  0.0000
3.0513  0.0000  -0.0036  0.0036  0.0000
3.0568  0.0000  -0.0036  0.0036  0.0000
3.0623  0.0000  -0.0036  0.0036  0.0000
3.0678  0.0000  -0.0036  0.0036  0.0000
3.0734  0.0000  -0.0036  0.0036  0.0000
3.0791  0.0000  -0.0037  0.0037  0.0000
3.0846  0.0000  -0.0037  0.0037  0.0000
3.0902  0.0000  -0.0037  0.0037  0.0000
3.0957  0.0000  -0.0037  0.0037  0.0000
3.1034  0.0000  -0.0038  0.0038  0.0000
3.1090  0.0000  -0.0037  0.0037  0.0000
3.1145  0.0000  -0.0037  0.0037  0.0000
3.1200  0.0000  -0.0038  0.0038  0.0000
3.1256  0.0000  -0.0038  0.0038  0.0000
3.1310  0.0000  -0.0038  0.0038  0.0000
3.1365  0.0000  -0.0038  0.0038  0.0000
3.1420  0.0000  -0.0038  0.0038  0.0000
3.1475  0.0000  -0.0038  0.0038  0.0000
3.1531  0.0000  -0.0038  0.0038  0.0000
3.1586  0.0000  -0.0038  0.0038  0.0000
3.1642  0.0000  -0.0038  0.0038  0.0000
3.1697  0.0000  -0.0038  0.0038  0.0000
3.1756  0.0000  -0.0038  0.0038  0.0000
3.1812  0.0000  -0.0038  0.0038  0.0000
3.1867  0.0000  -0.0038  0.0038  0.0000
3.1923  0.0000  -0.0038  0.0038  0.0000
3.1979  0.0000  -0.0039  0.0039  0.0000
3.2035  0.0000  -0.0038  0.0038  0.0000
3.2090  0.0000  -0.0039  0.0039  0.0000
3.2147  0.0000  -0.0039  0.0039  0.0000
3.2207  0.0000  -0.0039  0.0039  0.0000
3.2266  0.0000  -0.0039  0.0039  0.0000
3.2321  0.0000  -0.0039  0.0039  0.0000
3.2401  0.0000  -0.0039  0.0039  0.0000
3.2464  0.0000  -0.0039  0.0039  0.0000
3.2529  0.0000  -0.0039  0.0039  0.0000
3.2585  0.0000  -0.0039  0.0039  0.0000
3.2642  0.0000  -0.0039  0.0039  0.0000
3.2699  0.0000  -0.0039  0.0039  0.0000
3.2758  0.0000  -0.0039  0.0039  0.0000
3.2815  0.0000  -0.0039  0.0039  0.0000
3.2872  0.0000  -0.0039  0.0039  0.0000
3.2933  0.0000  -0.0040  0.0040  0.0000
3.2986  0.0000  -0.0040  0.0040  0.0000
3.3039  0.0000  -0.0040  0.0040  0.0000
3.3092  0.0000  -0.0040  0.0040  0.0000
3.3145  0.0000  -0.0040  0.0040  0.0000
3.3198  0.0000  -0.0040  0.0040  0.0000
3.3252  0.0000  -0.0040  0.0040  0.0000
3.3307  0.0000  -0.0040  0.0040  0.0000
3.3360  0.0000  -0.0040  0.0040  0.0000
3.3415  0.0000  -0.0040  0.0040  0.0000
3.3468  0.0000  -0.0040  0.0040  0.0000
3.3524  0.0000  -0.0040  0.0040  0.0000
3.3590  0.0000  -0.0040  0.0040  0.0000
3.3653  0.0000  -0.0040  0.0040  0.0000
3.3709  0.0000  -0.0040  0.0040  0.0000
3.3767  0.0000  -0.0040  0.0040  0.0000
3.3823  0.0000  -0.0040  0.0040  0.0000
3.3879  0.0000  -0.0040  0.0040  0.0000
3.3939  0.0000  -0.0041  0.0041  0.0000
3.3991  0.0000  -0.0041  0.0041  0.0000
3.4044  0.0000  -0.0041  0.0041  0.0000
3.4119  0.0000  -0.0042  0.0042  0.0000
3.4173  0.0000  -0.0042  0.0042  0.0000
3.4237  0.0000  -0.0042  0.0042  0.0000
3.4312  0.0000  -0.0042  0.0042  0.0000
3.4366  0.0000  -0.0042  0.0042  0.0000
3.4419  0.0000  -0.0042  0.0042  0.0000
3.4471  0.0000  -0.0042  0.0042  0.0000
3.4526  0.0000  -0.0042  0.0042  0.0000
3.4579  0.0000  -0.0042  0.0042  0.0000
3.4636  0.0000  -0.0042  0.0042  0.0000
3.4689  0.0000  -0.0042  0.0042  0.0000
3.4744  0.0000  -0.0042  0.0042  0.0000
3.4796  0.0000  -0.0042  0.0042  0.0000
3.4848  0.0000  -0.0042  0.0042  0.0000
3.4899  0.0000  -0.0042  0.0042  0.0000
3.4962  0.0000  -0.0043  0.0043  0.0000
3.5009  0.0000  -0.0043  0.0043  0.0000
3.5065  0.0000  -0.0043  0.0043  0.0000
3.5119  0.0000  -0.0043  0.0043  0.0000
3.5207  0.0000  -0.0043  0.0043  0.0000
3.5263  0.0000  -0.0043  0.0043  0.0000
3.5318  0.0000  -0.0043  0.0043  0.0000
3.5435  0.0000  -0.0043  0.0043  0.0000
3.5490  0.0000  -0.0043  0.0043  0.0000
3.5546  0.0000  -0.0043  0.0043  0.0000
3.5601  0.0000  -0.0043  0.0043  0.0000
3.5647  0.0000  -0.0043  0.0043  0.0000
3.5697  0.0000  -0.0043  0.0043  0.0000
3.5751  0.0000  -0.0043  0.0043  0.0000
3.5813  0.0000  -0.0043  0.0043  0.0000
3.5864  0.0000  -0.0043  0.0043  0.0000
3.5915  0.0000  -0.0043  0.0043  0.0000
3.5965  0.0000  -0.0043  0.0043  0.0000
3.6016  0.0000  -0.0043  0.0043  0.0000
3.6067  0.0000  -0.0043  0.0043  0.0000
3.6132  0.0000  -0.0043  0.0043  0.0000
3.6183  0.0000  -0.0043  0.0043  0.0000
3.6234  0.0000  -0.0044  0.0044  0.0000
3.6286  0.0000  -0.0044  0.0044  0.0000
3.6338  0.0000  -0.0044  0.0044  0.0000
3.6390  0.0000  -0.0044  0.0044  0.0000
3.6440  0.0000  -0.0044  0.0044  0.0000
3.6492  0.0000  -0.0044  0.0044  0.0000
3.6543  0.0000  -0.0044  0.0044  0.0000
3.6592  0.0000  -0.0044  0.0044  0.0000
3.6641  0.0000  -0.0044  0.0044  0.0000
3.6689  0.0000  -0.0044  0.0044  0.0000
3.6739  0.0000  -0.0044  0.0044  0.0000
3.6794  0.0000  -0.0044  0.0044  0.0000
3.6844  0.0000  -0.0044  0.0044  0.0000
3.6896  0.0000  -0.0044  0.0044  0.0000
3.6948  0.0000  -0.0044  0.0044  0.0000
3.7000  0.0000  -0.0044  0.0044  0.0000
3.7054  0.0000  -0.0044  0.0044  0.0000
3.7106  0.0000  -0.0044  0.0044  0.0000
3.7160  0.0000  -0.0045  0.0045  0.0000
3.7212  0.0000  -0.0045  0.0045  0.0000
3.7264  0.0000  -0.0045  0.0045  0.0000
3.7318  0.0000  -0.0045  0.0045  0.0000
3.7365  0.0000  -0.0045  0.0045  0.0000
3.7425  0.0000  -0.0045  0.0045  0.0000
3.7482  0.0000  -0.0046  0.0046  0.0000
3.7533  0.0000  -0.0045  0.0045  0.0000
3.7583  0.0000  -0.0046  0.0046  0.0000
3.7632  0.0000  -0.0046  0.0046  0.0000
3.7682  0.0000  -0.0046  0.0046  0.0000
3.7732  0.0000  -0.0046  0.0046  0.0000
3.7782  0.0000  -0.0046  0.0046  0.0000
3.7831  0.0000  -0.0046  0.0046  0.0000
3.7881  0.0000  -0.0046  0.0046  0.0000
3.7931  0.0000  -0.0046  0.0046  0.0000
3.7981  0.0000  -0.0046  0.0046  0.0000
3.8030  0.0000  -0.0046  0.0046  0.0000
3.8080  0.0000  -0.0046  0.0046  0.0000
3.8130  0.0000  -0.0046  0.0046  0.0000
3.8181  0.0000  -0.0046  0.0046  0.0000
3.8230  0.0000  -0.0047  0.0047  0.0000
3.8293  0.0000  -0.0047  0.0047  0.0000
3.8343  0.0000  -0.0047  0.0047  0.0000
3.8392  0.0000  -0.0047  0.0047  0.0000
3.8442  0.0000  -0.0047  0.0047  0.0000
3.8492  0.0000  -0.0047  0.0047  0.0000
3.8545  0.0000  -0.0047  0.0047  0.0000
3.8593  0.0000  -0.0047  0.0047  0.0000
3.8652  0.0000  -0.0047  0.0047  0.0000
3.8707  0.0000  -0.0047  0.0047  0.0000
3.8758  0.0000  -0.0047  0.0047  0.0000
3.8807  0.0000  -0.0048  0.0048  0.0000
3.8856  0.0000  -0.0048  0.0048  0.0000
3.8907  0.0000  -0.0048  0.0048  0.0000
3.8956  0.0000  -0.0048  0.0048  0.0000
3.9005  0.0000  -0.0048  0.0048  0.0000
3.9053  0.0000  -0.0048  0.0048  0.0000
3.9146  0.0000  -0.0048  0.0048  0.0000
3.9195  0.0000  -0.0048  0.0048  0.0000
3.9254  0.0000  -0.0048  0.0048  0.0000
3.9324  0.0000  -0.0048  0.0048  0.0000
3.9374  0.0000  -0.0048  0.0048  0.0000
3.9424  0.0000  -0.0048  0.0048  0.0000
3.9473  0.0000  -0.0048  0.0048  0.0000
3.9522  0.0000  -0.0048  0.0048  0.0000
3.9574  0.0000  -0.0048  0.0048  0.0000
3.9622  0.0000  -0.0048  0.0048  0.0000
3.9670  0.0000  -0.0048  0.0048  0.0000
3.9719  0.0000  -0.0048  0.0048  0.0000
3.9767  0.0000  -0.0048  0.0048  0.0000
3.9819  0.0000  -0.0048  0.0048  0.0000
3.9871  0.0000  -0.0048  0.0048  0.0000
3.9926  0.0000  -0.0049  0.0049  0.0000
3.9986  0.0000  -0.0048  0.0048  0.0000
4.0039  0.0000  -0.0048  0.0048  0.0000
4.0090  0.0000  -0.0049  0.0049  0.0000
4.0142  0.0000  -0.0049  0.0049  0.0000
4.0193  0.0000  -0.0050  0.0050  0.0000
4.0246  0.0000  -0.0050  0.0050  0.0000
4.0299  0.0000  -0.0050  0.0050  0.0000
4.0358  0.0000  -0.0049  0.0049  0.0000
4.0451  0.0000  -0.0049  0.0049  0.0000
4.0506  0.0000  -0.0050  0.0050  0.0000
4.0560  0.0000  -0.0050  0.0050  0.0000
4.0618  0.0000  -0.0050  0.0050  0.0000
4.0673  0.0000  -0.0050  0.0050  0.0000
4.0729  0.0000  -0.0049  0.0049  0.0000
4.0784  0.0000  -0.0050  0.0050  0.0000
4.0841  0.0000  -0.0050  0.0050  0.0000
4.0895  0.0000  -0.0051  0.0051  0.0000
4.0951  0.0000  -0.0051  0.0051  0.0000
4.1005  0.0000  -0.0051  0.0051  0.0000
4.1060  0.0000  -0.0051  0.0051  0.0000
4.1125  0.0000  -0.0051  0.0051  0.0000
4.1188  0.0000  -0.0051  0.0051  0.0000
4.1241  0.0000  -0.0051  0.0051  0.0000
4.1296  0.0000  -0.0051  0.0051  0.0000
4.1351  0.0000  -0.0051  0.0051  0.0000
4.1404  0.0000  -0.0051  0.0051  0.0000
4.1457  0.0000  -0.0051  0.0051  0.0000
4.1511  0.0000  -0.0051  0.0051  0.0000
4.1563  0.0000  -0.0051  0.0051  0.0000
4.1616  0.0000  -0.0051  0.0051  0.0000
4.1669  0.0000  -0.0051  0.0051  0.0000
4.1724  0.0000  -0.0051  0.0051  0.0000
4.1781  0.0000  -0.0051  0.0051  0.0000
4.1834  0.0000  -0.0051  0.0051  0.0000
4.1890  0.0000  -0.0051  0.0051  0.0000
4.1945  0.0000  -0.0051  0.0051  0.0000
4.1999  0.0000  -0.0051  0.0051  0.0000
4.2054  0.0000  -0.0051  0.0051  0.0000
4.2109  0.0000  -0.0051  0.0051  0.0000
4.2169  0.0000  -0.0051  0.0051  0.0000
4.2232  0.0000  -0.0051  0.0051  0.0000
4.2290  0.0000  -0.0052  0.0052  0.0000
4.2350  0.0000  -0.0052  0.0052  0.0000
4.2413  0.0000  -0.0052  0.0052  0.0000
4.2472  0.0000  -0.0051  0.0051  0.0000
4.2518  0.0000  -0.0052  0.0052  0.0000
4.2573  0.0000  -0.0052  0.0052  0.0000
4.2626  0.0000  -0.0052  0.0052  0.0000
4.2692  0.0000  -0.0052  0.0052  0.0000
4.2740  0.0000  -0.0052  0.0052  0.0000
4.2798  0.0000  -0.0052  0.0052  0.0000
4.2856  0.0000  -0.0052  0.0052  0.0000
4.2901  0.0000  -0.0052  0.0052  0.0000
4.2961  0.0000  -0.0052  0.0052  0.0000
4.3028  0.0000  -0.0052  0.0052  0.0000
4.3089  0.0000  -0.0052  0.0052  0.0000
4.3155  0.0000  -0.0052  0.0052  0.0000
4.3212  0.0000  -0.0053  0.0053  0.0000
4.3272  0.0000  -0.0053  0.0053  0.0000
4.3328  0.0000  -0.0053  0.0053  0.0000
4.3383  0.0000  -0.0054  0.0054  0.0000
4.3441  0.0000  -0.0054  0.0054  0.0000
4.3496  0.0000  -0.0054  0.0054  0.0000
4.3554  0.0000  -0.0054  0.0054  0.0000
4.3610  0.0000  -0.0054  0.0054  0.0000
4.3677  0.0000  -0.0054  0.0054  0.0000
4.3739  0.0000  -0.0054  0.0054  0.0000
4.3798  0.0000  -0.0054  0.0054  0.0000
4.3858  0.0000  -0.0054  0.0054  0.0000
4.3920  0.0000  -0.0054  0.0054  0.0000
4.3977  0.0000  -0.0054  0.0054  0.0000
4.4023  0.0000  -0.0054  0.0054  0.0000
4.4083  0.0000  -0.0055  0.0055  0.0000
4.4168  0.0000  -0.0054  0.0054  0.0000
4.4223  0.0000  -0.0055  0.0055  0.0000
4.4297  0.0000  -0.0055  0.0055  0.0000
4.4386  0.0000  -0.0055  0.0055  0.0000
4.4443  0.0000  -0.0055  0.0055  0.0000
4.4504  0.0000  -0.0055  0.0055  0.0000
4.4560  0.0000  -0.0055  0.0055  0.0000
4.4616  0.0000  -0.0055  0.0055  0.0000
4.4674  0.0000  -0.0056  0.0056  0.0000
4.4733  0.0000  -0.0056  0.0056  0.0000
4.4794  0.0000  -0.0056  0.0056  0.0000
4.4851  0.0000  -0.0056  0.0056  0.0000
4.4936  0.0000  -0.0056  0.0056  0.0000
4.5005  0.0000  -0.0056  0.0056  0.0000
4.5074  0.0000  -0.0057  0.0057  0.0000
4.5159  0.0000  -0.0056  0.0056  0.0000
4.5233  0.0000  -0.0057  0.0057  0.0000
4.5295  0.0000  -0.0057  0.0057  0.0000
4.5373  0.0000  -0.0057  0.0057  0.0000
4.5472  0.0000  -0.0057  0.0057  0.0000
4.5525  0.0000  -0.0057  0.0057  0.0000
4.5577  0.0000  -0.0057  0.0057  0.0000
4.5626  0.0000  -0.0057  0.0057  0.0000
4.5675  0.0000  -0.0057  0.0057  0.0000
4.5726  0.0000  -0.0057  0.0057  0.0000
4.5779  0.0000  -0.0057  0.0057  0.0000
4.5828  0.0000  -0.0057  0.0057  0.0000
4.5878  0.0000  -0.0057  0.0057  0.0000
4.5927  0.0000  -0.0057  0.0057  0.0000
4.5976  0.0000  -0.0057  0.0057  0.0000
4.6024  0.0000  -0.0057  0.0057  0.0000
4.6073  0.0000  -0.0057  0.0057  0.0000
4.6122  0.0000  -0.0057  0.0057  0.0000
4.6170  0.0000  -0.0057  0.0057  0.0000
4.6218  0.0000  -0.0057  0.0057  0.0000
4.6267  0.0000  -0.0057  0.0057  0.0000
4.6320  0.0000  -0.0057  0.0057  0.0000
4.6374  0.0000  -0.0057  0.0057  0.0000
4.6428  0.0000  -0.0057  0.0057  0.0000
4.6482  0.0000  -0.0057  0.0057  0.0000
4.6537  0.0000  -0.0058  0.0058  0.0000
4.6599  0.0000  -0.0058  0.0058  0.0000
4.6652  0.0000  -0.0058  0.0058  0.0000
4.6704  0.0000  -0.0058  0.0058  0.0000
4.6758  0.0000  -0.0058  0.0058  0.0000
4.6811  0.0000  -0.0058  0.0058  0.0000
4.6864  0.0000  -0.0058  0.0058  0.0000
4.6918  0.0000  -0.0058  0.0058  0.0000
4.6973  0.0000  -0.0058  0.0058  0.0000
4.7027  0.0000  -0.0059  0.0059  0.0000
4.7082  0.0000  -0.0059  0.0059  0.0000
4.7137  0.0000  -0.0059  0.0059  0.0000
4.7193  0.0000  -0.0059  0.0059  0.0000
4.7247  0.0000  -0.0059  0.0059  0.0000
4.7305  0.0000  -0.0059  0.0059  0.0000
4.7369  0.0000  -0.0059  0.0059  0.0000
4.7440  0.0000  -0.0059  0.0059  0.0000
4.7498  0.0000  -0.0059  0.0059  0.0000
4.7573  0.0000  -0.0059  0.0059  0.0000
4.7648  0.0000  -0.0059  0.0059  0.0000
4.7699  0.0000  -0.0059  0.0059  0.0000
4.7770  0.0000  -0.0059  0.0059  0.0000
4.7829  0.0000  -0.0059  0.0059  0.0000
4.7889  0.0000  -0.0059  0.0059  0.0000
4.7950  0.0000  -0.0060  0.0060  0.0000
4.8014  0.0000  -0.0060  0.0060  0.0000
4.8073  0.0000  -0.0060  0.0060  0.0000
4.8134  0.0000  -0.0060  0.0060  0.0000
4.8197  0.0000  -0.0060  0.0060  0.0000
4.8255  0.0000  -0.0061  0.0061  0.0000
4.8300  0.0000  -0.0061  0.0061  0.0000
4.8361  0.0000  -0.0061  0.0061  0.0000
4.8408  0.0000  -0.0061  0.0061  0.0000
4.8471  0.0000  -0.0061  0.0061  0.0000
4.8530  0.0000  -0.0061  0.0061  0.0000
4.8590  0.0000  -0.0061  0.0061  0.0000
4.8650  0.0000  -0.0061  0.0061  0.0000
4.8715  0.0000  -0.0061  0.0061  0.0000
4.8799  0.0000  -0.0061  0.0061  0.0000
4.8860  0.0000  -0.0061  0.0061  0.0000
4.8908  0.0000  -0.0061  0.0061  0.0000
4.8966  0.0000  -0.0061  0.0061  0.0000
4.9027  0.0000  -0.0062  0.0062  0.0000
4.9088  0.0000  -0.0062  0.0062  0.0000
4.9171  0.0000  -0.0062  0.0062  0.0000
4.9229  0.0000  -0.0062  0.0062  0.0000
4.9288  0.0000  -0.0062  0.0062  0.0000
4.9360  0.0000  -0.0062  0.0062  0.0000
4.9441  0.0000  -0.0062  0.0062  0.0000
4.9499  0.0000  -0.0063  0.0063  0.0000
4.9558  0.0000  -0.0063  0.0063  0.0000
4.9617  0.0000  -0.0063  0.0063  0.0000
4.9675  0.0000  -0.0063  0.0063  0.0000
4.9734  0.0000  -0.0063  0.0063  0.0000
4.9799  0.0000  -0.0063  0.0063  0.0000
4.9857  0.0000  -0.0063  0.0063  0.0000
4.9926  0.0000  -0.0063  0.0063  0.0000
5.0007  0.0000  -0.0063  0.0063  0.0000
5.0171  0.0000  -0.0063  0.0063  0.0110
5.0253  0.0000  -0.0063  0.0063  0.0113
5.0337  0.0000  -0.0063  0.0063  0.0116
5.0422  0.0000  -0.0063  0.0063  0.0120
5.0514  0.0000  -0.0064  0.0064  0.0149
5.0595  0.0000  -0.0068  0.0068  0.0187
5.0677  0.0000  -0.0066  0.0066  0.0107
5.0759  0.0000  -0.0061  0.0061  0.0058
5.0841  0.0000  -0.0055  0.0055  0.0027
5.0945  0.0000  -0.0045  0.0045  -0.0028
5.1025  0.0000  -0.0034  0.0034  -0.0038
5.1107  0.0000  -0.0022  0.0022  -0.0109
5.1188  0.0000  -0.0010  0.0010  -0.0108
5.1272  0.0000  0.0003  -0.0003  -0.0168
5.1358  0.0000  0.0014  -0.0014  -0.0130
5.1447  0.0000  0.0024  -0.0024  -0.0152
5.1531  0.0000  0.0034  -0.0034  -0.0151
5.1612  0.0000  0.0041  -0.0041  -0.0152
5.1692  0.0000  0.0048  -0.0048  -0.0154
5.1774  0.0000  0.0056  -0.0056  -0.0180
5.1857  0.0000  0.0057  -0.0057  -0.0097
5.1940  0.0000  0.0057  -0.0057  -0.0075
5.2021  0.0000  0.0054  -0.0054  -0.0025
5.2113  0.0000  0.0049  -0.0049  0.0005
5.2195  0.0000  0.0039  -0.0039  0.0076
5.2281  0.0000  0.0027  -0.0027  0.0135
5.2363  0.0000  0.0013  -0.0013  0.0180
5.2447  0.0000  0.0000  -0.0000  0.0190
5.2531  0.0000  -0.0015  0.0015  0.0257
5.2630  0.0000  -0.0035  0.0035  0.0314
5.2716  0.0000  -0.0058  0.0058  0.0418
5.2804  0.0000  -0.0076  0.0076  0.0387
5.2893  0.0000  -0.0099  0.0099  0.0500
5.2975  0.0000  -0.0116  0.0116  0.0485
5.3059  0.0000  -0.0135  0.0135  0.0516
5.3128  0.0000  -0.0148  0.0148  0.0534
5.3216  0.0000  -0.0157  0.0157  0.0436
5.3296  0.0000  -0.0166  0.0166  0.0461
5.3385  0.0000  -0.0173  0.0173  0.0455
5.3452  0.0000  -0.0178  0.0178  0.0472
5.3540  0.0000  -0.0184  0.0184  0.0471
5.3620  0.0000  -0.0189  0.0189  0.0483
5.3702  0.0000  -0.0189  0.0189  0.0428
5.3791  0.0000  -0.0192  0.0192  0.0479
5.3885  0.0000  -0.0191  0.0191  0.0429
5.3966  0.0000  -0.0188  0.0188  0.0404
5.4047  0.0000  -0.0187  0.0187  0.0442
5.4132  0.0000  -0.0184  0.0184  0.0429
5.4251  0.0000  -0.0184  0.0184  0.0470
5.4334  0.0000  -0.0189  0.0189  0.0559
5.4429  0.0000  -0.0183  0.0183  0.0411
5.4534  0.0000  -0.0172  0.0172  0.0329
5.4616  0.0000  -0.0157  0.0157  0.0302
5.4699  0.0000  -0.0139  0.0139  0.0192
5.4785  0.0000  -0.0122  0.0122  0.0179
5.4866  0.0000  -0.0112  0.0112  0.0274
5.4954  0.0000  -0.0100  0.0100  0.0225
5.5041  0.0000  -0.0089  0.0089  0.0236
5.5124  0.0000  -0.0076  0.0076  0.0173
5.5229  0.0000  -0.0068  0.0068  0.0258
5.5317  0.0000  -0.0050  0.0050  0.0096
5.5391  0.0000  -0.0033  0.0033  0.0029
5.5472  0.0000  -0.0016  0.0016  0.0028
5.5571  0.0000  0.0000  -0.0000  0.0021
5.5662  0.0000  0.0023  -0.0023  -0.0082
5.5739  0.0000  0.0043  -0.0043  -0.0109
5.5832  0.0000  0.0057  -0.0057  -0.0029
5.5909  0.0000  0.0075  -0.0075  -0.0177
5.5997  0.0000  0.0084  -0.0084  -0.0049
5.6074  0.0000  0.0096  -0.0096  -0.0086
5.6153  0.0000  0.0102  -0.0102  -0.0048
5.6235  0.0000  0.0111  -0.0111  -0.0094
5.6313  0.0000  0.0124  -0.0124  -0.0197
5.6409  0.0000  0.0132  -0.0132  -0.0144
5.6483  0.0000  0.0145  -0.0145  -0.0222
5.6562  0.0000  0.0151  -0.0151  -0.0156
5.6634  0.0000  0.0156  -0.0156  -0.0157
5.6715  0.0000  0.0161  -0.0161  -0.0176
5.6790  0.0000  0.0160  -0.0160  -0.0092
5.6869  0.0000  0.0157  -0.0157  -0.0056
5.6941  0.0000  0.0152  -0.0152  -0.0021
5.7029  0.0000  0.0140  -0.0140  0.0108
5.7111  0.0000  0.0124  -0.0124  0.0130
5.7200  0.0000  0.0120  -0.0120  -0.0005
5.7322  0.0000  0.0106  -0.0106  0.0085
5.7407  0.0000  0.0092  -0.0092  0.0144
5.7481  0.0000  0.0080  -0.0080  0.0170
5.7572  0.0000  0.0065  -0.0065  0.0205
5.7662  0.0000  0.0045  -0.0045  0.0285
5.7748  0.0000  0.0027  -0.0027  0.0343
5.7828  0.0000  0.0000  -0.0000  0.0477
5.7909  0.0000  -0.0019  0.0019  0.0429
5.7990  0.0000  -0.0034  0.0034  0.0385
5.8064  0.0000  -0.0045  0.0045  0.0365
5.8140  0.0000  -0.0059  0.0059  0.0443
5.8216  0.0000  -0.0070  0.0070  0.0406
5.8291  0.0000  -0.0080  0.0080  0.0419
5.8368  0.0000  -0.0094  0.0094  0.0496
5.8441  0.0000  -0.0104  0.0104  0.0462
5.8517  0.0000  -0.0114  0.0114  0.0504
5.8599  0.0000  -0.0119  0.0119  0.0411
5.8674  0.0000  -0.0121  0.0121  0.0382
5.8759  0.0000  -0.0120  0.0120  0.0347
5.8849  0.0000  -0.0116  0.0116  0.0308
5.8948  0.0000  -0.0111  0.0111  0.0277
5.9029  0.0000  -0.0108  0.0108  0.0318
5.9109  0.0000  -0.0105  0.0105  0.0315
5.9191  0.0000  -0.0098  0.0098  0.0241
5.9282  0.0000  -0.0085  0.0085  0.0138
5.9364  0.0000  -0.0068  0.0068  0.0097
5.9456  0.0000  -0.0055  0.0055  0.0081
5.9561  0.0000  -0.0037  0.0037  0.0033
5.9654  0.0000  -0.0013  0.0013  -0.0044
5.9737  0.0000  0.0004  -0.0004  -0.0024
5.9824  0.0000  0.0023  -0.0023  -0.0111
5.9904  0.0000  0.0044  -0.0044  -0.0183
5.9988  0.0000  0.0063  -0.0063  -0.0188
6.0071  0.0000  0.0084  -0.0084  -0.0248
6.0163  0.0000  0.0100  -0.0100  -0.0214
6.0242  0.0000  0.0120  -0.0120  -0.0310
6.0334  0.0000  0.0134  -0.0134  -0.0232
6.0409  0.0000  0.0146  -0.0146  -0.0274
6.0482  0.0000  0.0155  -0.0155  -0.0248
6.0556  0.0000  0.0161  -0.0161  -0.0216
6.0631  0.0000  0.0163  -0.0163  -0.0174
6.0703  0.0000  0.0173  -0.0173  -0.0314
6.0785  0.0000  0.0178  -0.0178  -0.0253
6.0862  0.0000  0.0184  -0.0184  -0.0280
6.0944  0.0000  0.0189  -0.0189  -0.0290
6.1033  0.0000  0.0186  -0.0186  -0.0177
6.1109  0.0000  0.0184  -0.0184  -0.0191
6.1200  0.0000  0.0177  -0.0177  -0.0130
6.1286  0.0000  0.0167  -0.0167  -0.0067
6.1402  0.0000  0.0147  -0.0147  0.0077
6.1507  0.0000  0.0118  -0.0118  0.0194
6.1600  0.0000  0.0100  -0.0100  0.0049
6.1694  0.0000  0.0085  -0.0085  0.0097
6.1785  0.0000  0.0059  -0.0059  0.0280
6.1866  0.0000  0.0044  -0.0044  0.0172
6.1948  0.0000  0.0028  -0.0028  0.0234
6.2029  0.0000  0.0015  -0.0015  0.0185
6.2112  0.0000  0.0000  -0.0000  0.0249
6.2206  0.0000  -0.0009  0.0009  0.0170
6.2286  0.0000  -0.0026  0.0026  0.0322
6.2367  0.0000  -0.0044  0.0044  0.0381
6.2448  0.0000  -0.0059  0.0059  0.0362
6.2530  0.0000  -0.0064  0.0064  0.0227
6.2614  0.0000  -0.0065  0.0065  0.0160
6.2696  0.0000  -0.0068  0.0068  0.0221
6.2787  0.0000  -0.0069  0.0069  0.0187
6.2881  0.0000  -0.0072  0.0072  0.0209
6.2974  0.0000  -0.0074  0.0074  0.0215
6.3055  0.0000  -0.0064  0.0064  0.0029
6.3140  0.0000  -0.0055  0.0055  0.0031
6.3239  0.0000  -0.0042  0.0042  -0.0034
6.3322  0.0000  -0.0027  0.0027  -0.0068
6.3408  0.0000  -0.0017  0.0017  -0.0036
6.3488  0.0000  -0.0001  0.0001  -0.0155
6.3571  0.0000  0.0015  -0.0015  -0.0177
6.3652  0.0000  0.0029  -0.0029  -0.0183
6.3738  0.0000  0.0044  -0.0044  -0.0203
6.3823  0.0000  0.0052  -0.0052  -0.0142
6.3901  0.0000  0.0067  -0.0067  -0.0266
6.3978  0.0000  0.0077  -0.0077  -0.0219
6.4064  0.0000  0.0088  -0.0088  -0.0271
6.4150  0.0000  0.0102  -0.0102  -0.0301
6.4247  0.0000  0.0115  -0.0115  -0.0312
6.4352  0.0000  0.0126  -0.0126  -0.0316
6.4441  0.0000  0.0135  -0.0135  -0.0300
6.4542  0.0000  0.0139  -0.0139  -0.0264
6.4655  0.0000  0.0135  -0.0135  -0.0165
6.4744  0.0000  0.0126  -0.0126  -0.0114
6.4836  0.0000  0.0115  -0.0115  -0.0050
6.4926  0.0000  0.0103  -0.0103  -0.0021
6.5029  0.0000  0.0088  -0.0088  0.0044
6.5121  0.0000  0.0066  -0.0066  0.0121
6.5230  0.0000  0.0040  -0.0040  0.0191
6.5341  0.0000  0.0019  -0.0019  0.0188
6.5443  0.0000  -0.0006  0.0006  0.0260
6.5528  0.0000  -0.0026  0.0026  0.0338
6.5613  0.0000  -0.0039  0.0039  0.0212
6.5681  0.0000  -0.0052  0.0052  0.0303
6.5758  0.0000  -0.0066  0.0066  0.0329
6.5844  0.0000  -0.0076  0.0076  0.0250
6.5924  0.0000  -0.0095  0.0095  0.0448
6.5998  0.0000  -0.0118  0.0118  0.0553
6.6077  0.0000  -0.0145  0.0145  0.0661
6.6156  0.0000  -0.0173  0.0173  0.0726
6.6249  0.0000  -0.0201  0.0201  0.0741
6.6331  0.0000  -0.0217  0.0217  0.0622
6.6421  0.0000  -0.0239  0.0239  0.0776
6.6499  0.0000  -0.0253  0.0253  0.0686
6.6589  0.0000  -0.0273  0.0273  0.0836
6.6664  0.0000  -0.0288  0.0288  0.0778
6.6744  0.0000  -0.0301  0.0301  0.0805
6.6832  0.0000  -0.0312  0.0312  0.0802
6.6914  0.0000  -0.0325  0.0325  0.0875
6.7001  0.0000  -0.0334  0.0334  0.0832
6.7082  0.0000  -0.0342  0.0342  0.0874
6.7163  0.0000  -0.0348  0.0348  0.0847
6.7231  0.0000  -0.0353  0.0353  0.0889
6.7310  0.0000  -0.0357  0.0357  0.0891
6.7387  0.0000  -0.0358  0.0358  0.0855
6.7472  0.0000  -0.0364  0.0364  0.0947
6.7551  0.0000  -0.0363  0.0363  0.0876
6.7637  0.0000  -0.0361  0.0361  0.0862
6.7721  0.0000  -0.0362  0.0362  0.0932
6.7806  0.0000  -0.0360  0.0360  0.0893
6.7898  0.0000  -0.0359  0.0359  0.0942
6.7989  0.0000  -0.0358  0.0358  0.0959
6.8054  0.0000  -0.0351  0.0351  0.0839
6.8134  0.0000  -0.0347  0.0347  0.0923
6.8211  0.0000  -0.0339  0.0339  0.0863
6.8300  0.0000  -0.0333  0.0333  0.0886
6.8385  0.0000  -0.0325  0.0325  0.0904
6.8473  0.0000  -0.0311  0.0311  0.0786
6.8558  0.0000  -0.0297  0.0297  0.0782
6.8646  0.0000  -0.0280  0.0280  0.0731
6.8730  0.0000  -0.0263  0.0263  0.0694
6.8809  0.0000  -0.0245  0.0245  0.0678
6.8880  0.0000  -0.0221  0.0221  0.0491
6.8954  0.0000  -0.0204  0.0204  0.0608
6.9031  0.0000  -0.0174  0.0174  0.0390
6.9122  0.0000  -0.0146  0.0146  0.0339
6.9220  0.0000  -0.0116  0.0116  0.0367
6.9301  0.0000  -0.0084  0.0084  0.0336
6.9387  0.0000  -0.0053  0.0053  0.0166
6.9464  0.0000  -0.0017  0.0017  0.0097
6.9538  0.0000  0.0010  -0.0010  0.0131
6.9627  0.0000  0.0039  -0.0039  0.0034
6.9742  0.0000  0.0072  -0.0072  -0.0005
6.9817  0.0000  0.0118  -0.0118  -0.0122
6.9892  0.0000  0.0150  -0.0150  -0.0207
6.9966  0.0000  0.0183  -0.0183  -0.0296
7.0039  0.0000  0.0215  -0.0215  -0.0349
7.0118  0.0000  0.0235  -0.0235  -0.0190
7.0198  0.0000  0.0264  -0.0264  -0.0357
7.0271  0.0000  0.0285  -0.0285  -0.0331
7.0355  0.0000  0.0302  -0.0302  -0.0290
7.0442  0.0000  0.0325  -0.0325  -0.0388
7.0536  0.0000  0.0346  -0.0346  -0.0434
7.0636  0.0000  0.0360  -0.0360  -0.0362
7.0714  0.0000  0.0371  -0.0371  -0.0365
7.0829  0.0000  0.0374  -0.0374  -0.0282
7.0913  0.0000  0.0372  -0.0372  -0.0248
7.0995  0.0000  0.0369  -0.0369  -0.0244
7.1084  0.0000  0.0366  -0.0366  -0.0255
7.1159  0.0000  0.0360  -0.0360  -0.0197
7.1240  0.0000  0.0353  -0.0353  -0.0210
7.1318  0.0000  0.0345  -0.0345  -0.0195
7.1398  0.0000  0.0331  -0.0331  -0.0100
7.1498  0.0000  0.0310  -0.0310  0.0043
7.1576  0.0000  0.0287  -0.0287  0.0012
7.1681  0.0000  0.0275  -0.0275  -0.0062
7.1772  0.0000  0.0253  -0.0253  0.0014
7.1861  0.0000  0.0233  -0.0233  0.0021
7.1939  0.0000  0.0207  -0.0207  0.0215
7.2018  0.0000  0.0185  -0.0185  0.0198
7.2095  0.0000  0.0163  -0.0163  0.0201
7.2174  0.0000  0.0145  -0.0145  0.0170
7.2254  0.0000  0.0120  -0.0120  0.0317
7.2331  0.0000  0.0100  -0.0100  0.0279
7.2410  0.0000  0.0077  -0.0077  0.0354
7.2490  0.0000  0.0054  -0.0054  0.0376
7.2572  0.0000  0.0028  -0.0028  0.0459
7.2650  0.0000  0.0007  -0.0007  0.0431
7.2735  0.0000  -0.0016  0.0016  0.0488
7.2828  0.0000  -0.0041  0.0041  0.0517
7.2914  0.0000  -0.0064  0.0064  0.0559
7.2999  0.0000  -0.0088  0.0088  0.0628
7.3073  0.0000  -0.0108  0.0108  0.0629
7.3148  0.0000  -0.0127  0.0127  0.0660
7.3222  0.0000  -0.0147  0.0147  0.0726
7.3299  0.0000  -0.0167  0.0167  0.0757
7.3385  0.0000  -0.0185  0.0185  0.0749
7.3461  0.0000  -0.0207  0.0207  0.0846
7.3542  0.0000  -0.0220  0.0220  0.0757
7.3616  0.0000  -0.0233  0.0233  0.0794
7.3690  0.0000  -0.0244  0.0244  0.0804
7.3753  0.0000  -0.0256  0.0256  0.0886
7.3828  0.0000  -0.0267  0.0267  0.0864
7.3905  0.0000  -0.0278  0.0278  0.0869
7.3976  0.0000  -0.0284  0.0284  0.0839
7.4047  0.0000  -0.0289  0.0289  0.0853
7.4119  0.0000  -0.0296  0.0296  0.0886
7.4222  0.0000  -0.0294  0.0294  0.0768
7.4293  0.0000  -0.0288  0.0288  0.0723
7.4364  0.0000  -0.0283  0.0283  0.0727
7.4447  0.0000  -0.0274  0.0274  0.0643
7.4519  0.0000  -0.0259  0.0259  0.0588
7.4590  0.0000  -0.0251  0.0251  0.0650
7.4672  0.0000  -0.0241  0.0241  0.0606
7.4770  0.0000  -0.0214  0.0214  0.0369
7.4840  0.0000  -0.0190  0.0190  0.0411
7.4912  0.0000  -0.0162  0.0162  0.0219
7.4983  0.0000  -0.0136  0.0136  0.0203
7.5051  0.0000  -0.0115  0.0115  0.0249
7.5123  0.0000  -0.0090  0.0090  0.0137
7.5195  0.0000  -0.0069  0.0069  0.0195
7.5290  0.0000  -0.0037  0.0037  -0.0029
7.5370  0.0000  0.0006  -0.0006  -0.0111
7.5447  0.0000  0.0037  -0.0037  -0.0096
7.5535  0.0000  0.0075  -0.0075  -0.0249
7.5604  0.0000  0.0106  -0.0106  -0.0255
7.5674  0.0000  0.0135  -0.0135  -0.0311
7.5748  0.0000  0.0158  -0.0158  -0.0248
7.5824  0.0000  0.0178  -0.0178  -0.0222
7.5894  0.0000  0.0208  -0.0208  -0.0470
7.5967  0.0000  0.0234  -0.0234  -0.0453
7.6041  0.0000  0.0269  -0.0269  -0.0659
7.6116  0.0000  0.0292  -0.0292  -0.0505
7.6189  0.0000  0.0321  -0.0321  -0.0663
7.6267  0.0000  0.0338  -0.0338  -0.0517
7.6342  0.0000  0.0361  -0.0361  -0.0670
7.6416  0.0000  0.0380  -0.0380  -0.0643
7.6490  0.0000  0.0396  -0.0396  -0.0668
7.6569  0.0000  0.0411  -0.0411  -0.0661
7.6650  0.0000  0.0425  -0.0425  -0.0700
7.6745  0.0000  0.0434  -0.0434  -0.0655
7.6828  0.0000  0.0445  -0.0445  -0.0701
7.6908  0.0000  0.0451  -0.0451  -0.0678
7.6988  0.0000  0.0453  -0.0453  -0.0660
7.7066  0.0000  0.0453  -0.0453  -0.0652
7.7145  0.0000  0.0452  -0.0452  -0.0641
7.7222  0.0000  0.0451  -0.0451  -0.0677
7.7300  0.0000  0.0450  -0.0450  -0.0686
7.7379  0.0000  0.0449  -0.0449  -0.0701
7.7454  0.0000  0.0447  -0.0447  -0.0708
7.7532  0.0000  0.0439  -0.0439  -0.0630
7.7610  0.0000  0.0430  -0.0430  -0.0617
7.7688  0.0000  0.0420  -0.0420  -0.0595
7.7782  0.0000  0.0408  -0.0408  -0.0581
7.7866  0.0000  0.0389  -0.0389  -0.0508
7.7951  0.0000  0.0371  -0.0371  -0.0464
7.8024  0.0000  0.0354  -0.0354  -0.0468
7.8110  0.0000  0.0338  -0.0338  -0.0487
7.8184  0.0000  0.0318  -0.0318  -0.0378
7.8270  0.0000  0.0304  -0.0304  -0.0477
7.8356  0.0000  0.0284  -0.0284  -0.0398
7.8437  0.0000  0.0258  -0.0258  -0.0258
7.8513  0.0000  0.0239  -0.0239  -0.0314
7.8590  0.0000  0.0222  -0.0222  -0.0331
7.8665  0.0000  0.0197  -0.0197  -0.0180
7.8743  0.0000  0.0180  -0.0180  -0.0278
7.8820  0.0000  0.0160  -0.0160  -0.0190
7.8902  0.0000  0.0142  -0.0142  -0.0231
7.8981  0.0000  0.0119  -0.0119  -0.0115
7.9066  0.0000  0.0096  -0.0096  -0.0099
7.9163  0.0000  0.0065  -0.0065  0.0093
7.9240  0.0000  0.0026  -0.0026  0.0166
7.9323  0.0000  -0.0002  0.0002  0.0150
7.9396  0.0000  -0.0033  0.0033  0.0269
7.9481  0.0000  -0.0064  0.0064  0.0346
7.9554  0.0000  -0.0103  0.0103  0.0475
7.9627  0.0000  -0.0133  0.0133  0.0446
7.9710  0.0000  -0.0160  0.0160  0.0456
7.9805  0.0000  -0.0199  0.0199  0.0660
7.9878  0.0000  -0.0234  0.0234  0.0612
7.9951  0.0000  -0.0256  0.0256  0.0576
8.0027  0.0000  -0.0284  0.0284  0.0722
8.0100  0.0000  -0.0310  0.0310  0.0748
8.0174  0.0000  -0.0335  0.0335  0.0799
8.0239  0.0000  -0.0354  0.0354  0.0793
8.0320  0.0000  -0.0368  0.0368  0.0689
8.0406  0.0000  -0.0385  0.0385  0.0769
8.0483  0.0000  -0.0400  0.0400  0.0791
8.0572  0.0000  -0.0416  0.0416  0.0837
8.0646  0.0000  -0.0433  0.0433  0.0942
8.0720  0.0000  -0.0443  0.0443  0.0873
8.0793  0.0000  -0.0449  0.0449  0.0829
8.0865  0.0000  -0.0457  0.0457  0.0897
8.0940  0.0000  -0.0460  0.0460  0.0836
8.1014  0.0000  -0.0466  0.0466  0.0928
8.1086  0.0000  -0.0467  0.0467  0.0853
8.1160  0.0000  -0.0466  0.0466  0.0854
8.1233  0.0000  -0.0464  0.0464  0.0853
8.1306  0.0000  -0.0462  0.0462  0.0862
8.1381  0.0000  -0.0455  0.0455  0.0806
8.1453  0.0000  -0.0447  0.0447  0.0778
8.1527  0.0000  -0.0437  0.0437  0.0748
8.1602  0.0000  -0.0425  0.0425  0.0722
8.1672  0.0000  -0.0409  0.0409  0.0638
8.1746  0.0000  -0.0394  0.0394  0.0672
8.1842  0.0000  -0.0373  0.0373  0.0555
8.1920  0.0000  -0.0346  0.0346  0.0512
8.1992  0.0000  -0.0322  0.0322  0.0449
8.2063  0.0000  -0.0301  0.0301  0.0447
8.2144  0.0000  -0.0283  0.0283  0.0518
8.2220  0.0000  -0.0252  0.0252  0.0293
8.2300  0.0000  -0.0225  0.0225  0.0306
8.2373  0.0000  -0.0190  0.0190  0.0088
8.2447  0.0000  -0.0158  0.0158  0.0096
8.2526  0.0000  -0.0122  0.0122  0.0012
8.2599  0.0000  -0.0094  0.0094  0.0091
8.2703  0.0000  -0.0063  0.0063  -0.0003
8.2781  0.0000  -0.0024  0.0024  -0.0049
8.2863  0.0000  0.0012  -0.0012  -0.0168
8.2947  0.0000  0.0046  -0.0046  -0.0263
8.3031  0.0000  0.0086  -0.0086  -0.0304
8.3150  0.0000  0.0125  -0.0125  -0.0427
8.3230  0.0000  0.0171  -0.0171  -0.0401
8.3347  0.0000  0.0199  -0.0199  -0.0454
8.3416  0.0000  0.0244  -0.0244  -0.0600
8.3501  0.0000  0.0266  -0.0266  -0.0449
8.3581  0.0000  0.0289  -0.0289  -0.0525
8.3657  0.0000  0.0306  -0.0306  -0.0504
8.3731  0.0000  0.0319  -0.0319  -0.0480
8.3805  0.0000  0.0328  -0.0328  -0.0452
8.3887  0.0000  0.0338  -0.0338  -0.0496
8.3966  0.0000  0.0341  -0.0341  -0.0394
8.4039  0.0000  0.0342  -0.0342  -0.0400
8.4110  0.0000  0.0341  -0.0341  -0.0378
8.4190  0.0000  0.0337  -0.0337  -0.0342
8.4299  0.0000  0.0336  -0.0336  -0.0409
8.4393  0.0000  0.0326  -0.0326  -0.0272
8.4471  0.0000  0.0316  -0.0316  -0.0288
8.4562  0.0000  0.0301  -0.0301  -0.0192
8.4640  0.0000  0.0283  -0.0283  -0.0146
8.4734  0.0000  0.0269  -0.0269  -0.0177
8.4839  0.0000  0.0254  -0.0254  -0.0192
8.4912  0.0000  0.0230  -0.0230  -0.0056
8.5013  0.0000  0.0207  -0.0207  0.0056
8.5086  0.0000  0.0176  -0.0176  0.0097
8.5161  0.0000  0.0152  -0.0152  0.0138
8.5238  0.0000  0.0119  -0.0119  0.0339
8.5316  0.0000  0.0087  -0.0087  0.0326
8.5394  0.0000  0.0054  -0.0054  0.0431
8.5468  0.0000  0.0025  -0.0025  0.0409
8.5547  0.0000  -0.0001  0.0001  0.0405
8.5627  0.0000  -0.0022  0.0022  0.0342
8.5701  0.0000  -0.0048  0.0048  0.0491
8.5781  0.0000  -0.0073  0.0073  0.0513
8.5854  0.0000  -0.0103  0.0103  0.0665
8.5928  0.0000  -0.0119  0.0119  0.0487
8.6010  0.0000  -0.0139  0.0139  0.0549
8.6088  0.0000  -0.0160  0.0160  0.0610
8.6169  0.0000  -0.0174  0.0174  0.0539
8.6259  0.0000  -0.0188  0.0188  0.0549
8.6339  0.0000  -0.0193  0.0193  0.0460
8.6418  0.0000  -0.0201  0.0201  0.0527
8.6497  0.0000  -0.0206  0.0206  0.0500
8.6578  0.0000  -0.0209  0.0209  0.0495
8.6650  0.0000  -0.0212  0.0212  0.0496
8.6728  0.0000  -0.0215  0.0215  0.0518
8.6801  0.0000  -0.0213  0.0213  0.0443
8.6877  0.0000  -0.0210  0.0210  0.0440
8.6964  0.0000  -0.0206  0.0206  0.0420
8.7049  0.0000  -0.0198  0.0198  0.0380
8.7126  0.0000  -0.0189  0.0189  0.0332
8.7199  0.0000  -0.0180  0.0180  0.0334
8.7271  0.0000  -0.0173  0.0173  0.0333
8.7352  0.0000  -0.0163  0.0163  0.0312
8.7437  0.0000  -0.0146  0.0146  0.0181
8.7517  0.0000  -0.0130  0.0130  0.0182
8.7595  0.0000  -0.0113  0.0113  0.0145
8.7672  0.0000  -0.0096  0.0096  0.0097
8.7782  0.0000  -0.0070  0.0070  -0.0059
8.7863  0.0000  -0.0042  0.0042  -0.0021
8.7948  0.0000  -0.0021  0.0021  -0.0065
8.8039  0.0000  0.0003  -0.0003  -0.0094
8.8123  0.0000  0.0035  -0.0035  -0.0313
8.8212  0.0000  0.0061  -0.0061  -0.0233
8.8305  0.0000  0.0088  -0.0088  -0.0288
8.8391  0.0000  0.0113  -0.0113  -0.0353
8.8480  0.0000  0.0142  -0.0142  -0.0424
8.8570  0.0000  0.0168  -0.0168  -0.0454
8.8653  0.0000  0.0189  -0.0189  -0.0438
8.8740  0.0000  0.0214  -0.0214  -0.0560
8.8820  0.0000  0.0233  -0.0233  -0.0509
8.8898  0.0000  0.0257  -0.0257  -0.0657
8.8985  0.0000  0.0272  -0.0272  -0.0543
8.9063  0.0000  0.0287  -0.0287  -0.0609
8.9142  0.0000  0.0296  -0.0296  -0.0534
8.9220  0.0000  0.0311  -0.0311  -0.0670
8.9301  0.0000  0.0316  -0.0316  -0.0538
8.9383  0.0000  0.0321  -0.0321  -0.0563
8.9474  0.0000  0.0320  -0.0320  -0.0492
8.9550  0.0000  0.0321  -0.0321  -0.0540
8.9634  0.0000  0.0317  -0.0317  -0.0457
8.9710  0.0000  0.0303  -0.0303  -0.0341
8.9794  0.0000  0.0294  -0.0294  -0.0368
8.9898  0.0000  0.0279  -0.0279  -0.0328
8.9974  0.0000  0.0256  -0.0256  -0.0205
9.0049  0.0000  0.0235  -0.0235  -0.0124
9.0195  0.0000  0.0205  -0.0205  0.0000
9.0248  0.0000  0.0183  -0.0183  0.0000
9.0300  0.0000  0.0171  -0.0171  0.0000
9.0351  0.0000  0.0152  -0.0152  0.0000
9.0412  0.0000  0.0138  -0.0138  0.0000
9.0461  0.0000  0.0120  -0.0120  0.0000
9.0509  0.0000  0.0109  -0.0109  0.0000
9.0572  0.0000  0.0090  -0.0090  0.0000
9.0626  0.0000  0.0072  -0.0072  0.0000
9.0678  0.0000  0.0061  -0.0061  0.0000
9.0731  0.0000  0.0050  -0.0050  0.0000
9.0780  0.0000  0.0037  -0.0037  0.0000
9.0830  0.0000  0.0025  -0.0025  0.0000
9.0880  0.0000  0.0015  -0.0015  0.0000
9.0931  0.0000  0.0007  -0.0007  0.0000
9.0982  0.0000  -0.0003  0.0003  0.0000
9.1042  0.0000  -0.0020  0.0020  0.0000
9.1112  0.0000  -0.0030  0.0030  0.0000
9.1160  0.0000  -0.0043  0.0043  0.0000
9.1209  0.0000  -0.0056  0.0056  0.0000
9.1258  0.0000  -0.0066  0.0066  0.0000
9.1307  0.0000  -0.0076  0.0076  0.0000
9.1356  0.0000  -0.0086  0.0086  0.0000
9.1406  0.0000  -0.0095  0.0095  0.0000
9.1456  0.0000  -0.0110  0.0110  0.0000
9.1506  0.0000  -0.0122  0.0122  0.0000
9.1557  0.0000  -0.0135  0.0135  0.0000
9.1605  0.0000  -0.0143  0.0143  0.0000
9.1656  0.0000  -0.0153  0.0153  0.0000
9.1705  0.0000  -0.0163  0.0163  0.0000
9.1756  0.0000  -0.0169  0.0169  0.0000
9.1804  0.0000  -0.0179  0.0179  0.0000
9.1853  0.0000  -0.0186  0.0186  0.0000
9.1901  0.0000  -0.0193  0.0193  0.0000
9.1951  0.0000  -0.0206  0.0206  0.0000
9.2009  0.0000  -0.0213  0.0213  0.0000
9.2058  0.0000  -0.0227  0.0227  0.0000
9.2107  0.0000  -0.0237  0.0237  0.0000
9.2156  0.0000  -0.0245  0.0245  0.0000
9.2210  0.0000  -0.0253  0.0253  0.0000
9.2263  0.0000  -0.0261  0.0261  0.0000
9.2303  0.0000  -0.0270  0.0270  0.0000
9.2354  0.0000  -0.0275  0.0275  0.0000
9.2404  0.0000  -0.0282  0.0282  0.0000
9.2452  0.0000  -0.0292  0.0292  0.0000
9.2505  0.0000  -0.0299  0.0299  0.0000
9.2559  0.0000  -0.0307  0.0307  0.0000
9.2614  0.0000  -0.0317  0.0317  0.0000
9.2667  0.0000  -0.0324  0.0324  0.0000
9.2721  0.0000  -0.0333  0.0333  0.0000
9.2776  0.0000  -0.0341  0.0341  0.0000
9.2829  0.0000  -0.0348  0.0348  0.0000
9.2883  0.0000  -0.0352  0.0352  0.0000
9.2943  0.0000  -0.0355  0.0355  0.0000
9.3000  0.0000  -0.0360  0.0360  0.0000
9.3060  0.0000  -0.0363  0.0363  0.0000
9.3117  0.0000  -0.0366  0.0366  0.0000
9.3167  0.0000  -0.0367  0.0367  0.0000
9.3224  0.0000  -0.0369  0.0369  0.0000
9.3279  0.0000  -0.0368  0.0368  0.0000
9.3341  0.0000  -0.0370  0.0370  0.0000
9.3392  0.0000  -0.0369  0.0369  0.0000
9.3444  0.0000  -0.0370  0.0370  0.0000
9.3496  0.0000  -0.0370  0.0370  0.0000
9.3549  0.0000  -0.0369  0.0369  0.0000
9.3602  0.0000  -0.0366  0.0366  0.0000
9.3655  0.0000  -0.0365  0.0365  0.0000
9.3710  0.0000  -0.0361  0.0361  0.0000
9.3764  0.0000  -0.0356  0.0356  0.0000
9.3819  0.0000  -0.0354  0.0354  0.0000
9.3870  0.0000  -0.0349  0.0349  0.0000
9.3931  0.0000  -0.0345  0.0345  0.0000
9.3983  0.0000  -0.0341  0.0341  0.0000
9.4035  0.0000  -0.0336  0.0336  0.0000
9.4119  0.0000  -0.0328  0.0328  0.0000
9.4175  0.0000  -0.0323  0.0323  0.0000
9.4278  0.0000  -0.0318  0.0318  0.0000
9.4337  0.0000  -0.0304  0.0304  0.0000
9.4397  0.0000  -0.0299  0.0299  0.0000
9.4456  0.0000  -0.0293  0.0293  0.0000
9.4525  0.0000  -0.0287  0.0287  0.0000
9.4577  0.0000  -0.0283  0.0283  0.0000
9.4637  0.0000  -0.0279  0.0279  0.0000
9.4688  0.0000  -0.0274  0.0274  0.0000
9.4740  0.0000  -0.0271  0.0271  0.0000
9.4804  0.0000  -0.0267  0.0267  0.0000
9.4855  0.0000  -0.0264  0.0264  0.0000
9.4932  0.0000  -0.0260  0.0260  0.0000
9.4981  0.0000  -0.0252  0.0252  0.0000
9.5029  0.0000  -0.0248  0.0248  0.0000
9.5078  0.0000  -0.0245  0.0245  0.0000
9.5127  0.0000  -0.0241  0.0241  0.0000
9.5239  0.0000  -0.0237  0.0237  0.0000
9.5289  0.0000  -0.0227  0.0227  0.0000
9.5338  0.0000  -0.0222  0.0222  0.0000
9.5387  0.0000  -0.0218  0.0218  0.0000
9.5435  0.0000  -0.0214  0.0214  0.0000
9.5489  0.0000  -0.0212  0.0212  0.0000
9.5544  0.0000  -0.0209  0.0209  0.0000
9.5602  0.0000  -0.0204  0.0204  0.0000
9.5653  0.0000  -0.0203  0.0203  0.0000
9.5704  0.0000  -0.0200  0.0200  0.0000
9.5744  0.0000  -0.0197  0.0197  0.0000
9.5792  0.0000  -0.0196  0.0196  0.0000
9.5835  0.0000  -0.0194  0.0194  0.0000
9.5884  0.0000  -0.0191  0.0191  0.0000
9.5934  0.0000  -0.0190  0.0190  0.0000
9.5985  0.0000  -0.0189  0.0189  0.0000
9.6034  0.0000  -0.0186  0.0186  0.0000
9.6083  0.0000  -0.0184  0.0184  0.0000
9.6133  0.0000  -0.0183  0.0183  0.0000
9.6182  0.0000  -0.0180  0.0180  0.0000
9.6230  0.0000  -0.0178  0.0178  0.0000
9.6280  0.0000  -0.0176  0.0176  0.0000
9.6330  0.0000  -0.0176  0.0176  0.0000
9.6379  0.0000  -0.0174  0.0174  0.0000
9.6427  0.0000  -0.0173  0.0173  0.0000
9.6476  0.0000  -0.0172  0.0172  0.0000
9.6526  0.0000  -0.0171  0.0171  0.0000
9.6575  0.0000  -0.0171  0.0171  0.0000
9.6624  0.0000  -0.0171  0.0171  0.0000
9.6672  0.0000  -0.0171  0.0171  0.0000
9.6728  0.0000  -0.0171  0.0171  0.0000
9.6783  0.0000  -0.0172  0.0172  0.0000
9.6839  0.0000  -0.0174  0.0174  0.0000
9.6894  0.0000  -0.0177  0.0177  0.0000
9.6948  0.0000  -0.0179  0.0179  0.0000
9.6999  0.0000  -0.0182  0.0182  0.0000
9.7055  0.0000  -0.0185  0.0185  0.0000
9.7107  0.0000  -0.0190  0.0190  0.0000
9.7159  0.0000  -0.0193  0.0193  0.0000
9.7210  0.0000  -0.0197  0.0197  0.0000
9.7261  0.0000  -0.0200  0.0200  0.0000
9.7312  0.0000  -0.0203  0.0203  0.0000
9.7363  0.0000  -0.0208  0.0208  0.0000
9.7426  0.0000  -0.0210  0.0210  0.0000
9.7477  0.0000  -0.0214  0.0214  0.0000
9.7530  0.0000  -0.0217  0.0217  0.0000
9.7581  0.0000  -0.0220  0.0220  0.0000
9.7633  0.0000  -0.0222  0.0222  0.0000
9.7685  0.0000  -0.0223  0.0223  0.0000
9.7737  0.0000  -0.0225  0.0225  0.0000
9.7793  0.0000  -0.0226  0.0226  0.0000
9.7843  0.0000  -0.0227  0.0227  0.0000
9.7895  0.0000  -0.0228  0.0228  0.0000
9.7952  0.0000  -0.0227  0.0227  0.0000
9.8010  0.0000  -0.0228  0.0228  0.0000
9.8064  0.0000  -0.0226  0.0226  0.0000
9.8120  0.0000  -0.0225  0.0225  0.0000
9.8182  0.0000  -0.0223  0.0223  0.0000
9.8232  0.0000  -0.0222  0.0222  0.0000
9.8294  0.0000  -0.0219  0.0219  0.0000
9.8357  0.0000  -0.0217  0.0217  0.0000
9.8405  0.0000  -0.0216  0.0216  0.0000
9.8455  0.0000  -0.0215  0.0215  0.0000
9.8504  0.0000  -0.0213  0.0213  0.0000
9.8554  0.0000  -0.0212  0.0212  0.0000
9.8603  0.0000  -0.0210  0.0210  0.0000
9.8653  0.0000  -0.0210  0.0210  0.0000
9.8703  0.0000  -0.0209  0.0209  0.0000
9.8755  0.0000  -0.0209  0.0209  0.0000
9.8805  0.0000  -0.0209  0.0209  0.0000
9.8857  0.0000  -0.0209  0.0209  0.0000
9.8906  0.0000  -0.0208  0.0208  0.0000
9.8964  0.0000  -0.0209  0.0209  0.0000
9.9020  0.0000  -0.0210  0.0210  0.0000
9.9073  0.0000  -0.0211  0.0211  0.0000
9.9127  0.0000  -0.0212  0.0212  0.0000
9.9181  0.0000  -0.0213  0.0213  0.0000
9.9221  0.0000  -0.0214  0.0214  0.0000
9.9297  0.0000  -0.0214  0.0214  0.0000
9.9350  0.0000  -0.0215  0.0215  0.0000
9.9409  0.0000  -0.0215  0.0215  0.0000
9.9460  0.0000  -0.0216  0.0216  0.0000
9.9512  0.0000  -0.0216  0.0216  0.0000
9.9582  0.0000  -0.0216  0.0216  0.0000
9.9633  0.0000  -0.0216  0.0216  0.0000
9.9685  0.0000  -0.0216  0.0216  0.0000
9.9738  0.0000  -0.0216  0.0216  0.0000
9.9792  0.0000  -0.0215  0.0215  0.0000
9.9854  0.0000  -0.0215  0.0215  0.0000
9.9908  0.0000  -0.0215  0.0215  0.0000
9.9982  0.0000  -0.0215  0.0215  0.0000
10.0036  0.0000  -0.0214  0.0214  0.0000
10.0088  0.0000  -0.0214  0.0214  0.0000
10.0141  0.0000  -0.0213  0.0213  0.0000
10.0257  0.0000  -0.0213  0.0213  0.0000
10.0310  0.0000  -0.0213  0.0213  0.0000
10.0362  0.0000  -0.0213  0.0213  0.0000
10.0416  0.0000  -0.0213  0.0213  0.0000
10.0469  0.0000  -0.0213  0.0213  0.0000
10.0534  0.0000  -0.0213  0.0213  0.0000
10.0588  0.0000  -0.0214  0.0214  0.0000
10.0645  0.0000  -0.0214  0.0214  0.0000
10.0698  0.0000  -0.0214  0.0214  0.0000
10.0761  0.0000  -0.0215  0.0215  0.0000
10.0808  0.0000  -0.0216  0.0216  0.0000
10.0865  0.0000  -0.0216  0.0216  0.0000
10.0935  0.0000  -0.0216  0.0216  0.0000
10.0988  0.0000  -0.0216  0.0216  0.0000
10.1040  0.0000  -0.0216  0.0216  0.0000
10.1093  0.0000  -0.0216  0.0216  0.0000
10.1149  0.0000  -0.0216  0.0216  0.0000
10.1204  0.0000  -0.0216  0.0216  0.0000
10.1259  0.0000  -0.0216  0.0216  0.0000
10.1313  0.0000  -0.0216  0.0216  0.0000
10.1366  0.0000  -0.0216  0.0216  0.0000
10.1419  0.0000  -0.0216  0.0216  0.0000
10.1472  0.0000  -0.0215  0.0215  0.0000
10.1526  0.0000  -0.0215  0.0215  0.0000
10.1579  0.0000  -0.0215  0.0215  0.0000
10.1635  0.0000  -0.0215  0.0215  0.0000
10.1689  0.0000  -0.0215  0.0215  0.0000
10.1731  0.0000  -0.0215  0.0215  0.0000
10.1782  0.0000  -0.0216  0.0216  0.0000
10.1842  0.0000  -0.0216  0.0216  0.0000
10.1892  0.0000  -0.0216  0.0216  0.0000
10.1943  0.0000  -0.0216  0.0216  0.0000
10.1993  0.0000  -0.0217  0.0217  0.0000
10.2044  0.0000  -0.0217  0.0217  0.0000
10.2110  0.0000  -0.0217  0.0217  0.0000
10.2161  0.0000  -0.0217  0.0217  0.0000
10.2211  0.0000  -0.0217  0.0217  0.0000
10.2262  0.0000  -0.0217  0.0217  0.0000
10.2315  0.0000  -0.0217  0.0217  0.0000
10.2365  0.0000  -0.0217  0.0217  0.0000
10.2416  0.0000  -0.0217  0.0217  0.0000
10.2466  0.0000  -0.0217  0.0217  0.0000
10.2516  0.0000  -0.0217  0.0217  0.0000
10.2568  0.0000  -0.0217  0.0217  0.0000
10.2618  0.0000  -0.0217  0.0217  0.0000
10.2669  0.0000  -0.0217  0.0217  0.0000
10.2719  0.0000  -0.0216  0.0216  0.0000
10.2771  0.0000  -0.0216  0.0216  0.0000
10.2822  0.0000  -0.0216  0.0216  0.0000
10.2873  0.0000  -0.0216  0.0216  0.0000
10.2929  0.0000  -0.0216  0.0216  0.0000
10.2979  0.0000  -0.0216  0.0216  0.0000
10.3029  0.0000  -0.0217  0.0217  0.0000
10.3081  0.0000  -0.0217  0.0217  0.0000
10.3132  0.0000  -0.0217  0.0217  0.0000
10.3229  0.0000  -0.0217  0.0217  0.0000
10.3289  0.0000  -0.0217  0.0217  0.0000
10.3348  0.0000  -0.0218  0.0218  0.0000
10.3404  0.0000  -0.0218  0.0218  0.0000
10.3457  0.0000  -0.0218  0.0218  0.0000
10.3510  0.0000  -0.0219  0.0219  0.0000
10.3562  0.0000  -0.0219  0.0219  0.0000
10.3615  0.0000  -0.0219  0.0219  0.0000
10.3667  0.0000  -0.0219  0.0219  0.0000
10.3720  0.0000  -0.0219  0.0219  0.0000
10.3778  0.0000  -0.0219  0.0219  0.0000
10.3830  0.0000  -0.0219  0.0219  0.0000
10.3882  0.0000  -0.0219  0.0219  0.0000
10.3934  0.0000  -0.0219  0.0219  0.0000
10.3987  0.0000  -0.0219  0.0219  0.0000
10.4036  0.0000  -0.0219  0.0219  0.0000
10.4086  0.0000  -0.0219  0.0219  0.0000
10.4136  0.0000  -0.0219  0.0219  0.0000
10.4193  0.0000  -0.0219  0.0219  0.0000
10.4234  0.0000  -0.0219  0.0219  0.0000
10.4282  0.0000  -0.0220  0.0220  0.0000
10.4334  0.0000  -0.0220  0.0220  0.0000
10.4384  0.0000  -0.0220  0.0220  0.0000
10.4433  0.0000  -0.0220  0.0220  0.0000
10.4483  0.0000  -0.0220  0.0220  0.0000
10.4532  0.0000  -0.0220  0.0220  0.0000
10.4581  0.0000  -0.0220  0.0220  0.0000
10.4645  0.0000  -0.0220  0.0220  0.0000
10.4695  0.0000  -0.0221  0.0221  0.0000
10.4746  0.0000  -0.0221  0.0221  0.0000
10.4799  0.0000  -0.0221  0.0221  0.0000
10.4849  0.0000  -0.0221  0.0221  0.0000
10.4909  0.0000  -0.0221  0.0221  0.0000
10.4958  0.0000  -0.0221  0.0221  0.0000
10.5028  0.0000  -0.0220  0.0220  0.0000
10.5077  0.0000  -0.0220  0.0220  0.0000
10.5126  0.0000  -0.0220  0.0220  0.0000
10.5176  0.0000  -0.0220  0.0220  0.0000
10.5288  0.0000  -0.0220  0.0220  0.0000
10.5339  0.0000  -0.0220  0.0220  0.0000
10.5387  0.0000  -0.0221  0.0221  0.0000
10.5437  0.0000  -0.0221  0.0221  0.0000
10.5484  0.0000  -0.0221  0.0221  0.0000
10.5536  0.0000  -0.0221  0.0221  0.0000
10.5589  0.0000  -0.0221  0.0221  0.0000
10.5647  0.0000  -0.0221  0.0221  0.0000
10.5699  0.0000  -0.0221  0.0221  0.0000
10.5762  0.0000  -0.0221  0.0221  0.0000
10.5809  0.0000  -0.0221  0.0221  0.0000
10.5865  0.0000  -0.0221  0.0221  0.0000
10.5931  0.0000  -0.0221  0.0221  0.0000
10.5987  0.0000  -0.0221  0.0221  0.0000
10.6042  0.0000  -0.0221  0.0221  0.0000
10.6097  0.0000  -0.0221  0.0221  0.0000
10.6155  0.0000  -0.0221  0.0221  0.0000
10.6208  0.0000  -0.0222  0.0222  0.0000
10.6258  0.0000  -0.0222  0.0222  0.0000
10.6310  0.0000  -0.0222  0.0222  0.0000
10.6361  0.0000  -0.0222  0.0222  0.0000
10.6413  0.0000  -0.0222  0.0222  0.0000
10.6463  0.0000  -0.0222  0.0222  0.0000
10.6515  0.0000  -0.0222  0.0222  0.0000
10.6566  0.0000  -0.0222  0.0222  0.0000
10.6617  0.0000  -0.0222  0.0222  0.0000
10.6678  0.0000  -0.0222  0.0222  0.0000
10.6729  0.0000  -0.0223  0.0223  0.0000
10.6781  0.0000  -0.0223  0.0223  0.0000
10.6834  0.0000  -0.0223  0.0223  0.0000
10.6886  0.0000  -0.0223  0.0223  0.0000
10.6938  0.0000  -0.0223  0.0223  0.0000
10.6990  0.0000  -0.0223  0.0223  0.0000
10.7042  0.0000  -0.0223  0.0223  0.0000
10.7093  0.0000  -0.0223  0.0223  0.0000
10.7162  0.0000  -0.0223  0.0223  0.0000
10.7213  0.0000  -0.0224  0.0224  0.0000
10.7261  0.0000  -0.0224  0.0224  0.0000
10.7311  0.0000  -0.0224  0.0224  0.0000
10.7360  0.0000  -0.0224  0.0224  0.0000
10.7409  0.0000  -0.0224  0.0224  0.0000
10.7473  0.0000  -0.0224  0.0224  0.0000
10.7523  0.0000  -0.0224  0.0224  0.0000
10.7574  0.0000  -0.0224  0.0224  0.0000
10.7623  0.0000  -0.0224  0.0224  0.0000
10.7671  0.0000  -0.0224  0.0224  0.0000
10.7721  0.0000  -0.0224  0.0224  0.0000
10.7777  0.0000  -0.0224  0.0224  0.0000
10.7839  0.0000  -0.0224  0.0224  0.0000
10.7893  0.0000  -0.0224  0.0224  0.0000
10.7949  0.0000  -0.0224  0.0224  0.0000
10.8003  0.0000  -0.0224  0.0224  0.0000
10.8055  0.0000  -0.0224  0.0224  0.0000
10.8109  0.0000  -0.0224  0.0224  0.0000
10.8160  0.0000  -0.0224  0.0224  0.0000
10.8213  0.0000  -0.0224  0.0224  0.0000
10.8262  0.0000  -0.0224  0.0224  0.0000
10.8320  0.0000  -0.0224  0.0224  0.0000
10.8386  0.0000  -0.0224  0.0224  0.0000
10.8447  0.0000  -0.0224  0.0224  0.0000
10.8506  0.0000  -0.0225  0.0225  0.0000
10.8566  0.0000  -0.0225  0.0225  0.0000
10.8622  0.0000  -0.0225  0.0225  0.0000
10.8678  0.0000  -0.0224  0.0224  0.0000
10.8737  0.0000  -0.0224  0.0224  0.0000
10.8794  0.0000  -0.0224  0.0224  0.0000
10.8849  0.0000  -0.0224  0.0224  0.0000
10.8902  0.0000  -0.0226  0.0226  0.0000
10.8956  0.0000  -0.0226  0.0226  0.0000
10.9021  0.0000  -0.0226  0.0226  0.0000
10.9074  0.0000  -0.0226  0.0226  0.0000
10.9128  0.0000  -0.0226  0.0226  0.0000
10.9180  0.0000  -0.0226  0.0226  0.0000
10.9233  0.0000  -0.0226  0.0226  0.0000
10.9291  0.0000  -0.0226  0.0226  0.0000
10.9345  0.0000  -0.0226  0.0226  0.0000
10.9400  0.0000  -0.0226  0.0226  0.0000
10.9459  0.0000  -0.0226  0.0226  0.0000
10.9517  0.0000  -0.0226  0.0226  0.0000
10.9572  0.0000  -0.0226  0.0226  0.0000
10.9628  0.0000  -0.0226  0.0226  0.0000
10.9701  0.0000  -0.0227  0.0227  0.0000
10.9759  0.0000  -0.0227  0.0227  0.0000
10.9816  0.0000  -0.0227  0.0227  0.0000
10.9869  0.0000  -0.0227  0.0227  0.0000
10.9936  0.0000  -0.0228  0.0228  0.0000
10.9991  0.0000  -0.0228  0.0228  0.0000
11.0070  0.0000  -0.0228  0.0228  0.0000
11.0127  0.0000  -0.0228  0.0228  0.0000
11.0187  0.0000  -0.0228  0.0228  0.0000
11.0325  0.0000  -0.0228  0.0228  0.0000
11.0377  0.0000  -0.0228  0.0228  0.0000
11.0429  0.0000  -0.0228  0.0228  0.0000
11.0481  0.0000  -0.0228  0.0228  0.0000
11.0534  0.0000  -0.0228  0.0228  0.0000
11.0588  0.0000  -0.0228  0.0228  0.0000
11.0641  0.0000  -0.0228  0.0228  0.0000
11.0700  0.0000  -0.0228  0.0228  0.0000
11.0783  0.0000  -0.0228  0.0228  0.0000
11.0838  0.0000  -0.0228  0.0228  0.0000
11.0892  0.0000  -0.0228  0.0228  0.0000
11.0945  0.0000  -0.0228  0.0228  0.0000
11.0997  0.0000  -0.0228  0.0228  0.0000
11.1048  0.0000  -0.0228  0.0228  0.0000
11.1099  0.0000  -0.0228  0.0228  0.0000
11.1152  0.0000  -0.0228  0.0228  0.0000
11.1206  0.0000  -0.0229  0.0229  0.0000
11.1258  0.0000  -0.0229  0.0229  0.0000
11.1314  0.0000  -0.0229  0.0229  0.0000
11.1367  0.0000  -0.0229  0.0229  0.0000
11.1421  0.0000  -0.0229  0.0229  0.0000
11.1466  0.0000  -0.0229  0.0229  0.0000
11.1519  0.0000  -0.0229  0.0229  0.0000
11.1573  0.0000  -0.0229  0.0229  0.0000
11.1626  0.0000  -0.0229  0.0229  0.0000
11.1680  0.0000  -0.0229  0.0229  0.0000
11.1734  0.0000  -0.0229  0.0229  0.0000
11.1792  0.0000  -0.0229  0.0229  0.0000
11.1845  0.0000  -0.0229  0.0229  0.0000
11.1899  0.0000  -0.0229  0.0229  0.0000
11.1986  0.0000  -0.0229  0.0229  0.0000
11.2042  0.0000  -0.0229  0.0229  0.0000
11.2097  0.0000  -0.0229  0.0229  0.0000
11.2156  0.0000  -0.0229  0.0229  0.0000
11.2231  0.0000  -0.0229  0.0229  0.0000
11.2288  0.0000  -0.0230  0.0230  0.0000
11.2345  0.0000  -0.0230  0.0230  0.0000
11.2403  0.0000  -0.0230  0.0230  0.0000
11.2461  0.0000  -0.0230  0.0230  0.0000
11.2514  0.0000  -0.0230  0.0230  0.0000
11.2562  0.0000  -0.0230  0.0230  0.0000
11.2613  0.0000  -0.0230  0.0230  0.0000
11.2666  0.0000  -0.0230  0.0230  0.0000
11.2717  0.0000  -0.0230  0.0230  0.0000
11.2767  0.0000  -0.0230  0.0230  0.0000
11.2818  0.0000  -0.0230  0.0230  0.0000
11.2867  0.0000  -0.0230  0.0230  0.0000
11.2920  0.0000  -0.0230  0.0230  0.0000
11.2972  0.0000  -0.0230  0.0230  0.0000
11.3021  0.0000  -0.0230  0.0230  0.0000
11.3072  0.0000  -0.0231  0.0231  0.0000
11.3122  0.0000  -0.0231  0.0231  0.0000
11.3172  0.0000  -0.0231  0.0231  0.0000
11.3224  0.0000  -0.0231  0.0231  0.0000
11.3277  0.0000  -0.0231  0.0231  0.0000
11.3330  0.0000  -0.0231  0.0231  0.0000
11.3379  0.0000  -0.0231  0.0231  0.0000
11.3440  0.0000  -0.0231  0.0231  0.0000
11.3494  0.0000  -0.0231  0.0231  0.0000
11.3555  0.0000  -0.0232  0.0232  0.0000
11.3609  0.0000  -0.0232  0.0232  0.0000
11.3664  0.0000  -0.0232  0.0232  0.0000
11.3720  0.0000  -0.0232  0.0232  0.0000
11.3777  0.0000  -0.0232  0.0232  0.0000
11.3829  0.0000  -0.0232  0.0232  0.0000
11.3882  0.0000  -0.0232  0.0232  0.0000
11.3940  0.0000  -0.0232  0.0232  0.0000
11.3994  0.0000  -0.0232  0.0232  0.0000
11.4054  0.0000  -0.0233  0.0233  0.0000
11.4109  0.0000  -0.0233  0.0233  0.0000
11.4163  0.0000  -0.0233  0.0233  0.0000
11.4226  0.0000  -0.0233  0.0233  0.0000
11.4281  0.0000  -0.0233  0.0233  0.0000
11.4330  0.0000  -0.0233  0.0233  0.0000
11.4398  0.0000  -0.0233  0.0233  0.0000
11.4452  0.0000  -0.0233  0.0233  0.0000
11.4507  0.0000  -0.0233  0.0233  0.0000
11.4560  0.0000  -0.0233  0.0233  0.0000
11.4611  0.0000  -0.0233  0.0233  0.0000
11.4661  0.0000  -0.0233  0.0233  0.0000
11.4713  0.0000  -0.0233  0.0233  0.0000
11.4775  0.0000  -0.0233  0.0233  0.0000
11.4826  0.0000  -0.0233  0.0233  0.0000
11.4878  0.0000  -0.0233  0.0233  0.0000
11.4930  0.0000  -0.0233  0.0233  0.0000
11.4991  0.0000  -0.0233  0.0233  0.0000
11.5043  0.0000  -0.0234  0.0234  0.0000
11.5125  0.0000  -0.0234  0.0234  0.0000
11.5177  0.0000  -0.0234  0.0234  0.0000
11.5227  0.0000  -0.0234  0.0234  0.0000
11.5346  0.0000  -0.0234  0.0234  0.0000
11.5395  0.0000  -0.0234  0.0234  0.0000
11.5446  0.0000  -0.0234  0.0234  0.0000
11.5495  0.0000  -0.0234  0.0234  0.0000
11.5546  0.0000  -0.0234  0.0234  0.0000
11.5598  0.0000  -0.0234  0.0234  0.0000
11.5650  0.0000  -0.0234  0.0234  0.0000
11.5698  0.0000  -0.0234  0.0234  0.0000
11.5771  0.0000  -0.0234  0.0234  0.0000
11.5826  0.0000  -0.0234  0.0234  0.0000
11.5881  0.0000  -0.0234  0.0234  0.0000
11.5946  0.0000  -0.0234  0.0234  0.0000
11.6006  0.0000  -0.0234  0.0234  0.0000
11.6059  0.0000  -0.0234  0.0234  0.0000
11.6114  0.0000  -0.0234  0.0234  0.0000
11.6172  0.0000  -0.0234  0.0234  0.0000
11.6215  0.0000  -0.0234  0.0234  0.0000
11.6265  0.0000  -0.0234  0.0234  0.0000
11.6318  0.0000  -0.0234  0.0234  0.0000
11.6370  0.0000  -0.0234  0.0234  0.0000
11.6421  0.0000  -0.0234  0.0234  0.0000
11.6473  0.0000  -0.0234  0.0234  0.0000
11.6525  0.0000  -0.0234  0.0234  0.0000
11.6576  0.0000  -0.0234  0.0234  0.0000
11.6627  0.0000  -0.0234  0.0234  0.0000
11.6680  0.0000  -0.0234  0.0234  0.0000
11.6733  0.0000  -0.0234  0.0234  0.0000
11.6790  0.0000  -0.0234  0.0234  0.0000
11.6842  0.0000  -0.0235  0.0235  0.0000
11.6894  0.0000  -0.0235  0.0235  0.0000
11.6947  0.0000  -0.0235  0.0235  0.0000
11.6996  0.0000  -0.0235  0.0235  0.0000
11.7046  0.0000  -0.0235  0.0235  0.0000
11.7095  0.0000  -0.0236  0.0236  0.0000
11.7146  0.0000  -0.0236  0.0236  0.0000
11.7196  0.0000  -0.0236  0.0236  0.0000
11.7246  0.0000  -0.0236  0.0236  0.0000
11.7309  0.0000  -0.0236  0.0236  0.0000
11.7359  0.0000  -0.0236  0.0236  0.0000
11.7420  0.0000  -0.0236  0.0236  0.0000
11.7470  0.0000  -0.0236  0.0236  0.0000
11.7523  0.0000  -0.0236  0.0236  0.0000
11.7573  0.0000  -0.0236  0.0236  0.0000
11.7623  0.0000  -0.0237  0.0237  0.0000
11.7674  0.0000  -0.0237  0.0237  0.0000
11.7726  0.0000  -0.0237  0.0237  0.0000
11.7777  0.0000  -0.0237  0.0237  0.0000
11.7828  0.0000  -0.0237  0.0237  0.0000
11.7878  0.0000  -0.0237  0.0237  0.0000
11.7929  0.0000  -0.0237  0.0237  0.0000
11.7979  0.0000  -0.0237  0.0237  0.0000
11.8029  0.0000  -0.0237  0.0237  0.0000
11.8079  0.0000  -0.0237  0.0237  0.0000
11.8130  0.0000  -0.0237  0.0237  0.0000
11.8180  0.0000  -0.0238  0.0238  0.0000
11.8230  0.0000  -0.0238  0.0238  0.0000
11.8280  0.0000  -0.0238  0.0238  0.0000
11.8352  0.0000  -0.0238  0.0238  0.0000
11.8395  0.0000  -0.0238  0.0238  0.0000
11.8448  0.0000  -0.0239  0.0239  0.0000
11.8501  0.0000  -0.0238  0.0238  0.0000
11.8557  0.0000  -0.0238  0.0238  0.0000
11.8618  0.0000  -0.0239  0.0239  0.0000
11.8670  0.0000  -0.0238  0.0238  0.0000
11.8722  0.0000  -0.0238  0.0238  0.0000
11.8778  0.0000  -0.0239  0.0239  0.0000
11.8829  0.0000  -0.0238  0.0238  0.0000
11.8882  0.0000  -0.0239  0.0239  0.0000
11.8935  0.0000  -0.0239  0.0239  0.0000
11.8988  0.0000  -0.0239  0.0239  0.0000
11.9040  0.0000  -0.0239  0.0239  0.0000
11.9097  0.0000  -0.0239  0.0239  0.0000
11.9148  0.0000  -0.0239  0.0239  0.0000
11.9199  0.0000  -0.0239  0.0239  0.0000
11.9250  0.0000  -0.0239  0.0239  0.0000
11.9303  0.0000  -0.0239  0.0239  0.0000
11.9358  0.0000  -0.0239  0.0239  0.0000
11.9412  0.0000  -0.0239  0.0239  0.0000
11.9466  0.0000  -0.0239  0.0239  0.0000
11.9521  0.0000  -0.0239  0.0239  0.0000
11.9580  0.0000  -0.0239  0.0239  0.0000
11.9638  0.0000  -0.0239  0.0239  0.0000
11.9697  0.0000  -0.0239  0.0239  0.0000
11.9756  0.0000  -0.0239  0.0239  0.0000
11.9833  0.0000  -0.0239  0.0239  0.0000
11.9892  0.0000  -0.0239  0.0239  0.0000
11.9951  0.0000  -0.0239  0.0239  0.0000
12.0026  0.0000  -0.0240  0.0240  0.0000
12.0088  0.0000  -0.0240  0.0240  0.0000
12.0173  0.0000  -0.0240  0.0240  0.0000
12.0234  0.0000  -0.0240  0.0240  0.0000
12.0362  0.0000  -0.0240  0.0240  0.0000
12.0420  0.0000  -0.0240  0.0240  0.0000
12.0465  0.0000  -0.0240  0.0240  0.0000
12.0526  0.0000  -0.0240  0.0240  0.0000
12.0583  0.0000  -0.0240  0.0240  0.0000
12.0628  0.0000  -0.0241  0.0241  0.0000
12.0691  0.0000  -0.0241  0.0241  0.0000
12.0748  0.0000  -0.0241  0.0241  0.0000
12.0796  0.0000  -0.0241  0.0241  0.0000
12.0854  0.0000  -0.0241  0.0241  0.0000
12.0913  0.0000  -0.0241  0.0241  0.0000
12.0988  0.0000  -0.0241  0.0241  0.0000
12.1076  0.0000  -0.0241  0.0241  0.0000
12.1163  0.0000  -0.0241  0.0241  0.0000
12.1227  0.0000  -0.0241  0.0241  0.0000
12.1304  0.0000  -0.0241  0.0241  0.0000
12.1358  0.0000  -0.0241  0.0241  0.0000
12.1412  0.0000  -0.0241  0.0241  0.0000
12.1465  0.0000  -0.0241  0.0241  0.0000
12.1521  0.0000  -0.0241  0.0241  0.0000
12.1574  0.0000  -0.0242  0.0242  0.0000
12.1630  0.0000  -0.0242  0.0242  0.0000
12.1684  0.0000  -0.0242  0.0242  0.0000
12.1740  0.0000  -0.0242  0.0242  0.0000
12.1794  0.0000  -0.0242  0.0242  0.0000
12.1849  0.0000  -0.0242  0.0242  0.0000
12.1902  0.0000  -0.0242  0.0242  0.0000
12.1955  0.0000  -0.0242  0.0242  0.0000
12.2011  0.0000  -0.0242  0.0242  0.0000
12.2065  0.0000  -0.0242  0.0242  0.0000
12.2119  0.0000  -0.0242  0.0242  0.0000
12.2173  0.0000  -0.0242  0.0242  0.0000
12.2223  0.0000  -0.0242  0.0242  0.0000
12.2277  0.0000  -0.0242  0.0242  0.0000
12.2329  0.0000  -0.0242  0.0242  0.0000
12.2391  0.0000  -0.0242  0.0242  0.0000
12.2443  0.0000  -0.0242  0.0242  0.0000
12.2496  0.0000  -0.0243  0.0243  0.0000
12.2549  0.0000  -0.0243  0.0243  0.0000
12.2602  0.0000  -0.0243  0.0243  0.0000
12.2654  0.0000  -0.0243  0.0243  0.0000
12.2708  0.0000  -0.0243  0.0243  0.0000
12.2761  0.0000  -0.0243  0.0243  0.0000
12.2813  0.0000  -0.0243  0.0243  0.0000
12.2865  0.0000  -0.0243  0.0243  0.0000
12.2919  0.0000  -0.0243  0.0243  0.0000
12.2974  0.0000  -0.0243  0.0243  0.0000
12.3027  0.0000  -0.0244  0.0244  0.0000
12.3081  0.0000  -0.0244  0.0244  0.0000
12.3136  0.0000  -0.0244  0.0244  0.0000
12.3190  0.0000  -0.0244  0.0244  0.0000
12.3244  0.0000  -0.0244  0.0244  0.0000
12.3301  0.0000  -0.0244  0.0244  0.0000
12.3344  0.0000  -0.0245  0.0245  0.0000
12.3399  0.0000  -0.0244  0.0244  0.0000
12.3455  0.0000  -0.0244  0.0244  0.0000
12.3511  0.0000  -0.0245  0.0245  0.0000
12.3559  0.0000  -0.0245  0.0245  0.0000
12.3620  0.0000  -0.0245  0.0245  0.0000
12.3675  0.0000  -0.0245  0.0245  0.0000
12.3734  0.0000  -0.0245  0.0245  0.0000
12.3797  0.0000  -0.0245  0.0245  0.0000
12.3852  0.0000  -0.0245  0.0245  0.0000
12.3908  0.0000  -0.0245  0.0245  0.0000
12.3969  0.0000  -0.0245  0.0245  0.0000
12.4024  0.0000  -0.0245  0.0245  0.0000
12.4078  0.0000  -0.0245  0.0245  0.0000
12.4138  0.0000  -0.0245  0.0245  0.0000
12.4189  0.0000  -0.0245  0.0245  0.0000
12.4243  0.0000  -0.0245  0.0245  0.0000
12.4286  0.0000  -0.0245  0.0245  0.0000
12.4338  0.0000  -0.0245  0.0245  0.0000
12.4389  0.0000  -0.0245  0.0245  0.0000
12.4443  0.0000  -0.0245  0.0245  0.0000
12.4497  0.0000  -0.0245  0.0245  0.0000
12.4554  0.0000  -0.0245  0.0245  0.0000
12.4619  0.0000  -0.0245  0.0245  0.0000
12.4661  0.0000  -0.0245  0.0245  0.0000
12.4720  0.0000  -0.0245  0.0245  0.0000
12.4777  0.0000  -0.0245  0.0245  0.0000
12.4830  0.0000  -0.0245  0.0245  0.0000
12.4884  0.0000  -0.0245  0.0245  0.0000
12.4956  0.0000  -0.0245  0.0245  0.0000
12.5012  0.0000  -0.0245  0.0245  0.0000
12.5076  0.0000  -0.0245  0.0245  0.0000
12.5136  0.0000  -0.0246  0.0246  0.0000
12.5214  0.0000  -0.0246  0.0246  0.0000
12.5268  0.0000  -0.0246  0.0246  0.0000
12.5395  0.0000  -0.0247  0.0247  0.0000
12.5449  0.0000  -0.0247  0.0247  0.0000
12.5503  0.0000  -0.0247  0.0247  0.0000
12.5558  0.0000  -0.0246  0.0246  0.0000
12.5612  0.0000  -0.0247  0.0247  0.0000
12.5666  0.0000  -0.0246  0.0246  0.0000
12.5723  0.0000  -0.0246  0.0246  0.0000
12.5778  0.0000  -0.0246  0.0246  0.0000
12.5835  0.0000  -0.0247  0.0247  0.0000
12.5893  0.0000  -0.0247  0.0247  0.0000
12.5958  0.0000  -0.0247  0.0247  0.0000
12.6022  0.0000  -0.0247  0.0247  0.0000
12.6067  0.0000  -0.0247  0.0247  0.0000
12.6137  0.0000  -0.0247  0.0247  0.0000
12.6193  0.0000  -0.0247  0.0247  0.0000
12.6249  0.0000  -0.0247  0.0247  0.0000
12.6314  0.0000  -0.0247  0.0247  0.0000
12.6369  0.0000  -0.0247  0.0247  0.0000
12.6422  0.0000  -0.0248  0.0248  0.0000
12.6474  0.0000  -0.0249  0.0249  0.0000
12.6528  0.0000  -0.0249  0.0249  0.0000
12.6581  0.0000  -0.0249  0.0249  0.0000
12.6634  0.0000  -0.0249  0.0249  0.0000
12.6687  0.0000  -0.0249  0.0249  0.0000
12.6740  0.0000  -0.0249  0.0249  0.0000
12.6793  0.0000  -0.0249  0.0249  0.0000
12.6847  0.0000  -0.0249  0.0249  0.0000
12.6900  0.0000  -0.0249  0.0249  0.0000
12.6955  0.0000  -0.0249  0.0249  0.0000
12.7013  0.0000  -0.0249  0.0249  0.0000
12.7065  0.0000  -0.0249  0.0249  0.0000
12.7118  0.0000  -0.0249  0.0249  0.0000
12.7172  0.0000  -0.0249  0.0249  0.0000
12.7221  0.0000  -0.0249  0.0249  0.0000
12.7274  0.0000  -0.0250  0.0250  0.0000
12.7328  0.0000  -0.0249  0.0249  0.0000
12.7379  0.0000  -0.0249  0.0249  0.0000
12.7430  0.0000  -0.0249  0.0249  0.0000
12.7489  0.0000  -0.0250  0.0250  0.0000
12.7541  0.0000  -0.0250  0.0250  0.0000
12.7593  0.0000  -0.0250  0.0250  0.0000
12.7643  0.0000  -0.0250  0.0250  0.0000
12.7693  0.0000  -0.0250  0.0250  0.0000
12.7743  0.0000  -0.0250  0.0250  0.0000
12.7798  0.0000  -0.0250  0.0250  0.0000
12.7849  0.0000  -0.0250  0.0250  0.0000
12.7900  0.0000  -0.0250  0.0250  0.0000
12.7955  0.0000  -0.0250  0.0250  0.0000
12.8010  0.0000  -0.0250  0.0250  0.0000
12.8065  0.0000  -0.0250  0.0250  0.0000
12.8119  0.0000  -0.0250  0.0250  0.0000
12.8175  0.0000  -0.0250  0.0250  0.0000
12.8222  0.0000  -0.0251  0.0251  0.0000
12.8278  0.0000  -0.0251  0.0251  0.0000
12.8335  0.0000  -0.0251  0.0251  0.0000
12.8390  0.0000  -0.0251  0.0251  0.0000
12.8445  0.0000  -0.0251  0.0251  0.0000
12.8500  0.0000  -0.0251  0.0251  0.0000
12.8566  0.0000  -0.0251  0.0251  0.0000
12.8629  0.0000  -0.0251  0.0251  0.0000
12.8686  0.0000  -0.0251  0.0251  0.0000
12.8732  0.0000  -0.0251  0.0251  0.0000
12.8788  0.0000  -0.0251  0.0251  0.0000
12.8837  0.0000  -0.0251  0.0251  0.0000
12.8886  0.0000  -0.0251  0.0251  0.0000
12.8937  0.0000  -0.0251  0.0251  0.0000
12.8991  0.0000  -0.0251  0.0251  0.0000
12.9041  0.0000  -0.0251  0.0251  0.0000
12.9090  0.0000  -0.0251  0.0251  0.0000
12.9144  0.0000  -0.0251  0.0251  0.0000
12.9194  0.0000  -0.0252  0.0252  0.0000
12.9246  0.0000  -0.0252  0.0252  0.0000
12.9298  0.0000  -0.0252  0.0252  0.0000
12.9349  0.0000  -0.0252  0.0252  0.0000
12.9396  0.0000  -0.0252  0.0252  0.0000
12.9449  0.0000  -0.0252  0.0252  0.0000
12.9503  0.0000  -0.0252  0.0252  0.0000
12.9586  0.0000  -0.0252  0.0252  0.0000
12.9640  0.0000  -0.0252  0.0252  0.0000
12.9695  0.0000  -0.0252  0.0252  0.0000
12.9757  0.0000  -0.0252  0.0252  0.0000
12.9836  0.0000  -0.0252  0.0252  0.0000
12.9898  0.0000  -0.0252  0.0252  0.0000
12.9960  0.0000  -0.0252  0.0252  0.0000
13.0036  0.0000  -0.0252  0.0252  0.0000
13.0101  0.0000  -0.0252  0.0252  0.0000
13.0155  0.0000  -0.0252  0.0252  0.0000
13.0231  0.0000  -0.0253  0.0253  0.0000
13.0285  0.0000  -0.0252  0.0252  0.0000
13.0405  0.0000  -0.0253  0.0253  0.0000
13.0459  0.0000  -0.0254  0.0254  0.0000
13.0513  0.0000  -0.0254  0.0254  0.0000
13.0566  0.0000  -0.0254  0.0254  0.0000
13.0606  0.0000  -0.0254  0.0254  0.0000
13.0657  0.0000  -0.0254  0.0254  0.0000
13.0708  0.0000  -0.0254  0.0254  0.0000
13.0760  0.0000  -0.0254  0.0254  0.0000
13.0810  0.0000  -0.0254  0.0254  0.0000
13.0860  0.0000  -0.0254  0.0254  0.0000
13.0910  0.0000  -0.0254  0.0254  0.0000
13.0966  0.0000  -0.0254  0.0254  0.0000
13.1016  0.0000  -0.0254  0.0254  0.0000
13.1065  0.0000  -0.0255  0.0255  0.0000
13.1118  0.0000  -0.0255  0.0255  0.0000
13.1181  0.0000  -0.0255  0.0255  0.0000
13.1233  0.0000  -0.0255  0.0255  0.0000
13.1291  0.0000  -0.0255  0.0255  0.0000
13.1346  0.0000  -0.0255  0.0255  0.0000
13.1398  0.0000  -0.0255  0.0255  0.0000
13.1449  0.0000  -0.0255  0.0255  0.0000
13.1500  0.0000  -0.0255  0.0255  0.0000
13.1554  0.0000  -0.0255  0.0255  0.0000
13.1605  0.0000  -0.0255  0.0255  0.0000
13.1657  0.0000  -0.0255  0.0255  0.0000
13.1709  0.0000  -0.0255  0.0255  0.0000
13.1761  0.0000  -0.0255  0.0255  0.0000
13.1813  0.0000  -0.0255  0.0255  0.0000
13.1872  0.0000  -0.0255  0.0255  0.0000
13.1925  0.0000  -0.0255  0.0255  0.0000
13.1977  0.0000  -0.0255  0.0255  0.0000
13.2028  0.0000  -0.0256  0.0256  0.0000
13.2080  0.0000  -0.0256  0.0256  0.0000
13.2133  0.0000  -0.0256  0.0256  0.0000
13.2186  0.0000  -0.0256  0.0256  0.0000
13.2238  0.0000  -0.0256  0.0256  0.0000
13.2290  0.0000  -0.0256  0.0256  0.0000
13.2345  0.0000  -0.0256  0.0256  0.0000
13.2396  0.0000  -0.0256  0.0256  0.0000
13.2448  0.0000  -0.0256  0.0256  0.0000
13.2517  0.0000  -0.0256  0.0256  0.0000
13.2570  0.0000  -0.0256  0.0256  0.0000
13.2621  0.0000  -0.0256  0.0256  0.0000
13.2671  0.0000  -0.0256  0.0256  0.0000
13.2724  0.0000  -0.0257  0.0257  0.0000
13.2778  0.0000  -0.0257  0.0257  0.0000
13.2835  0.0000  -0.0257  0.0257  0.0000
13.2888  0.0000  -0.0257  0.0257  0.0000
13.2944  0.0000  -0.0257  0.0257  0.0000
13.2998  0.0000  -0.0257  0.0257  0.0000
13.3054  0.0000  -0.0257  0.0257  0.0000
13.3108  0.0000  -0.0257  0.0257  0.0000
13.3164  0.0000  -0.0257  0.0257  0.0000
13.3218  0.0000  -0.0257  0.0257  0.0000
13.3277  0.0000  -0.0257  0.0257  0.0000
13.3320  0.0000  -0.0257  0.0257  0.0000
13.3380  0.0000  -0.0258  0.0258  0.0000
13.3435  0.0000  -0.0258  0.0258  0.0000
13.3493  0.0000  -0.0258  0.0258  0.0000
13.3554  0.0000  -0.0258  0.0258  0.0000
13.3603  0.0000  -0.0258  0.0258  0.0000
13.3663  0.0000  -0.0258  0.0258  0.0000
13.3716  0.0000  -0.0258  0.0258  0.0000
13.3760  0.0000  -0.0258  0.0258  0.0000
13.3814  0.0000  -0.0258  0.0258  0.0000
13.3868  0.0000  -0.0258  0.0258  0.0000
13.3926  0.0000  -0.0258  0.0258  0.0000
13.3980  0.0000  -0.0258  0.0258  0.0000
13.4036  0.0000  -0.0258  0.0258  0.0000
13.4090  0.0000  -0.0258  0.0258  0.0000
13.4144  0.0000  -0.0258  0.0258  0.0000
13.4219  0.0000  -0.0258  0.0258  0.0000
13.4275  0.0000  -0.0258  0.0258  0.0000
13.4336  0.0000  -0.0258  0.0258  0.0000
13.4394  0.0000  -0.0258  0.0258  0.0000
13.4450  0.0000  -0.0258  0.0258  0.0000
13.4511  0.0000  -0.0258  0.0258  0.0000
13.4561  0.0000  -0.0258  0.0258  0.0000
13.4613  0.0000  -0.0258  0.0258  0.0000
13.4664  0.0000  -0.0258  0.0258  0.0000
13.4719  0.0000  -0.0258  0.0258  0.0000
13.4767  0.0000  -0.0258  0.0258  0.0000
13.4817  0.0000  -0.0258  0.0258  0.0000
13.4867  0.0000  -0.0258  0.0258  0.0000
13.4922  0.0000  -0.0258  0.0258  0.0000
13.4978  0.0000  -0.0258  0.0258  0.0000
13.5053  0.0000  -0.0258  0.0258  0.0000
13.5125  0.0000  -0.0258  0.0258  0.0000
13.5182  0.0000  -0.0259  0.0259  0.0000
13.5266  0.0000  -0.0259  0.0259  0.0000
13.5325  0.0000  -0.0259  0.0259  0.0000
13.5450  0.0000  -0.0259  0.0259  0.0000
13.5514  0.0000  -0.0259  0.0259  0.0000
13.5572  0.0000  -0.0259  0.0259  0.0000
13.5628  0.0000  -0.0259  0.0259  0.0000
13.5685  0.0000  -0.0259  0.0259  0.0000
13.5748  0.0000  -0.0259  0.0259  0.0000
13.5806  0.0000  -0.0259  0.0259  0.0000
13.5852  0.0000  -0.0260  0.0260  0.0000
13.5915  0.0000  -0.0260  0.0260  0.0000
13.5961  0.0000  -0.0261  0.0261  0.0000
13.6023  0.0000  -0.0260  0.0260  0.0000
13.6067  0.0000  -0.0261  0.0261  0.0000
13.6129  0.0000  -0.0261  0.0261  0.0000
13.6186  0.0000  -0.0261  0.0261  0.0000
13.6246  0.0000  -0.0261  0.0261  0.0000
13.6293  0.0000  -0.0261  0.0261  0.0000
13.6347  0.0000  -0.0261  0.0261  0.0000
13.6403  0.0000  -0.0261  0.0261  0.0000
13.6460  0.0000  -0.0261  0.0261  0.0000
13.6515  0.0000  -0.0261  0.0261  0.0000
13.6569  0.0000  -0.0261  0.0261  0.0000
13.6614  0.0000  -0.0261  0.0261  0.0000
13.6670  0.0000  -0.0261  0.0261  0.0000
13.6726  0.0000  -0.0261  0.0261  0.0000
13.6782  0.0000  -0.0261  0.0261  0.0000
13.6838  0.0000  -0.0261  0.0261  0.0000
13.6892  0.0000  -0.0261  0.0261  0.0000
13.6948  0.0000  -0.0261  0.0261  0.0000
13.7002  0.0000  -0.0261  0.0261  0.0000
13.7057  0.0000  -0.0261  0.0261  0.0000
13.7112  0.0000  -0.0261  0.0261  0.0000
13.7168  0.0000  -0.0261  0.0261  0.0000
13.7224  0.0000  -0.0261  0.0261  0.0000
13.7280  0.0000  -0.0261  0.0261  0.0000
13.7338  0.0000  -0.0262  0.0262  0.0000
13.7394  0.0000  -0.0263  0.0263  0.0000
13.7448  0.0000  -0.0263  0.0263  0.0000
13.7509  0.0000  -0.0263  0.0263  0.0000
13.7581  0.0000  -0.0263  0.0263  0.0000
13.7635  0.0000  -0.0263  0.0263  0.0000
13.7688  0.0000  -0.0263  0.0263  0.0000
13.7732  0.0000  -0.0263  0.0263  0.0000
13.7795  0.0000  -0.0263  0.0263  0.0000
13.7850  0.0000  -0.0263  0.0263  0.0000
13.7905  0.0000  -0.0263  0.0263  0.0000
13.7960  0.0000  -0.0263  0.0263  0.0000
13.8014  0.0000  -0.0263  0.0263  0.0000
13.8068  0.0000  -0.0263  0.0263  0.0000
13.8125  0.0000  -0.0263  0.0263  0.0000
13.8177  0.0000  -0.0263  0.0263  0.0000
13.8232  0.0000  -0.0263  0.0263  0.0000
13.8290  0.0000  -0.0263  0.0263  0.0000
13.8368  0.0000  -0.0263  0.0263  0.0000
13.8430  0.0000  -0.0263  0.0263  0.0000
13.8519  0.0000  -0.0263  0.0263  0.0000
13.8580  0.0000  -0.0264  0.0264  0.0000
13.8649  0.0000  -0.0264  0.0264  0.0000
13.8709  0.0000  -0.0264  0.0264  0.0000
13.8759  0.0000  -0.0264  0.0264  0.0000
13.8820  0.0000  -0.0264  0.0264  0.0000
13.8876  0.0000  -0.0264  0.0264  0.0000
13.8936  0.0000  -0.0264  0.0264  0.0000
13.8987  0.0000  -0.0264  0.0264  0.0000
13.9039  0.0000  -0.0264  0.0264  0.0000
13.9102  0.0000  -0.0264  0.0264  0.0000
13.9152  0.0000  -0.0264  0.0264  0.0000
13.9207  0.0000  -0.0264  0.0264  0.0000
13.9257  0.0000  -0.0264  0.0264  0.0000
13.9308  0.0000  -0.0264  0.0264  0.0000
13.9358  0.0000  -0.0264  0.0264  0.0000
13.9407  0.0000  -0.0264  0.0264  0.0000
13.9459  0.0000  -0.0264  0.0264  0.0000
13.9498  0.0000  -0.0264  0.0264  0.0000
13.9552  0.0000  -0.0264  0.0264  0.0000
13.9605  0.0000  -0.0264  0.0264  0.0000
13.9659  0.0000  -0.0264  0.0264  0.0000
13.9711  0.0000  -0.0264  0.0264  0.0000
13.9765  0.0000  -0.0264  0.0264  0.0000
13.9819  0.0000  -0.0264  0.0264  0.0000
13.9874  0.0000  -0.0264  0.0264  0.0000
13.9928  0.0000  -0.0264  0.0264  0.0000
13.9983  0.0000  -0.0265  0.0265  0.0000
14.0038  0.0000  -0.0265  0.0265  0.0000
14.0104  0.0000  -0.0265  0.0265  0.0000
14.0226  0.0000  -0.0265  0.0265  0.0000
14.0305  0.0000  -0.0265  0.0265  0.0000
14.0360  0.0000  -0.0265  0.0265  0.0000
14.0483  0.0000  -0.0265  0.0265  0.0000
14.0537  0.0000  -0.0265  0.0265  0.0000
14.0590  0.0000  -0.0265  0.0265  0.0000
14.0646  0.0000  -0.0265  0.0265  0.0000
14.0705  0.0000  -0.0265  0.0265  0.0000
14.0763  0.0000  -0.0265  0.0265  0.0000
14.0821  0.0000  -0.0266  0.0266  0.0000
14.0879  0.0000  -0.0265  0.0265  0.0000
14.0938  0.0000  -0.0266  0.0266  0.0000
14.0992  0.0000  -0.0266  0.0266  0.0000
14.1052  0.0000  -0.0266  0.0266  0.0000
14.1107  0.0000  -0.0266  0.0266  0.0000
