0.0311  0.0000  -0.0007  0.0007  0.0000
0.0385  0.0000  -0.0007  0.0007  0.0000
0.0448  0.0000  -0.0007  0.0007  0.0000
0.0524  0.0000  -0.0008  0.0008  0.0000
0.0591  0.0000  -0.0008  0.0008  0.0000
0.0657  0.0000  -0.0008  0.0008  0.0000
0.0724  0.0000  -0.0008  0.0008  0.0000
0.0792  0.0000  -0.0008  0.0008  0.0000
0.0856  0.0000  -0.0008  0.0008  0.0000
0.0915  0.0000  -0.0008  0.0008  0.0000
0.1022  0.0000  -0.0008  0.0008  0.0000
0.1080  0.0000  -0.0008  0.0008  0.0000
0.1138  0.0000  -0.0008  0.0008  0.0000
0.1194  0.0000  -0.0008  0.0008  0.0000
0.1250  0.0000  -0.0008  0.0008  0.0000
0.1307  0.0000  -0.0007  0.0007  0.0000
0.1366  0.0000  -0.0007  0.0007  0.0000
0.1424  0.0000  -0.0007  0.0007  0.0000
0.1470  0.0000  -0.0007  0.0007  0.0000
0.1523  0.0000  -0.0007  0.0007  0.0000
0.1575  0.0000  -0.0007  0.0007  0.0000
0.1627  0.0000  -0.0008  0.0008  0.0000
0.1680  0.0000  -0.0008  0.0008  0.0000
0.1732  0.0000  -0.0008  0.0008  0.0000
0.1787  0.0000  -0.0008  0.0008  0.0000
0.1867  0.0000  -0.0008  0.0008  0.0000
0.1919  0.0000  -0.0008  0.0008  0.0000
0.1977  0.0000  -0.0008  0.0008  0.0000
0.2036  0.0000  -0.0008  0.0008  0.0000
0.2095  0.0000  -0.0007  0.0007  0.0000
0.2154  0.0000  -0.0008  0.0008  0.0000
0.2210  0.0000  -0.0008  0.0008  0.0000
0.2261  0.0000  -0.0008  0.0008  0.0000
0.2311  0.0000  -0.0008  0.0008  0.0000
0.2361  0.0000  -0.0008  0.0008  0.0000
0.2411  0.0000  -0.0008  0.0008  0.0000
0.2462  0.0000  -0.0008  0.0008  0.0000
0.2512  0.0000  -0.0008  0.0008  0.0000
0.2574  0.0000  -0.0008  0.0008  0.0000
0.2625  0.0000  -0.0009  0.0009  0.0000
0.2666  0.0000  -0.0009  0.0009  0.0000
0.2717  0.0000  -0.0009  0.0009  0.0000
0.2769  0.0000  -0.0008  0.0008  0.0000
0.2819  0.0000  -0.0008  0.0008  0.0000
0.2870  0.0000  -0.0008  0.0008  0.0000
0.2933  0.0000  -0.0009  0.0009  0.0000
0.2987  0.0000  -0.0009  0.0009  0.0000
0.3040  0.0000  -0.0009  0.0009  0.0000
0.3095  0.0000  -0.0009  0.0009  0.0000
0.3148  0.0000  -0.0009  0.0009  0.0000
0.3199  0.0000  -0.0009  0.0009  0.0000
0.3249  0.0000  -0.0009  0.0009  0.0000
0.3301  0.0000  -0.0009  0.0009  0.0000
0.3351  0.0000  -0.0010  0.0010  0.0000
0.3402  0.0000  -0.0010  0.0010  0.0000
0.3451  0.0000  -0.0009  0.0009  0.0000
0.3505  0.0000  -0.0009  0.0009  0.0000
0.3559  0.0000  -0.0009  0.0009  0.0000
0.3612  0.0000  -0.0009  0.0009  0.0000
0.3664  0.0000  -0.0009  0.0009  0.0000
0.3719  0.0000  -0.0009  0.0009  0.0000
0.3774  0.0000  -0.0009  0.0009  0.0000
0.3828  0.0000  -0.0009  0.0009  0.0000
0.3883  0.0000  -0.0009  0.0009  0.0000
0.3941  0.0000  -0.0009  0.0009  0.0000
0.4015  0.0000  -0.0010  0.0010  0.0000
0.4072  0.0000  -0.0010  0.0010  0.0000
0.4126  0.0000  -0.0010  0.0010  0.0000
0.4180  0.0000  -0.0010  0.0010  0.0000
0.4233  0.0000  -0.0010  0.0010  0.0000
0.4289  0.0000  -0.0010  0.0010  0.0000
0.4343  0.0000  -0.0010  0.0010  0.0000
0.4395  0.0000  -0.0010  0.0010  0.0000
0.4450  0.0000  -0.0010  0.0010  0.0000
0.4504  0.0000  -0.0010  0.0010  0.0000
0.4557  0.0000  -0.0010  0.0010  0.0000
0.4612  0.0000  -0.0010  0.0010  0.0000
0.4665  0.0000  -0.0010  0.0010  0.0000
0.4720  0.0000  -0.0010  0.0010  0.0000
0.4777  0.0000  -0.0010  0.0010  0.0000
0.4823  0.0000  -0.0010  0.0010  0.0000
0.4883  0.0000  -0.0010  0.0010  0.0000
0.4946  0.0000  -0.0010  0.0010  0.0000
0.5005  0.0000  -0.0010  0.0010  0.0000
0.5083  0.0000  -0.0010  0.0010  0.0000
0.5140  0.0000  -0.0010  0.0010  0.0000
0.5269  0.0000  -0.0010  0.0010  0.0000
0.5364  0.0000  -0.0010  0.0010  0.0000
0.5425  0.0000  -0.0010  0.0010  0.0000
0.5500  0.0000  -0.0010  0.0010  0.0000
0.5549  0.0000  -0.0010  0.0010  0.0000
0.5607  0.0000  -0.0010  0.0010  0.0000
0.5674  0.0000  -0.0010  0.0010  0.0000
0.5729  0.0000  -0.0010  0.0010  0.0000
0.5784  0.0000  -0.0010  0.0010  0.0000
0.5841  0.0000  -0.0010  0.0010  0.0000
0.5895  0.0000  -0.0010  0.0010  0.0000
0.5951  0.0000  -0.0010  0.0010  0.0000
0.6007  0.0000  -0.0010  0.0010  0.0000
0.6067  0.0000  -0.0010  0.0010  0.0000
0.6124  0.0000  -0.0010  0.0010  0.0000
0.6181  0.0000  -0.0010  0.0010  0.0000
0.6237  0.0000  -0.0010  0.0010  0.0000
0.6292  0.0000  -0.0010  0.0010  0.0000
0.6345  0.0000  -0.0010  0.0010  0.0000
0.6398  0.0000  -0.0010  0.0010  0.0000
0.6453  0.0000  -0.0010  0.0010  0.0000
0.6512  0.0000  -0.0010  0.0010  0.0000
0.6568  0.0000  -0.0010  0.0010  0.0000
0.6626  0.0000  -0.0010  0.0010  0.0000
0.6694  0.0000  -0.0009  0.0009  0.0000
0.6741  0.0000  -0.0009  0.0009  0.0000
0.6800  0.0000  -0.0009  0.0009  0.0000
0.6894  0.0000  -0.0009  0.0009  0.0000
0.6950  0.0000  -0.0010  0.0010  0.0000
0.7005  0.0000  -0.0010  0.0010  0.0000
0.7060  0.0000  -0.0010  0.0010  0.0000
0.7116  0.0000  -0.0010  0.0010  0.0000
0.7171  0.0000  -0.0010  0.0010  0.0000
0.7225  0.0000  -0.0010  0.0010  0.0000
0.7285  0.0000  -0.0010  0.0010  0.0000
0.7347  0.0000  -0.0010  0.0010  0.0000
0.7414  0.0000  -0.0010  0.0010  0.0000
0.7472  0.0000  -0.0010  0.0010  0.0000
0.7529  0.0000  -0.0010  0.0010  0.0000
0.7610  0.0000  -0.0010  0.0010  0.0000
0.7669  0.0000  -0.0010  0.0010  0.0000
0.7730  0.0000  -0.0010  0.0010  0.0000
0.7802  0.0000  -0.0010  0.0010  0.0000
0.7862  0.0000  -0.0010  0.0010  0.0000
0.7938  0.0000  -0.0011  0.0011  0.0000
0.7998  0.0000  -0.0011  0.0011  0.0000
0.8078  0.0000  -0.0011  0.0011  0.0000
0.8137  0.0000  -0.0011  0.0011  0.0000
0.8193  0.0000  -0.0011  0.0011  0.0000
0.8252  0.0000  -0.0011  0.0011  0.0000
0.8309  0.0000  -0.0011  0.0011  0.0000
0.8354  0.0000  -0.0011  0.0011  0.0000
0.8414  0.0000  -0.0011  0.0011  0.0000
0.8477  0.0000  -0.0011  0.0011  0.0000
0.8533  0.0000  -0.0011  0.0011  0.0000
0.8590  0.0000  -0.0011  0.0011  0.0000
0.8657  0.0000  -0.0011  0.0011  0.0000
0.8713  0.0000  -0.0011  0.0011  0.0000
0.8772  0.0000  -0.0011  0.0011  0.0000
0.8829  0.0000  -0.0011  0.0011  0.0000
0.8887  0.0000  -0.0011  0.0011  0.0000
0.8944  0.0000  -0.0011  0.0011  0.0000
0.9002  0.0000  -0.0011  0.0011  0.0000
0.9060  0.0000  -0.0011  0.0011  0.0000
0.9118  0.0000  -0.0011  0.0011  0.0000
0.9178  0.0000  -0.0011  0.0011  0.0000
0.9237  0.0000  -0.0011  0.0011  0.0000
0.9296  0.0000  -0.0011  0.0011  0.0000
0.9355  0.0000  -0.0011  0.0011  0.0000
0.9414  0.0000  -0.0011  0.0011  0.0000
0.9477  0.0000  -0.0011  0.0011  0.0000
0.9533  0.0000  -0.0012  0.0012  0.0000
0.9593  0.0000  -0.0012  0.0012  0.0000
0.9653  0.0000  -0.0012  0.0012  0.0000
0.9712  0.0000  -0.0012  0.0012  0.0000
0.9771  0.0000  -0.0012  0.0012  0.0000
0.9827  0.0000  -0.0012  0.0012  0.0000
0.9888  0.0000  -0.0012  0.0012  0.0000
0.9944  0.0000  -0.0012  0.0012  0.0000
1.0009  0.0000  -0.0012  0.0012  0.0000
1.0068  0.0000  -0.0012  0.0012  0.0000
1.0146  0.0000  -0.0012  0.0012  0.0000
1.0205  0.0000  -0.0012  0.0012  0.0000
1.0338  0.0000  -0.0012  0.0012  0.0000
1.0439  0.0000  -0.0012  0.0012  0.0000
1.0524  0.0000  -0.0012  0.0012  0.0000
1.0587  0.0000  -0.0012  0.0012  0.0000
1.0657  0.0000  -0.0013  0.0013  0.0000
1.0728  0.0000  -0.0013  0.0013  0.0000
1.0785  0.0000  -0.0013  0.0013  0.0000
1.0844  0.0000  -0.0013  0.0013  0.0000
1.0908  0.0000  -0.0013  0.0013  0.0000
1.0966  0.0000  -0.0013  0.0013  0.0000
1.1026  0.0000  -0.0013  0.0013  0.0000
1.1072  0.0000  -0.0013  0.0013  0.0000
1.1129  0.0000  -0.0013  0.0013  0.0000
1.1186  0.0000  -0.0013  0.0013  0.0000
1.1243  0.0000  -0.0013  0.0013  0.0000
1.1304  0.0000  -0.0013  0.0013  0.0000
1.1377  0.0000  -0.0013  0.0013  0.0000
1.1434  0.0000  -0.0013  0.0013  0.0000
1.1492  0.0000  -0.0013  0.0013  0.0000
1.1553  0.0000  -0.0013  0.0013  0.0000
1.1615  0.0000  -0.0014  0.0014  0.0000
1.1675  0.0000  -0.0014  0.0014  0.0000
1.1734  0.0000  -0.0014  0.0014  0.0000
1.1792  0.0000  -0.0014  0.0014  0.0000
1.1853  0.0000  -0.0014  0.0014  0.0000
1.1907  0.0000  -0.0014  0.0014  0.0000
1.1962  0.0000  -0.0014  0.0014  0.0000
1.2016  0.0000  -0.0014  0.0014  0.0000
1.2072  0.0000  -0.0014  0.0014  0.0000
1.2127  0.0000  -0.0014  0.0014  0.0000
1.2181  0.0000  -0.0014  0.0014  0.0000
1.2240  0.0000  -0.0014  0.0014  0.0000
1.2298  0.0000  -0.0014  0.0014  0.0000
1.2386  0.0000  -0.0015  0.0015  0.0000
1.2447  0.0000  -0.0015  0.0015  0.0000
1.2509  0.0000  -0.0015  0.0015  0.0000
1.2570  0.0000  -0.0015  0.0015  0.0000
1.2625  0.0000  -0.0015  0.0015  0.0000
1.2695  0.0000  -0.0015  0.0015  0.0000
1.2749  0.0000  -0.0015  0.0015  0.0000
1.2802  0.0000  -0.0015  0.0015  0.0000
1.2856  0.0000  -0.0014  0.0014  0.0000
1.2911  0.0000  -0.0014  0.0014  0.0000
1.2963  0.0000  -0.0015  0.0015  0.0000
1.3015  0.0000  -0.0015  0.0015  0.0000
1.3074  0.0000  -0.0015  0.0015  0.0000
1.3150  0.0000  -0.0015  0.0015  0.0000
1.3203  0.0000  -0.0015  0.0015  0.0000
1.3283  0.0000  -0.0015  0.0015  0.0000
1.3338  0.0000  -0.0014  0.0014  0.0000
1.3393  0.0000  -0.0014  0.0014  0.0000
1.3455  0.0000  -0.0014  0.0014  0.0000
1.3516  0.0000  -0.0014  0.0014  0.0000
1.3569  0.0000  -0.0014  0.0014  0.0000
1.3622  0.0000  -0.0014  0.0014  0.0000
1.3676  0.0000  -0.0014  0.0014  0.0000
1.3728  0.0000  -0.0015  0.0015  0.0000
1.3782  0.0000  -0.0015  0.0015  0.0000
1.3834  0.0000  -0.0015  0.0015  0.0000
1.3889  0.0000  -0.0015  0.0015  0.0000
1.3943  0.0000  -0.0015  0.0015  0.0000
1.3997  0.0000  -0.0015  0.0015  0.0000
1.4051  0.0000  -0.0015  0.0015  0.0000
1.4105  0.0000  -0.0015  0.0015  0.0000
1.4159  0.0000  -0.0015  0.0015  0.0000
1.4212  0.0000  -0.0015  0.0015  0.0000
1.4265  0.0000  -0.0015  0.0015  0.0000
1.4319  0.0000  -0.0015  0.0015  0.0000
1.4372  0.0000  -0.0014  0.0014  0.0000
1.4425  0.0000  -0.0014  0.0014  0.0000
1.4479  0.0000  -0.0014  0.0014  0.0000
1.4528  0.0000  -0.0015  0.0015  0.0000
1.4580  0.0000  -0.0015  0.0015  0.0000
1.4629  0.0000  -0.0015  0.0015  0.0000
1.4690  0.0000  -0.0015  0.0015  0.0000
1.4749  0.0000  -0.0015  0.0015  0.0000
1.4808  0.0000  -0.0015  0.0015  0.0000
1.4862  0.0000  -0.0015  0.0015  0.0000
1.4912  0.0000  -0.0015  0.0015  0.0000
1.4960  0.0000  -0.0015  0.0015  0.0000
1.5014  0.0000  -0.0015  0.0015  0.0000
1.5063  0.0000  -0.0015  0.0015  0.0000
1.5113  0.0000  -0.0015  0.0015  0.0000
1.5167  0.0000  -0.0015  0.0015  0.0000
1.5238  0.0000  -0.0015  0.0015  0.0000
1.5363  0.0000  -0.0015  0.0015  0.0000
1.5455  0.0000  -0.0015  0.0015  0.0000
1.5521  0.0000  -0.0015  0.0015  0.0000
1.5580  0.0000  -0.0015  0.0015  0.0000
1.5639  0.0000  -0.0015  0.0015  0.0000
1.5704  0.0000  -0.0015  0.0015  0.0000
1.5757  0.0000  -0.0015  0.0015  0.0000
1.5810  0.0000  -0.0015  0.0015  0.0000
1.5875  0.0000  -0.0015  0.0015  0.0000
1.5932  0.0000  -0.0015  0.0015  0.0000
1.5989  0.0000  -0.0015  0.0015  0.0000
1.6051  0.0000  -0.0015  0.0015  0.0000
1.6105  0.0000  -0.0016  0.0016  0.0000
1.6163  0.0000  -0.0015  0.0015  0.0000
1.6219  0.0000  -0.0015  0.0015  0.0000
1.6275  0.0000  -0.0016  0.0016  0.0000
1.6328  0.0000  -0.0015  0.0015  0.0000
1.6381  0.0000  -0.0015  0.0015  0.0000
1.6434  0.0000  -0.0016  0.0016  0.0000
1.6489  0.0000  -0.0016  0.0016  0.0000
1.6543  0.0000  -0.0016  0.0016  0.0000
1.6596  0.0000  -0.0016  0.0016  0.0000
1.6650  0.0000  -0.0016  0.0016  0.0000
1.6705  0.0000  -0.0016  0.0016  0.0000
1.6758  0.0000  -0.0016  0.0016  0.0000
1.6812  0.0000  -0.0016  0.0016  0.0000
1.6867  0.0000  -0.0016  0.0016  0.0000
1.6921  0.0000  -0.0016  0.0016  0.0000
1.6975  0.0000  -0.0016  0.0016  0.0000
1.7028  0.0000  -0.0016  0.0016  0.0000
1.7092  0.0000  -0.0016  0.0016  0.0000
1.7148  0.0000  -0.0016  0.0016  0.0000
1.7201  0.0000  -0.0016  0.0016  0.0000
1.7255  0.0000  -0.0016  0.0016  0.0000
1.7312  0.0000  -0.0016  0.0016  0.0000
1.7364  0.0000  -0.0016  0.0016  0.0000
1.7418  0.0000  -0.0016  0.0016  0.0000
1.7463  0.0000  -0.0017  0.0017  0.0000
1.7515  0.0000  -0.0017  0.0017  0.0000
1.7565  0.0000  -0.0017  0.0017  0.0000
1.7618  0.0000  -0.0017  0.0017  0.0000
1.7670  0.0000  -0.0017  0.0017  0.0000
1.7722  0.0000  -0.0017  0.0017  0.0000
1.7789  0.0000  -0.0017  0.0017  0.0000
1.7841  0.0000  -0.0017  0.0017  0.0000
1.7894  0.0000  -0.0017  0.0017  0.0000
1.7961  0.0000  -0.0017  0.0017  0.0000
1.8013  0.0000  -0.0016  0.0016  0.0000
1.8067  0.0000  -0.0016  0.0016  0.0000
1.8129  0.0000  -0.0016  0.0016  0.0000
1.8184  0.0000  -0.0017  0.0017  0.0000
1.8239  0.0000  -0.0017  0.0017  0.0000
1.8306  0.0000  -0.0017  0.0017  0.0000
1.8365  0.0000  -0.0017  0.0017  0.0000
1.8416  0.0000  -0.0017  0.0017  0.0000
1.8474  0.0000  -0.0017  0.0017  0.0000
1.8525  0.0000  -0.0017  0.0017  0.0000
1.8576  0.0000  -0.0017  0.0017  0.0000
1.8626  0.0000  -0.0017  0.0017  0.0000
1.8679  0.0000  -0.0017  0.0017  0.0000
1.8730  0.0000  -0.0017  0.0017  0.0000
1.8780  0.0000  -0.0017  0.0017  0.0000
1.8832  0.0000  -0.0017  0.0017  0.0000
1.8886  0.0000  -0.0017  0.0017  0.0000
1.8937  0.0000  -0.0017  0.0017  0.0000
1.8988  0.0000  -0.0017  0.0017  0.0000
1.9041  0.0000  -0.0017  0.0017  0.0000
1.9101  0.0000  -0.0017  0.0017  0.0000
1.9152  0.0000  -0.0017  0.0017  0.0000
1.9204  0.0000  -0.0017  0.0017  0.0000
1.9256  0.0000  -0.0018  0.0018  0.0000
1.9310  0.0000  -0.0018  0.0018  0.0000
1.9362  0.0000  -0.0018  0.0018  0.0000
1.9415  0.0000  -0.0017  0.0017  0.0000
1.9466  0.0000  -0.0018  0.0018  0.0000
1.9518  0.0000  -0.0018  0.0018  0.0000
1.9580  0.0000  -0.0018  0.0018  0.0000
1.9633  0.0000  -0.0018  0.0018  0.0000
1.9688  0.0000  -0.0018  0.0018  0.0000
1.9741  0.0000  -0.0018  0.0018  0.0000
1.9795  0.0000  -0.0018  0.0018  0.0000
1.9849  0.0000  -0.0018  0.0018  0.0000
1.9904  0.0000  -0.0018  0.0018  0.0000
1.9957  0.0000  -0.0018  0.0018  0.0000
2.0017  0.0000  -0.0018  0.0018  0.0000
2.0071  0.0000  -0.0018  0.0018  0.0000
2.0127  0.0000  -0.0018  0.0018  0.0000
2.0181  0.0000  -0.0018  0.0018  0.0000
2.0236  0.0000  -0.0018  0.0018  0.0000
2.0308  0.0000  -0.0018  0.0018  0.0000
2.0423  0.0000  -0.0018  0.0018  0.0000
2.0537  0.0000  -0.0018  0.0018  0.0000
2.0595  0.0000  -0.0019  0.0019  0.0000
2.0670  0.0000  -0.0019  0.0019  0.0000
2.0728  0.0000  -0.0019  0.0019  0.0000
2.0782  0.0000  -0.0019  0.0019  0.0000
2.0837  0.0000  -0.0019  0.0019  0.0000
2.0894  0.0000  -0.0019  0.0019  0.0000
2.0948  0.0000  -0.0019  0.0019  0.0000
2.1003  0.0000  -0.0019  0.0019  0.0000
2.1056  0.0000  -0.0019  0.0019  0.0000
2.1112  0.0000  -0.0019  0.0019  0.0000
2.1166  0.0000  -0.0019  0.0019  0.0000
2.1223  0.0000  -0.0019  0.0019  0.0000
2.1277  0.0000  -0.0019  0.0019  0.0000
2.1330  0.0000  -0.0019  0.0019  0.0000
2.1383  0.0000  -0.0019  0.0019  0.0000
2.1438  0.0000  -0.0019  0.0019  0.0000
2.1491  0.0000  -0.0019  0.0019  0.0000
2.1545  0.0000  -0.0019  0.0019  0.0000
2.1600  0.0000  -0.0019  0.0019  0.0000
2.1655  0.0000  -0.0019  0.0019  0.0000
2.1710  0.0000  -0.0019  0.0019  0.0000
2.1764  0.0000  -0.0019  0.0019  0.0000
2.1819  0.0000  -0.0019  0.0019  0.0000
2.1874  0.0000  -0.0019  0.0019  0.0000
2.1928  0.0000  -0.0019  0.0019  0.0000
2.1982  0.0000  -0.0019  0.0019  0.0000
2.2036  0.0000  -0.0019  0.0019  0.0000
2.2090  0.0000  -0.0019  0.0019  0.0000
2.2162  0.0000  -0.0019  0.0019  0.0000
2.2220  0.0000  -0.0019  0.0019  0.0000
2.2286  0.0000  -0.0019  0.0019  0.0000
2.2359  0.0000  -0.0019  0.0019  0.0000
2.2418  0.0000  -0.0019  0.0019  0.0000
2.2467  0.0000  -0.0019  0.0019  0.0000
2.2528  0.0000  -0.0019  0.0019  0.0000
2.2582  0.0000  -0.0019  0.0019  0.0000
2.2633  0.0000  -0.0019  0.0019  0.0000
2.2687  0.0000  -0.0020  0.0020  0.0000
2.2739  0.0000  -0.0020  0.0020  0.0000
2.2790  0.0000  -0.0020  0.0020  0.0000
2.2851  0.0000  -0.0019  0.0019  0.0000
2.2906  0.0000  -0.0020  0.0020  0.0000
2.2958  0.0000  -0.0020  0.0020  0.0000
2.3014  0.0000  -0.0019  0.0019  0.0000
2.3083  0.0000  -0.0020  0.0020  0.0000
2.3144  0.0000  -0.0019  0.0019  0.0000
2.3201  0.0000  -0.0019  0.0019  0.0000
2.3264  0.0000  -0.0019  0.0019  0.0000
2.3318  0.0000  -0.0019  0.0019  0.0000
2.3373  0.0000  -0.0019  0.0019  0.0000
2.3426  0.0000  -0.0019  0.0019  0.0000
2.3480  0.0000  -0.0019  0.0019  0.0000
2.3534  0.0000  -0.0019  0.0019  0.0000
2.3591  0.0000  -0.0019  0.0019  0.0000
2.3652  0.0000  -0.0019  0.0019  0.0000
2.3702  0.0000  -0.0020  0.0020  0.0000
2.3751  0.0000  -0.0020  0.0020  0.0000
2.3801  0.0000  -0.0020  0.0020  0.0000
2.3852  0.0000  -0.0020  0.0020  0.0000
2.3902  0.0000  -0.0020  0.0020  0.0000
2.3951  0.0000  -0.0020  0.0020  0.0000
2.3999  0.0000  -0.0020  0.0020  0.0000
2.4047  0.0000  -0.0020  0.0020  0.0000
2.4097  0.0000  -0.0020  0.0020  0.0000
2.4147  0.0000  -0.0020  0.0020  0.0000
2.4195  0.0000  -0.0020  0.0020  0.0000
2.4247  0.0000  -0.0020  0.0020  0.0000
2.4301  0.0000  -0.0020  0.0020  0.0000
2.4354  0.0000  -0.0020  0.0020  0.0000
2.4407  0.0000  -0.0020  0.0020  0.0000
2.4462  0.0000  -0.0020  0.0020  0.0000
2.4515  0.0000  -0.0020  0.0020  0.0000
2.4566  0.0000  -0.0020  0.0020  0.0000
2.4618  0.0000  -0.0020  0.0020  0.0000
2.4670  0.0000  -0.0020  0.0020  0.0000
2.4720  0.0000  -0.0020  0.0020  0.0000
2.4772  0.0000  -0.0020  0.0020  0.0000
2.4825  0.0000  -0.0020  0.0020  0.0000
2.4890  0.0000  -0.0020  0.0020  0.0000
2.4947  0.0000  -0.0020  0.0020  0.0000
2.5001  0.0000  -0.0020  0.0020  0.0000
2.5077  0.0000  -0.0020  0.0020  0.0000
2.5128  0.0000  -0.0020  0.0020  0.0000
2.5182  0.0000  -0.0020  0.0020  0.0000
2.5234  0.0000  -0.0020  0.0020  0.0000
2.5290  0.0000  -0.0020  0.0020  0.0000
2.5343  0.0000  -0.0020  0.0020  0.0000
2.5463  0.0000  -0.0020  0.0020  0.0000
2.5551  0.0000  -0.0020  0.0020  0.0000
2.5603  0.0000  -0.0020  0.0020  0.0000
2.5658  0.0000  -0.0020  0.0020  0.0000
2.5708  0.0000  -0.0020  0.0020  0.0000
2.5766  0.0000  -0.0020  0.0020  0.0000
2.5820  0.0000  -0.0020  0.0020  0.0000
2.5868  0.0000  -0.0020  0.0020  0.0000
2.5919  0.0000  -0.0020  0.0020  0.0000
2.5968  0.0000  -0.0020  0.0020  0.0000
2.6017  0.0000  -0.0020  0.0020  0.0000
2.6067  0.0000  -0.0020  0.0020  0.0000
2.6118  0.0000  -0.0020  0.0020  0.0000
2.6170  0.0000  -0.0020  0.0020  0.0000
2.6219  0.0000  -0.0021  0.0021  0.0000
2.6268  0.0000  -0.0021  0.0021  0.0000
2.6317  0.0000  -0.0021  0.0021  0.0000
2.6365  0.0000  -0.0021  0.0021  0.0000
2.6416  0.0000  -0.0021  0.0021  0.0000
2.6464  0.0000  -0.0021  0.0021  0.0000
2.6513  0.0000  -0.0021  0.0021  0.0000
2.6561  0.0000  -0.0021  0.0021  0.0000
2.6609  0.0000  -0.0021  0.0021  0.0000
2.6669  0.0000  -0.0021  0.0021  0.0000
2.6718  0.0000  -0.0021  0.0021  0.0000
2.6766  0.0000  -0.0021  0.0021  0.0000
2.6815  0.0000  -0.0022  0.0022  0.0000
2.6863  0.0000  -0.0022  0.0022  0.0000
2.6913  0.0000  -0.0022  0.0022  0.0000
2.6962  0.0000  -0.0021  0.0021  0.0000
2.7010  0.0000  -0.0021  0.0021  0.0000
2.7059  0.0000  -0.0021  0.0021  0.0000
2.7108  0.0000  -0.0021  0.0021  0.0000
2.7158  0.0000  -0.0021  0.0021  0.0000
2.7208  0.0000  -0.0022  0.0022  0.0000
2.7261  0.0000  -0.0022  0.0022  0.0000
2.7310  0.0000  -0.0022  0.0022  0.0000
2.7359  0.0000  -0.0022  0.0022  0.0000
2.7407  0.0000  -0.0022  0.0022  0.0000
2.7458  0.0000  -0.0022  0.0022  0.0000
2.7507  0.0000  -0.0022  0.0022  0.0000
2.7557  0.0000  -0.0022  0.0022  0.0000
2.7607  0.0000  -0.0022  0.0022  0.0000
2.7659  0.0000  -0.0022  0.0022  0.0000
2.7710  0.0000  -0.0022  0.0022  0.0000
2.7759  0.0000  -0.0022  0.0022  0.0000
2.7810  0.0000  -0.0022  0.0022  0.0000
2.7868  0.0000  -0.0022  0.0022  0.0000
2.7937  0.0000  -0.0022  0.0022  0.0000
2.7989  0.0000  -0.0022  0.0022  0.0000
2.8042  0.0000  -0.0022  0.0022  0.0000
2.8115  0.0000  -0.0022  0.0022  0.0000
2.8176  0.0000  -0.0022  0.0022  0.0000
2.8234  0.0000  -0.0022  0.0022  0.0000
2.8293  0.0000  -0.0022  0.0022  0.0000
2.8346  0.0000  -0.0022  0.0022  0.0000
2.8399  0.0000  -0.0023  0.0023  0.0000
2.8452  0.0000  -0.0023  0.0023  0.0000
2.8504  0.0000  -0.0023  0.0023  0.0000
2.8557  0.0000  -0.0023  0.0023  0.0000
2.8609  0.0000  -0.0023  0.0023  0.0000
2.8662  0.0000  -0.0023  0.0023  0.0000
2.8714  0.0000  -0.0023  0.0023  0.0000
2.8766  0.0000  -0.0023  0.0023  0.0000
2.8819  0.0000  -0.0023  0.0023  0.0000
2.8873  0.0000  -0.0023  0.0023  0.0000
2.8925  0.0000  -0.0023  0.0023  0.0000
2.8977  0.0000  -0.0023  0.0023  0.0000
2.9028  0.0000  -0.0023  0.0023  0.0000
2.9086  0.0000  -0.0023  0.0023  0.0000
2.9139  0.0000  -0.0023  0.0023  0.0000
2.9193  0.0000  -0.0023  0.0023  0.0000
2.9246  0.0000  -0.0024  0.0024  0.0000
2.9300  0.0000  -0.0024  0.0024  0.0000
2.9354  0.0000  -0.0024  0.0024  0.0000
2.9408  0.0000  -0.0024  0.0024  0.0000
2.9463  0.0000  -0.0024  0.0024  0.0000
2.9515  0.0000  -0.0023  0.0023  0.0000
2.9567  0.0000  -0.0023  0.0023  0.0000
2.9619  0.0000  -0.0023  0.0023  0.0000
2.9673  0.0000  -0.0024  0.0024  0.0000
2.9725  0.0000  -0.0024  0.0024  0.0000
2.9776  0.0000  -0.0024  0.0024  0.0000
2.9828  0.0000  -0.0024  0.0024  0.0000
2.9881  0.0000  -0.0024  0.0024  0.0000
2.9933  0.0000  -0.0024  0.0024  0.0000
2.9986  0.0000  -0.0023  0.0023  0.0000
3.0040  0.0000  -0.0023  0.0023  0.0000
3.0100  0.0000  -0.0023  0.0023  0.0000
3.0152  0.0000  -0.0024  0.0024  0.0000
3.0205  0.0000  -0.0024  0.0024  0.0000
3.0259  0.0000  -0.0024  0.0024  0.0000
3.0319  0.0000  -0.0024  0.0024  0.0000
3.0372  0.0000  -0.0024  0.0024  0.0000
3.0499  0.0000  -0.0024  0.0024  0.0000
3.0581  0.0000  -0.0024  0.0024  0.0000
3.0630  0.0000  -0.0024  0.0024  0.0000
3.0700  0.0000  -0.0024  0.0024  0.0000
3.0759  0.0000  -0.0024  0.0024  0.0000
3.0814  0.0000  -0.0024  0.0024  0.0000
3.0868  0.0000  -0.0024  0.0024  0.0000
3.0918  0.0000  -0.0024  0.0024  0.0000
3.0967  0.0000  -0.0024  0.0024  0.0000
3.1017  0.0000  -0.0024  0.0024  0.0000
3.1072  0.0000  -0.0024  0.0024  0.0000
3.1123  0.0000  -0.0024  0.0024  0.0000
3.1174  0.0000  -0.0024  0.0024  0.0000
3.1223  0.0000  -0.0024  0.0024  0.0000
3.1276  0.0000  -0.0024  0.0024  0.0000
3.1329  0.0000  -0.0024  0.0024  0.0000
3.1379  0.0000  -0.0024  0.0024  0.0000
3.1428  0.0000  -0.0024  0.0024  0.0000
3.1486  0.0000  -0.0024  0.0024  0.0000
3.1534  0.0000  -0.0024  0.0024  0.0000
3.1584  0.0000  -0.0024  0.0024  0.0000
3.1634  0.0000  -0.0024  0.0024  0.0000
3.1685  0.0000  -0.0024  0.0024  0.0000
3.1734  0.0000  -0.0024  0.0024  0.0000
3.1785  0.0000  -0.0024  0.0024  0.0000
3.1834  0.0000  -0.0024  0.0024  0.0000
3.1898  0.0000  -0.0025  0.0025  0.0000
3.1950  0.0000  -0.0024  0.0024  0.0000
3.2003  0.0000  -0.0024  0.0024  0.0000
3.2072  0.0000  -0.0024  0.0024  0.0000
3.2127  0.0000  -0.0024  0.0024  0.0000
3.2186  0.0000  -0.0024  0.0024  0.0000
3.2243  0.0000  -0.0024  0.0024  0.0000
3.2299  0.0000  -0.0024  0.0024  0.0000
3.2349  0.0000  -0.0025  0.0025  0.0000
3.2398  0.0000  -0.0025  0.0025  0.0000
3.2452  0.0000  -0.0025  0.0025  0.0000
3.2501  0.0000  -0.0025  0.0025  0.0000
3.2551  0.0000  -0.0025  0.0025  0.0000
3.2601  0.0000  -0.0025  0.0025  0.0000
3.2659  0.0000  -0.0026  0.0026  0.0000
3.2709  0.0000  -0.0025  0.0025  0.0000
3.2759  0.0000  -0.0025  0.0025  0.0000
3.2809  0.0000  -0.0025  0.0025  0.0000
3.2859  0.0000  -0.0025  0.0025  0.0000
3.2909  0.0000  -0.0026  0.0026  0.0000
3.2979  0.0000  -0.0026  0.0026  0.0000
3.3029  0.0000  -0.0026  0.0026  0.0000
3.3086  0.0000  -0.0026  0.0026  0.0000
3.3141  0.0000  -0.0026  0.0026  0.0000
3.3196  0.0000  -0.0026  0.0026  0.0000
3.3254  0.0000  -0.0026  0.0026  0.0000
3.3310  0.0000  -0.0026  0.0026  0.0000
3.3376  0.0000  -0.0026  0.0026  0.0000
3.3434  0.0000  -0.0026  0.0026  0.0000
3.3496  0.0000  -0.0026  0.0026  0.0000
3.3552  0.0000  -0.0026  0.0026  0.0000
3.3609  0.0000  -0.0026  0.0026  0.0000
3.3667  0.0000  -0.0025  0.0025  0.0000
3.3726  0.0000  -0.0025  0.0025  0.0000
3.3780  0.0000  -0.0025  0.0025  0.0000
3.3834  0.0000  -0.0025  0.0025  0.0000
3.3889  0.0000  -0.0026  0.0026  0.0000
3.3943  0.0000  -0.0026  0.0026  0.0000
3.3998  0.0000  -0.0026  0.0026  0.0000
3.4056  0.0000  -0.0026  0.0026  0.0000
3.4117  0.0000  -0.0026  0.0026  0.0000
3.4176  0.0000  -0.0026  0.0026  0.0000
3.4232  0.0000  -0.0026  0.0026  0.0000
3.4289  0.0000  -0.0026  0.0026  0.0000
3.4343  0.0000  -0.0026  0.0026  0.0000
3.4399  0.0000  -0.0026  0.0026  0.0000
3.4456  0.0000  -0.0026  0.0026  0.0000
3.4512  0.0000  -0.0026  0.0026  0.0000
3.4567  0.0000  -0.0026  0.0026  0.0000
3.4622  0.0000  -0.0026  0.0026  0.0000
3.4678  0.0000  -0.0026  0.0026  0.0000
3.4733  0.0000  -0.0026  0.0026  0.0000
3.4789  0.0000  -0.0026  0.0026  0.0000
3.4846  0.0000  -0.0026  0.0026  0.0000
3.4902  0.0000  -0.0026  0.0026  0.0000
3.4957  0.0000  -0.0026  0.0026  0.0000
3.5012  0.0000  -0.0026  0.0026  0.0000
3.5075  0.0000  -0.0026  0.0026  0.0000
3.5137  0.0000  -0.0026  0.0026  0.0000
3.5192  0.0000  -0.0026  0.0026  0.0000
3.5249  0.0000  -0.0026  0.0026  0.0000
3.5304  0.0000  -0.0026  0.0026  0.0000
3.5359  0.0000  -0.0026  0.0026  0.0000
3.5413  0.0000  -0.0026  0.0026  0.0000
3.5550  0.0000  -0.0026  0.0026  0.0000
3.5643  0.0000  -0.0026  0.0026  0.0000
3.5695  0.0000  -0.0026  0.0026  0.0000
3.5759  0.0000  -0.0026  0.0026  0.0000
3.5816  0.0000  -0.0026  0.0026  0.0000
3.5882  0.0000  -0.0027  0.0027  0.0000
3.5941  0.0000  -0.0027  0.0027  0.0000
3.5996  0.0000  -0.0027  0.0027  0.0000
3.6053  0.0000  -0.0027  0.0027  0.0000
3.6108  0.0000  -0.0027  0.0027  0.0000
3.6164  0.0000  -0.0027  0.0027  0.0000
3.6220  0.0000  -0.0027  0.0027  0.0000
3.6276  0.0000  -0.0027  0.0027  0.0000
3.6332  0.0000  -0.0027  0.0027  0.0000
3.6388  0.0000  -0.0027  0.0027  0.0000
3.6444  0.0000  -0.0027  0.0027  0.0000
3.6500  0.0000  -0.0027  0.0027  0.0000
3.6556  0.0000  -0.0027  0.0027  0.0000
3.6611  0.0000  -0.0027  0.0027  0.0000
3.6667  0.0000  -0.0027  0.0027  0.0000
3.6723  0.0000  -0.0027  0.0027  0.0000
3.6779  0.0000  -0.0027  0.0027  0.0000
3.6835  0.0000  -0.0027  0.0027  0.0000
3.6891  0.0000  -0.0027  0.0027  0.0000
3.6948  0.0000  -0.0027  0.0027  0.0000
3.7004  0.0000  -0.0027  0.0027  0.0000
3.7058  0.0000  -0.0027  0.0027  0.0000
3.7115  0.0000  -0.0027  0.0027  0.0000
3.7175  0.0000  -0.0027  0.0027  0.0000
3.7231  0.0000  -0.0027  0.0027  0.0000
3.7287  0.0000  -0.0027  0.0027  0.0000
3.7345  0.0000  -0.0027  0.0027  0.0000
3.7400  0.0000  -0.0027  0.0027  0.0000
3.7465  0.0000  -0.0027  0.0027  0.0000
3.7523  0.0000  -0.0027  0.0027  0.0000
3.7579  0.0000  -0.0027  0.0027  0.0000
3.7633  0.0000  -0.0027  0.0027  0.0000
3.7690  0.0000  -0.0027  0.0027  0.0000
3.7747  0.0000  -0.0028  0.0028  0.0000
3.7803  0.0000  -0.0028  0.0028  0.0000
3.7859  0.0000  -0.0028  0.0028  0.0000
3.7914  0.0000  -0.0027  0.0027  0.0000
3.7971  0.0000  -0.0027  0.0027  0.0000
3.8044  0.0000  -0.0027  0.0027  0.0000
3.8101  0.0000  -0.0028  0.0028  0.0000
3.8156  0.0000  -0.0027  0.0027  0.0000
3.8216  0.0000  -0.0027  0.0027  0.0000
3.8285  0.0000  -0.0027  0.0027  0.0000
3.8351  0.0000  -0.0028  0.0028  0.0000
3.8415  0.0000  -0.0027  0.0027  0.0000
3.8481  0.0000  -0.0028  0.0028  0.0000
3.8540  0.0000  -0.0028  0.0028  0.0000
3.8599  0.0000  -0.0028  0.0028  0.0000
3.8660  0.0000  -0.0028  0.0028  0.0000
3.8720  0.0000  -0.0028  0.0028  0.0000
3.8779  0.0000  -0.0029  0.0029  0.0000
3.8837  0.0000  -0.0029  0.0029  0.0000
3.8896  0.0000  -0.0029  0.0029  0.0000
3.8956  0.0000  -0.0029  0.0029  0.0000
3.9014  0.0000  -0.0029  0.0029  0.0000
3.9073  0.0000  -0.0029  0.0029  0.0000
3.9134  0.0000  -0.0029  0.0029  0.0000
3.9194  0.0000  -0.0029  0.0029  0.0000
3.9253  0.0000  -0.0029  0.0029  0.0000
3.9315  0.0000  -0.0029  0.0029  0.0000
3.9376  0.0000  -0.0029  0.0029  0.0000
3.9436  0.0000  -0.0029  0.0029  0.0000
3.9496  0.0000  -0.0029  0.0029  0.0000
3.9554  0.0000  -0.0029  0.0029  0.0000
3.9615  0.0000  -0.0029  0.0029  0.0000
3.9679  0.0000  -0.0029  0.0029  0.0000
3.9740  0.0000  -0.0029  0.0029  0.0000
3.9800  0.0000  -0.0029  0.0029  0.0000
3.9860  0.0000  -0.0029  0.0029  0.0000
3.9919  0.0000  -0.0029  0.0029  0.0000
3.9977  0.0000  -0.0029  0.0029  0.0000
4.0037  0.0000  -0.0029  0.0029  0.0000
4.0096  0.0000  -0.0029  0.0029  0.0000
4.0164  0.0000  -0.0029  0.0029  0.0000
4.0226  0.0000  -0.0029  0.0029  0.0000
4.0285  0.0000  -0.0029  0.0029  0.0000
4.0345  0.0000  -0.0029  0.0029  0.0000
4.0403  0.0000  -0.0029  0.0029  0.0000
4.0463  0.0000  -0.0029  0.0029  0.0000
4.0603  0.0000  -0.0029  0.0029  0.0000
4.0714  0.0000  -0.0029  0.0029  0.0000
4.0777  0.0000  -0.0029  0.0029  0.0000
4.0838  0.0000  -0.0029  0.0029  0.0000
4.0904  0.0000  -0.0029  0.0029  0.0000
4.0975  0.0000  -0.0029  0.0029  0.0000
4.1036  0.0000  -0.0029  0.0029  0.0000
4.1090  0.0000  -0.0029  0.0029  0.0000
4.1149  0.0000  -0.0029  0.0029  0.0000
4.1209  0.0000  -0.0029  0.0029  0.0000
4.1271  0.0000  -0.0029  0.0029  0.0000
4.1333  0.0000  -0.0029  0.0029  0.0000
4.1393  0.0000  -0.0029  0.0029  0.0000
4.1454  0.0000  -0.0029  0.0029  0.0000
4.1515  0.0000  -0.0029  0.0029  0.0000
4.1579  0.0000  -0.0029  0.0029  0.0000
4.1640  0.0000  -0.0029  0.0029  0.0000
4.1700  0.0000  -0.0029  0.0029  0.0000
4.1765  0.0000  -0.0029  0.0029  0.0000
4.1826  0.0000  -0.0029  0.0029  0.0000
4.1888  0.0000  -0.0029  0.0029  0.0000
4.1949  0.0000  -0.0029  0.0029  0.0000
4.2008  0.0000  -0.0029  0.0029  0.0000
4.2069  0.0000  -0.0029  0.0029  0.0000
4.2128  0.0000  -0.0029  0.0029  0.0000
4.2187  0.0000  -0.0029  0.0029  0.0000
4.2261  0.0000  -0.0029  0.0029  0.0000
4.2320  0.0000  -0.0029  0.0029  0.0000
4.2379  0.0000  -0.0029  0.0029  0.0000
4.2447  0.0000  -0.0029  0.0029  0.0000
4.2509  0.0000  -0.0029  0.0029  0.0000
4.2570  0.0000  -0.0029  0.0029  0.0000
4.2658  0.0000  -0.0029  0.0029  0.0000
4.2719  0.0000  -0.0029  0.0029  0.0000
4.2781  0.0000  -0.0029  0.0029  0.0000
4.2837  0.0000  -0.0030  0.0030  0.0000
4.2890  0.0000  -0.0029  0.0029  0.0000
4.2941  0.0000  -0.0029  0.0029  0.0000
4.2992  0.0000  -0.0029  0.0029  0.0000
4.3044  0.0000  -0.0029  0.0029  0.0000
4.3104  0.0000  -0.0029  0.0029  0.0000
4.3155  0.0000  -0.0029  0.0029  0.0000
4.3208  0.0000  -0.0030  0.0030  0.0000
4.3280  0.0000  -0.0030  0.0030  0.0000
4.3337  0.0000  -0.0030  0.0030  0.0000
4.3389  0.0000  -0.0030  0.0030  0.0000
4.3455  0.0000  -0.0029  0.0029  0.0000
4.3508  0.0000  -0.0030  0.0030  0.0000
4.3558  0.0000  -0.0030  0.0030  0.0000
4.3607  0.0000  -0.0030  0.0030  0.0000
4.3660  0.0000  -0.0030  0.0030  0.0000
4.3710  0.0000  -0.0030  0.0030  0.0000
4.3760  0.0000  -0.0030  0.0030  0.0000
4.3811  0.0000  -0.0030  0.0030  0.0000
4.3861  0.0000  -0.0030  0.0030  0.0000
4.3911  0.0000  -0.0030  0.0030  0.0000
4.3961  0.0000  -0.0030  0.0030  0.0000
4.4013  0.0000  -0.0030  0.0030  0.0000
4.4063  0.0000  -0.0030  0.0030  0.0000
4.4112  0.0000  -0.0030  0.0030  0.0000
4.4161  0.0000  -0.0030  0.0030  0.0000
4.4211  0.0000  -0.0030  0.0030  0.0000
4.4264  0.0000  -0.0030  0.0030  0.0000
4.4313  0.0000  -0.0030  0.0030  0.0000
4.4362  0.0000  -0.0030  0.0030  0.0000
4.4413  0.0000  -0.0030  0.0030  0.0000
4.4463  0.0000  -0.0030  0.0030  0.0000
4.4512  0.0000  -0.0030  0.0030  0.0000
4.4560  0.0000  -0.0030  0.0030  0.0000
4.4609  0.0000  -0.0030  0.0030  0.0000
4.4668  0.0000  -0.0030  0.0030  0.0000
4.4717  0.0000  -0.0030  0.0030  0.0000
4.4767  0.0000  -0.0030  0.0030  0.0000
4.4816  0.0000  -0.0030  0.0030  0.0000
4.4871  0.0000  -0.0030  0.0030  0.0000
4.4921  0.0000  -0.0030  0.0030  0.0000
4.4970  0.0000  -0.0030  0.0030  0.0000
4.5019  0.0000  -0.0030  0.0030  0.0000
4.5069  0.0000  -0.0031  0.0031  0.0000
4.5120  0.0000  -0.0031  0.0031  0.0000
4.5175  0.0000  -0.0031  0.0031  0.0000
4.5224  0.0000  -0.0031  0.0031  0.0000
4.5274  0.0000  -0.0031  0.0031  0.0000
4.5323  0.0000  -0.0031  0.0031  0.0000
4.5374  0.0000  -0.0031  0.0031  0.0000
4.5423  0.0000  -0.0031  0.0031  0.0000
4.5472  0.0000  -0.0031  0.0031  0.0000
4.5521  0.0000  -0.0031  0.0031  0.0000
4.5656  0.0000  -0.0031  0.0031  0.0000
4.5742  0.0000  -0.0031  0.0031  0.0000
4.5792  0.0000  -0.0031  0.0031  0.0000
4.5846  0.0000  -0.0031  0.0031  0.0000
4.5916  0.0000  -0.0031  0.0031  0.0000
4.5969  0.0000  -0.0031  0.0031  0.0000
4.6024  0.0000  -0.0031  0.0031  0.0000
4.6078  0.0000  -0.0031  0.0031  0.0000
4.6128  0.0000  -0.0031  0.0031  0.0000
4.6179  0.0000  -0.0031  0.0031  0.0000
4.6228  0.0000  -0.0031  0.0031  0.0000
4.6281  0.0000  -0.0031  0.0031  0.0000
4.6335  0.0000  -0.0031  0.0031  0.0000
4.6387  0.0000  -0.0031  0.0031  0.0000
4.6440  0.0000  -0.0031  0.0031  0.0000
4.6494  0.0000  -0.0031  0.0031  0.0000
4.6546  0.0000  -0.0031  0.0031  0.0000
4.6599  0.0000  -0.0031  0.0031  0.0000
4.6651  0.0000  -0.0031  0.0031  0.0000
4.6708  0.0000  -0.0031  0.0031  0.0000
4.6763  0.0000  -0.0031  0.0031  0.0000
4.6817  0.0000  -0.0031  0.0031  0.0000
4.6874  0.0000  -0.0031  0.0031  0.0000
4.6926  0.0000  -0.0031  0.0031  0.0000
4.6979  0.0000  -0.0031  0.0031  0.0000
4.7031  0.0000  -0.0031  0.0031  0.0000
4.7091  0.0000  -0.0032  0.0032  0.0000
4.7146  0.0000  -0.0032  0.0032  0.0000
4.7203  0.0000  -0.0032  0.0032  0.0000
4.7260  0.0000  -0.0032  0.0032  0.0000
4.7315  0.0000  -0.0032  0.0032  0.0000
4.7377  0.0000  -0.0032  0.0032  0.0000
4.7453  0.0000  -0.0032  0.0032  0.0000
4.7516  0.0000  -0.0032  0.0032  0.0000
4.7576  0.0000  -0.0032  0.0032  0.0000
4.7638  0.0000  -0.0032  0.0032  0.0000
4.7698  0.0000  -0.0032  0.0032  0.0000
4.7757  0.0000  -0.0031  0.0031  0.0000
4.7801  0.0000  -0.0031  0.0031  0.0000
4.7861  0.0000  -0.0031  0.0031  0.0000
4.7917  0.0000  -0.0031  0.0031  0.0000
4.7973  0.0000  -0.0031  0.0031  0.0000
4.8020  0.0000  -0.0032  0.0032  0.0000
4.8079  0.0000  -0.0032  0.0032  0.0000
4.8136  0.0000  -0.0032  0.0032  0.0000
4.8195  0.0000  -0.0032  0.0032  0.0000
4.8258  0.0000  -0.0032  0.0032  0.0000
4.8320  0.0000  -0.0032  0.0032  0.0000
4.8380  0.0000  -0.0032  0.0032  0.0000
4.8440  0.0000  -0.0032  0.0032  0.0000
4.8499  0.0000  -0.0032  0.0032  0.0000
4.8551  0.0000  -0.0032  0.0032  0.0000
4.8616  0.0000  -0.0032  0.0032  0.0000
4.8684  0.0000  -0.0032  0.0032  0.0000
4.8749  0.0000  -0.0032  0.0032  0.0000
4.8808  0.0000  -0.0032  0.0032  0.0000
4.8867  0.0000  -0.0032  0.0032  0.0000
4.8924  0.0000  -0.0032  0.0032  0.0000
4.8983  0.0000  -0.0032  0.0032  0.0000
4.9042  0.0000  -0.0032  0.0032  0.0000
4.9103  0.0000  -0.0032  0.0032  0.0000
4.9154  0.0000  -0.0033  0.0033  0.0000
4.9222  0.0000  -0.0033  0.0033  0.0000
4.9280  0.0000  -0.0033  0.0033  0.0000
4.9337  0.0000  -0.0033  0.0033  0.0000
4.9392  0.0000  -0.0033  0.0033  0.0000
4.9438  0.0000  -0.0033  0.0033  0.0000
4.9495  0.0000  -0.0033  0.0033  0.0000
4.9551  0.0000  -0.0033  0.0033  0.0000
4.9608  0.0000  -0.0033  0.0033  0.0000
4.9667  0.0000  -0.0033  0.0033  0.0000
4.9724  0.0000  -0.0033  0.0033  0.0000
4.9780  0.0000  -0.0033  0.0033  0.0000
4.9837  0.0000  -0.0033  0.0033  0.0000
4.9895  0.0000  -0.0033  0.0033  0.0000
4.9949  0.0000  -0.0033  0.0033  0.0000
5.0001  0.0000  -0.0033  0.0033  0.0000
5.0056  0.0000  -0.0033  0.0033  0.0000
5.0190  0.0000  -0.0033  0.0033  0.0029
5.0280  0.0000  -0.0033  0.0033  0.0030
5.0365  0.0000  -0.0033  0.0033  0.0031
5.0453  0.0000  -0.0033  0.0033  0.0031
5.0538  0.0000  -0.0033  0.0033  0.0032
5.0677  0.0000  -0.0033  0.0033  0.0043
5.0802  0.0000  -0.0041  0.0041  0.0086
5.0892  0.0000  -0.0041  0.0041  0.0043
5.0980  0.0000  -0.0035  0.0035  -0.0021
5.1066  0.0000  -0.0023  0.0023  -0.0096
5.1175  0.0000  -0.0003  0.0003  -0.0152
5.1279  0.0000  0.0021  -0.0021  -0.0211
5.1371  0.0000  0.0048  -0.0048  -0.0288
5.1467  0.0000  0.0080  -0.0080  -0.0362
5.1553  0.0000  0.0121  -0.0121  -0.0491
5.1641  0.0000  0.0157  -0.0157  -0.0500
5.1727  0.0000  0.0187  -0.0187  -0.0466
5.1812  0.0000  0.0211  -0.0211  -0.0439
5.1901  0.0000  0.0228  -0.0228  -0.0386
5.1993  0.0000  0.0238  -0.0238  -0.0321
5.2087  0.0000  0.0245  -0.0245  -0.0305
5.2166  0.0000  0.0253  -0.0253  -0.0334
5.2248  0.0000  0.0255  -0.0255  -0.0284
5.2343  0.0000  0.0244  -0.0244  -0.0149
5.2433  0.0000  0.0222  -0.0222  -0.0035
5.2528  0.0000  0.0192  -0.0192  0.0071
5.2618  0.0000  0.0152  -0.0152  0.0181
5.2711  0.0000  0.0120  -0.0120  0.0149
5.2802  0.0000  0.0091  -0.0091  0.0136
5.2898  0.0000  0.0058  -0.0058  0.0182
5.2985  0.0000  0.0035  -0.0035  0.0148
5.3078  0.0000  0.0010  -0.0010  0.0187
5.3168  0.0000  -0.0030  0.0030  0.0342
5.3281  0.0000  -0.0082  0.0082  0.0509
5.3400  0.0000  -0.0147  0.0147  0.0567
5.3501  0.0000  -0.0211  0.0211  0.0606
5.3628  0.0000  -0.0260  0.0260  0.0528
5.3726  0.0000  -0.0301  0.0301  0.0590
5.3824  0.0000  -0.0336  0.0336  0.0588
5.3914  0.0000  -0.0375  0.0375  0.0677
5.3997  0.0000  -0.0415  0.0415  0.0754
5.4081  0.0000  -0.0455  0.0455  0.0825
5.4171  0.0000  -0.0492  0.0492  0.0810
5.4260  0.0000  -0.0512  0.0512  0.0673
5.4347  0.0000  -0.0529  0.0529  0.0667
5.4430  0.0000  -0.0546  0.0546  0.0696
5.4515  0.0000  -0.0565  0.0565  0.0744
5.4602  0.0000  -0.0579  0.0579  0.0715
5.4688  0.0000  -0.0586  0.0586  0.0670
5.4775  0.0000  -0.0583  0.0583  0.0574
5.4864  0.0000  -0.0569  0.0569  0.0460
5.4962  0.0000  -0.0545  0.0545  0.0374
5.5054  0.0000  -0.0517  0.0517  0.0314
5.5137  0.0000  -0.0482  0.0482  0.0211
5.5220  0.0000  -0.0456  0.0456  0.0271
5.5317  0.0000  -0.0429  0.0429  0.0283
5.5401  0.0000  -0.0402  0.0402  0.0230
5.5486  0.0000  -0.0365  0.0365  0.0113
5.5565  0.0000  -0.0323  0.0323  -0.0009
5.5694  0.0000  -0.0283  0.0283  0.0012
5.5797  0.0000  -0.0222  0.0222  -0.0027
5.5904  0.0000  -0.0183  0.0183  0.0017
5.5997  0.0000  -0.0134  0.0134  -0.0079
5.6100  0.0000  -0.0086  0.0086  -0.0182
5.6198  0.0000  -0.0037  0.0037  -0.0166
5.6300  0.0000  -0.0010  0.0010  -0.0032
5.6390  0.0000  0.0013  -0.0013  -0.0037
5.6487  0.0000  0.0039  -0.0039  -0.0085
5.6576  0.0000  0.0077  -0.0077  -0.0229
5.6669  0.0000  0.0103  -0.0103  -0.0166
5.6754  0.0000  0.0129  -0.0129  -0.0175
5.6843  0.0000  0.0151  -0.0151  -0.0175
5.6927  0.0000  0.0172  -0.0172  -0.0189
5.7011  0.0000  0.0198  -0.0198  -0.0262
5.7097  0.0000  0.0212  -0.0212  -0.0165
5.7182  0.0000  0.0228  -0.0228  -0.0194
5.7271  0.0000  0.0239  -0.0239  -0.0165
5.7356  0.0000  0.0249  -0.0249  -0.0159
5.7441  0.0000  0.0268  -0.0268  -0.0276
5.7526  0.0000  0.0279  -0.0279  -0.0224
5.7610  0.0000  0.0290  -0.0290  -0.0225
5.7697  0.0000  0.0296  -0.0296  -0.0184
5.7782  0.0000  0.0299  -0.0299  -0.0175
5.7875  0.0000  0.0303  -0.0303  -0.0176
5.7959  0.0000  0.0303  -0.0303  -0.0159
5.8049  0.0000  0.0304  -0.0304  -0.0161
5.8134  0.0000  0.0301  -0.0301  -0.0135
5.8218  0.0000  0.0302  -0.0302  -0.0178
5.8321  0.0000  0.0305  -0.0305  -0.0205
5.8408  0.0000  0.0301  -0.0301  -0.0150
5.8505  0.0000  0.0299  -0.0299  -0.0166
5.8596  0.0000  0.0294  -0.0294  -0.0141
5.8686  0.0000  0.0289  -0.0289  -0.0135
5.8767  0.0000  0.0283  -0.0283  -0.0126
5.8853  0.0000  0.0274  -0.0274  -0.0098
5.8936  0.0000  0.0273  -0.0273  -0.0176
5.9019  0.0000  0.0274  -0.0274  -0.0203
5.9115  0.0000  0.0283  -0.0283  -0.0296
5.9197  0.0000  0.0288  -0.0288  -0.0268
5.9282  0.0000  0.0294  -0.0294  -0.0291
5.9364  0.0000  0.0297  -0.0297  -0.0275
5.9450  0.0000  0.0297  -0.0297  -0.0240
5.9538  0.0000  0.0293  -0.0293  -0.0208
5.9623  0.0000  0.0283  -0.0283  -0.0140
5.9697  0.0000  0.0277  -0.0277  -0.0175
5.9793  0.0000  0.0279  -0.0279  -0.0265
5.9879  0.0000  0.0279  -0.0279  -0.0256
5.9960  0.0000  0.0275  -0.0275  -0.0217
6.0049  0.0000  0.0275  -0.0275  -0.0266
6.0133  0.0000  0.0267  -0.0267  -0.0179
6.0221  0.0000  0.0252  -0.0252  -0.0105
6.0319  0.0000  0.0237  -0.0237  -0.0111
6.0404  0.0000  0.0215  -0.0215  -0.0000
6.0492  0.0000  0.0201  -0.0201  -0.0088
6.0581  0.0000  0.0190  -0.0190  -0.0104
6.0714  0.0000  0.0183  -0.0183  -0.0142
6.0797  0.0000  0.0179  -0.0179  -0.0188
6.0922  0.0000  0.0174  -0.0174  -0.0169
6.1008  0.0000  0.0139  -0.0139  0.0100
6.1115  0.0000  0.0111  -0.0111  0.0098
6.1210  0.0000  0.0067  -0.0067  0.0233
6.1306  0.0000  0.0034  -0.0034  0.0191
6.1391  0.0000  0.0007  -0.0007  0.0206
6.1479  0.0000  -0.0014  0.0014  0.0148
6.1575  0.0000  -0.0028  0.0028  0.0096
6.1663  0.0000  -0.0043  0.0043  0.0105
6.1750  0.0000  -0.0053  0.0053  0.0089
6.1838  0.0000  -0.0078  0.0078  0.0250
6.1924  0.0000  -0.0102  0.0102  0.0270
6.2010  0.0000  -0.0128  0.0128  0.0322
6.2100  0.0000  -0.0153  0.0153  0.0311
6.2182  0.0000  -0.0163  0.0163  0.0203
6.2263  0.0000  -0.0178  0.0178  0.0263
6.2346  0.0000  -0.0182  0.0182  0.0160
6.2429  0.0000  -0.0184  0.0184  0.0142
6.2515  0.0000  -0.0192  0.0192  0.0215
6.2597  0.0000  -0.0206  0.0206  0.0284
6.2686  0.0000  -0.0215  0.0215  0.0255
6.2769  0.0000  -0.0224  0.0224  0.0265
6.2851  0.0000  -0.0235  0.0235  0.0293
6.2934  0.0000  -0.0248  0.0248  0.0343
6.3016  0.0000  -0.0260  0.0260  0.0343
6.3098  0.0000  -0.0265  0.0265  0.0282
6.3180  0.0000  -0.0270  0.0270  0.0291
6.3267  0.0000  -0.0266  0.0266  0.0192
6.3348  0.0000  -0.0266  0.0266  0.0237
6.3427  0.0000  -0.0263  0.0263  0.0221
6.3512  0.0000  -0.0267  0.0267  0.0284
6.3592  0.0000  -0.0273  0.0273  0.0329
6.3696  0.0000  -0.0271  0.0271  0.0256
6.3787  0.0000  -0.0275  0.0275  0.0315
6.3884  0.0000  -0.0274  0.0274  0.0265
6.3974  0.0000  -0.0265  0.0265  0.0204
6.4062  0.0000  -0.0257  0.0257  0.0193
6.4155  0.0000  -0.0248  0.0248  0.0194
6.4258  0.0000  -0.0235  0.0235  0.0162
6.4344  0.0000  -0.0224  0.0224  0.0149
6.4431  0.0000  -0.0212  0.0212  0.0143
6.4517  0.0000  -0.0191  0.0191  0.0030
6.4603  0.0000  -0.0176  0.0176  0.0077
6.4696  0.0000  -0.0155  0.0155  0.0015
6.4782  0.0000  -0.0135  0.0135  0.0012
6.4871  0.0000  -0.0112  0.0112  -0.0054
6.4957  0.0000  -0.0086  0.0086  -0.0096
6.5042  0.0000  -0.0061  0.0061  -0.0112
6.5138  0.0000  -0.0034  0.0034  -0.0127
6.5225  0.0000  -0.0006  0.0006  -0.0177
6.5318  0.0000  0.0019  -0.0019  -0.0163
6.5404  0.0000  0.0049  -0.0049  -0.0259
6.5491  0.0000  0.0066  -0.0066  -0.0145
6.5580  0.0000  0.0083  -0.0083  -0.0153
6.5670  0.0000  0.0103  -0.0103  -0.0210
6.5804  0.0000  0.0121  -0.0121  -0.0195
6.5909  0.0000  0.0139  -0.0139  -0.0168
6.6021  0.0000  0.0153  -0.0153  -0.0175
6.6118  0.0000  0.0168  -0.0168  -0.0201
6.6223  0.0000  0.0178  -0.0178  -0.0176
6.6314  0.0000  0.0185  -0.0185  -0.0160
6.6410  0.0000  0.0185  -0.0185  -0.0116
6.6502  0.0000  0.0184  -0.0184  -0.0102
6.6590  0.0000  0.0184  -0.0184  -0.0113
6.6678  0.0000  0.0180  -0.0180  -0.0070
6.6771  0.0000  0.0178  -0.0178  -0.0099
6.6861  0.0000  0.0172  -0.0172  -0.0057
6.6948  0.0000  0.0165  -0.0165  -0.0044
6.7034  0.0000  0.0158  -0.0158  -0.0041
6.7125  0.0000  0.0151  -0.0151  -0.0034
6.7214  0.0000  0.0146  -0.0146  -0.0061
6.7310  0.0000  0.0142  -0.0142  -0.0063
6.7399  0.0000  0.0139  -0.0139  -0.0079
6.7497  0.0000  0.0142  -0.0142  -0.0142
6.7587  0.0000  0.0143  -0.0143  -0.0119
6.7679  0.0000  0.0143  -0.0143  -0.0114
6.7775  0.0000  0.0146  -0.0146  -0.0147
6.7879  0.0000  0.0152  -0.0152  -0.0191
6.8004  0.0000  0.0159  -0.0159  -0.0189
6.8103  0.0000  0.0168  -0.0168  -0.0233
6.8188  0.0000  0.0175  -0.0175  -0.0228
6.8275  0.0000  0.0177  -0.0177  -0.0193
6.8359  0.0000  0.0180  -0.0180  -0.0199
6.8456  0.0000  0.0179  -0.0179  -0.0166
6.8550  0.0000  0.0180  -0.0180  -0.0192
6.8654  0.0000  0.0180  -0.0180  -0.0183
6.8759  0.0000  0.0178  -0.0178  -0.0173
6.8865  0.0000  0.0176  -0.0176  -0.0177
6.8962  0.0000  0.0174  -0.0174  -0.0175
6.9057  0.0000  0.0167  -0.0167  -0.0131
6.9152  0.0000  0.0161  -0.0161  -0.0129
6.9258  0.0000  0.0151  -0.0151  -0.0095
6.9346  0.0000  0.0133  -0.0133  -0.0019
6.9430  0.0000  0.0113  -0.0113  0.0054
6.9522  0.0000  0.0109  -0.0109  -0.0114
6.9607  0.0000  0.0106  -0.0106  -0.0127
6.9695  0.0000  0.0108  -0.0108  -0.0169
6.9786  0.0000  0.0102  -0.0102  -0.0097
6.9890  0.0000  0.0091  -0.0091  -0.0042
6.9986  0.0000  0.0075  -0.0075  -0.0005
7.0082  0.0000  0.0058  -0.0058  0.0030
7.0182  0.0000  0.0045  -0.0045  0.0006
7.0281  0.0000  0.0021  -0.0021  0.0133
7.0380  0.0000  -0.0009  0.0009  0.0186
7.0475  0.0000  -0.0036  0.0036  0.0205
7.0567  0.0000  -0.0074  0.0074  0.0357
7.0673  0.0000  -0.0105  0.0105  0.0311
7.0774  0.0000  -0.0135  0.0135  0.0315
7.0900  0.0000  -0.0162  0.0162  0.0338
7.1039  0.0000  -0.0203  0.0203  0.0369
7.1144  0.0000  -0.0234  0.0234  0.0351
7.1232  0.0000  -0.0258  0.0258  0.0427
7.1343  0.0000  -0.0268  0.0268  0.0286
7.1438  0.0000  -0.0283  0.0283  0.0352
7.1537  0.0000  -0.0295  0.0295  0.0344
7.1628  0.0000  -0.0298  0.0298  0.0282
7.1719  0.0000  -0.0304  0.0304  0.0318
7.1806  0.0000  -0.0304  0.0304  0.0259
7.1895  0.0000  -0.0298  0.0298  0.0216
7.1979  0.0000  -0.0284  0.0284  0.0111
7.2064  0.0000  -0.0268  0.0268  0.0093
7.2148  0.0000  -0.0253  0.0253  0.0087
7.2229  0.0000  -0.0234  0.0234  0.0027
7.2324  0.0000  -0.0219  0.0219  0.0088
7.2406  0.0000  -0.0192  0.0192  -0.0077
7.2492  0.0000  -0.0171  0.0171  -0.0030
7.2575  0.0000  -0.0148  0.0148  -0.0067
7.2659  0.0000  -0.0129  0.0129  -0.0051
7.2743  0.0000  -0.0109  0.0109  -0.0059
7.2824  0.0000  -0.0091  0.0091  -0.0069
7.2907  0.0000  -0.0075  0.0075  -0.0051
7.2989  0.0000  -0.0063  0.0063  -0.0028
7.3074  0.0000  -0.0045  0.0045  -0.0096
7.3157  0.0000  -0.0032  0.0032  -0.0055
7.3242  0.0000  -0.0022  0.0022  -0.0039
7.3337  0.0000  -0.0014  0.0014  -0.0021
7.3424  0.0000  -0.0011  0.0011  0.0035
7.3532  0.0000  -0.0009  0.0009  0.0044
7.3621  0.0000  -0.0012  0.0012  0.0086
7.3719  0.0000  -0.0013  0.0013  0.0065
7.3809  0.0000  -0.0021  0.0021  0.0141
7.3901  0.0000  -0.0029  0.0029  0.0157
7.3988  0.0000  -0.0038  0.0038  0.0169
7.4091  0.0000  -0.0044  0.0044  0.0152
7.4174  0.0000  -0.0058  0.0058  0.0237
7.4262  0.0000  -0.0064  0.0064  0.0173
7.4359  0.0000  -0.0076  0.0076  0.0234
7.4450  0.0000  -0.0087  0.0087  0.0241
7.4542  0.0000  -0.0099  0.0099  0.0254
7.4634  0.0000  -0.0106  0.0106  0.0223
7.4717  0.0000  -0.0114  0.0114  0.0248
7.4808  0.0000  -0.0122  0.0122  0.0253
7.4902  0.0000  -0.0128  0.0128  0.0235
7.4998  0.0000  -0.0130  0.0130  0.0209
7.5097  0.0000  -0.0129  0.0129  0.0181
7.5198  0.0000  -0.0127  0.0127  0.0171
7.5303  0.0000  -0.0121  0.0121  0.0142
7.5397  0.0000  -0.0121  0.0121  0.0188
7.5487  0.0000  -0.0115  0.0115  0.0139
7.5574  0.0000  -0.0104  0.0104  0.0070
7.5659  0.0000  -0.0098  0.0098  0.0109
7.5742  0.0000  -0.0089  0.0089  0.0084
7.5826  0.0000  -0.0084  0.0084  0.0117
7.5947  0.0000  -0.0074  0.0074  0.0042
7.6075  0.0000  -0.0062  0.0062  0.0075
7.6165  0.0000  -0.0043  0.0043  0.0010
7.6257  0.0000  -0.0031  0.0031  0.0008
7.6368  0.0000  -0.0015  0.0015  -0.0012
7.6470  0.0000  0.0001  -0.0001  -0.0049
7.6557  0.0000  0.0013  -0.0013  -0.0015
7.6642  0.0000  0.0028  -0.0028  -0.0079
7.6731  0.0000  0.0035  -0.0035  -0.0010
7.6817  0.0000  0.0045  -0.0045  -0.0038
7.6907  0.0000  0.0052  -0.0052  -0.0015
7.6994  0.0000  0.0065  -0.0065  -0.0104
7.7095  0.0000  0.0078  -0.0078  -0.0082
7.7186  0.0000  0.0089  -0.0089  -0.0096
7.7276  0.0000  0.0098  -0.0098  -0.0080
7.7367  0.0000  0.0109  -0.0109  -0.0118
7.7458  0.0000  0.0124  -0.0124  -0.0166
7.7546  0.0000  0.0133  -0.0133  -0.0123
7.7637  0.0000  0.0139  -0.0139  -0.0102
7.7734  0.0000  0.0142  -0.0142  -0.0077
7.7837  0.0000  0.0145  -0.0145  -0.0080
7.7935  0.0000  0.0148  -0.0148  -0.0090
7.8023  0.0000  0.0145  -0.0145  -0.0030
7.8120  0.0000  0.0143  -0.0143  -0.0049
7.8217  0.0000  0.0137  -0.0137  -0.0006
7.8322  0.0000  0.0129  -0.0129  0.0007
7.8424  0.0000  0.0116  -0.0116  0.0069
7.8530  0.0000  0.0104  -0.0104  0.0052
7.8650  0.0000  0.0090  -0.0090  0.0094
7.8743  0.0000  0.0073  -0.0073  0.0114
7.8839  0.0000  0.0059  -0.0059  0.0127
7.8945  0.0000  0.0046  -0.0046  0.0105
7.9044  0.0000  0.0034  -0.0034  0.0124
7.9124  0.0000  0.0023  -0.0023  0.0134
7.9218  0.0000  0.0016  -0.0016  0.0102
7.9299  0.0000  0.0006  -0.0006  0.0132
7.9395  0.0000  0.0004  -0.0004  0.0061
7.9486  0.0000  0.0003  -0.0003  0.0050
7.9575  0.0000  0.0005  -0.0005  0.0026
7.9660  0.0000  0.0010  -0.0010  -0.0017
7.9748  0.0000  0.0012  -0.0012  0.0009
7.9836  0.0000  0.0014  -0.0014  0.0016
7.9924  0.0000  0.0021  -0.0021  -0.0044
8.0008  0.0000  0.0024  -0.0024  -0.0008
8.0094  0.0000  0.0027  -0.0027  -0.0018
8.0180  0.0000  0.0034  -0.0034  -0.0058
8.0265  0.0000  0.0037  -0.0037  -0.0026
8.0363  0.0000  0.0040  -0.0040  -0.0022
8.0455  0.0000  0.0040  -0.0040  0.0009
8.0545  0.0000  0.0042  -0.0042  -0.0021
8.0637  0.0000  0.0042  -0.0042  -0.0002
8.0728  0.0000  0.0043  -0.0043  -0.0013
8.0822  0.0000  0.0049  -0.0049  -0.0063
8.0910  0.0000  0.0051  -0.0051  -0.0032
8.1041  0.0000  0.0056  -0.0056  -0.0065
8.1173  0.0000  0.0058  -0.0058  -0.0031
8.1266  0.0000  0.0055  -0.0055  -0.0002
8.1371  0.0000  0.0060  -0.0060  -0.0061
8.1477  0.0000  0.0060  -0.0060  -0.0033
8.1565  0.0000  0.0065  -0.0065  -0.0077
8.1656  0.0000  0.0068  -0.0068  -0.0057
8.1745  0.0000  0.0070  -0.0070  -0.0062
8.1843  0.0000  0.0066  -0.0066  0.0003
8.1940  0.0000  0.0066  -0.0066  -0.0042
8.2036  0.0000  0.0066  -0.0066  -0.0043
8.2133  0.0000  0.0060  -0.0060  0.0018
8.2226  0.0000  0.0058  -0.0058  -0.0017
8.2322  0.0000  0.0053  -0.0053  0.0020
8.2417  0.0000  0.0041  -0.0041  0.0079
8.2521  0.0000  0.0033  -0.0033  0.0055
8.2616  0.0000  0.0024  -0.0024  0.0072
8.2747  0.0000  0.0013  -0.0013  0.0079
8.2864  0.0000  -0.0000  0.0000  0.0112
8.2967  0.0000  -0.0013  0.0013  0.0121
8.3052  0.0000  -0.0025  0.0025  0.0155
8.3140  0.0000  -0.0032  0.0032  0.0107
8.3222  0.0000  -0.0037  0.0037  0.0101
8.3311  0.0000  -0.0042  0.0042  0.0102
8.3396  0.0000  -0.0045  0.0045  0.0091
8.3484  0.0000  -0.0052  0.0052  0.0124
8.3573  0.0000  -0.0059  0.0059  0.0148
8.3660  0.0000  -0.0064  0.0064  0.0124
8.3753  0.0000  -0.0071  0.0071  0.0145
8.3846  0.0000  -0.0077  0.0077  0.0155
8.3953  0.0000  -0.0087  0.0087  0.0178
8.4055  0.0000  -0.0096  0.0096  0.0189
8.4149  0.0000  -0.0106  0.0106  0.0205
8.4245  0.0000  -0.0113  0.0113  0.0200
8.4335  0.0000  -0.0116  0.0116  0.0162
8.4424  0.0000  -0.0121  0.0121  0.0192
8.4524  0.0000  -0.0123  0.0123  0.0169
8.4607  0.0000  -0.0132  0.0132  0.0245
8.4692  0.0000  -0.0138  0.0138  0.0228
8.4779  0.0000  -0.0145  0.0145  0.0242
8.4865  0.0000  -0.0138  0.0138  0.0105
8.4951  0.0000  -0.0127  0.0127  0.0049
8.5036  0.0000  -0.0118  0.0118  0.0071
8.5124  0.0000  -0.0103  0.0103  -0.0006
8.5208  0.0000  -0.0090  0.0090  0.0011
8.5296  0.0000  -0.0080  0.0080  0.0024
8.5387  0.0000  -0.0062  0.0062  -0.0050
8.5473  0.0000  -0.0048  0.0048  -0.0042
8.5546  0.0000  -0.0034  0.0034  -0.0070
8.5627  0.0000  -0.0020  0.0020  -0.0065
8.5718  0.0000  -0.0009  0.0009  -0.0039
8.5804  0.0000  -0.0001  0.0001  -0.0019
8.5892  0.0000  0.0008  -0.0008  -0.0032
8.5977  0.0000  0.0014  -0.0014  -0.0007
8.6105  0.0000  0.0019  -0.0019  -0.0014
8.6212  0.0000  0.0025  -0.0025  0.0000
8.6351  0.0000  0.0032  -0.0032  -0.0008
8.6448  0.0000  0.0035  -0.0035  0.0006
8.6541  0.0000  0.0029  -0.0029  0.0084
8.6630  0.0000  0.0032  -0.0032  0.0002
8.6718  0.0000  0.0033  -0.0033  0.0021
8.6812  0.0000  0.0032  -0.0032  0.0040
8.6904  0.0000  0.0032  -0.0032  0.0027
8.6988  0.0000  0.0030  -0.0030  0.0044
8.7073  0.0000  0.0031  -0.0031  0.0014
8.7164  0.0000  0.0030  -0.0030  0.0042
8.7254  0.0000  0.0027  -0.0027  0.0057
8.7347  0.0000  0.0022  -0.0022  0.0080
8.7434  0.0000  0.0018  -0.0018  0.0075
8.7524  0.0000  0.0010  -0.0010  0.0126
8.7614  0.0000  0.0001  -0.0001  0.0135
8.7705  0.0000  -0.0004  0.0004  0.0106
8.7805  0.0000  -0.0015  0.0015  0.0166
8.7912  0.0000  -0.0021  0.0021  0.0123
8.8006  0.0000  -0.0032  0.0032  0.0179
8.8100  0.0000  -0.0041  0.0041  0.0170
8.8198  0.0000  -0.0054  0.0054  0.0222
8.8298  0.0000  -0.0063  0.0063  0.0195
8.8402  0.0000  -0.0068  0.0068  0.0159
8.8499  0.0000  -0.0068  0.0068  0.0119
8.8598  0.0000  -0.0074  0.0074  0.0185
8.8696  0.0000  -0.0078  0.0078  0.0171
8.8816  0.0000  -0.0085  0.0085  0.0205
8.8912  0.0000  -0.0092  0.0092  0.0205
8.9034  0.0000  -0.0093  0.0093  0.0159
8.9148  0.0000  -0.0096  0.0096  0.0183
8.9263  0.0000  -0.0099  0.0099  0.0187
8.9370  0.0000  -0.0103  0.0103  0.0198
8.9474  0.0000  -0.0103  0.0103  0.0169
8.9565  0.0000  -0.0102  0.0102  0.0167
8.9659  0.0000  -0.0093  0.0093  0.0084
8.9752  0.0000  -0.0089  0.0089  0.0128
8.9850  0.0000  -0.0086  0.0086  0.0140
8.9939  0.0000  -0.0083  0.0083  0.0129
9.0029  0.0000  -0.0073  0.0073  0.0061
9.0118  0.0000  -0.0065  0.0065  0.0076
9.0259  0.0000  -0.0045  0.0045  0.0000
9.0315  0.0000  -0.0032  0.0032  0.0000
9.0377  0.0000  -0.0025  0.0025  0.0000
9.0428  0.0000  -0.0017  0.0017  0.0000
9.0484  0.0000  -0.0008  0.0008  0.0000
9.0539  0.0000  -0.0001  0.0001  0.0000
9.0595  0.0000  0.0009  -0.0009  0.0000
9.0640  0.0000  0.0012  -0.0012  0.0000
9.0704  0.0000  0.0018  -0.0018  0.0000
9.0760  0.0000  0.0021  -0.0021  0.0000
9.0817  0.0000  0.0037  -0.0037  0.0000
9.0874  0.0000  0.0044  -0.0044  0.0000
9.0929  0.0000  0.0057  -0.0057  0.0000
9.0985  0.0000  0.0064  -0.0064  0.0000
9.1040  0.0000  0.0075  -0.0075  0.0000
9.1123  0.0000  0.0085  -0.0085  0.0000
9.1178  0.0000  0.0099  -0.0099  0.0000
9.1243  0.0000  0.0105  -0.0105  0.0000
9.1326  0.0000  0.0116  -0.0116  0.0000
9.1383  0.0000  0.0121  -0.0121  0.0000
9.1438  0.0000  0.0127  -0.0127  0.0000
9.1511  0.0000  0.0128  -0.0128  0.0000
9.1577  0.0000  0.0136  -0.0136  0.0000
9.1637  0.0000  0.0135  -0.0135  0.0000
9.1715  0.0000  0.0139  -0.0139  0.0000
9.1774  0.0000  0.0142  -0.0142  0.0000
9.1832  0.0000  0.0144  -0.0144  0.0000
9.1890  0.0000  0.0146  -0.0146  0.0000
9.1949  0.0000  0.0143  -0.0143  0.0000
9.2008  0.0000  0.0146  -0.0146  0.0000
9.2068  0.0000  0.0147  -0.0147  0.0000
9.2125  0.0000  0.0146  -0.0146  0.0000
9.2183  0.0000  0.0145  -0.0145  0.0000
9.2242  0.0000  0.0140  -0.0140  0.0000
9.2301  0.0000  0.0139  -0.0139  0.0000
9.2362  0.0000  0.0139  -0.0139  0.0000
9.2420  0.0000  0.0144  -0.0144  0.0000
9.2479  0.0000  0.0146  -0.0146  0.0000
9.2537  0.0000  0.0150  -0.0150  0.0000
9.2595  0.0000  0.0151  -0.0151  0.0000
9.2658  0.0000  0.0152  -0.0152  0.0000
9.2716  0.0000  0.0150  -0.0150  0.0000
9.2774  0.0000  0.0152  -0.0152  0.0000
9.2831  0.0000  0.0157  -0.0157  0.0000
9.2890  0.0000  0.0158  -0.0158  0.0000
9.2948  0.0000  0.0158  -0.0158  0.0000
9.3006  0.0000  0.0162  -0.0162  0.0000
9.3067  0.0000  0.0165  -0.0165  0.0000
9.3125  0.0000  0.0168  -0.0168  0.0000
9.3185  0.0000  0.0171  -0.0171  0.0000
9.3244  0.0000  0.0171  -0.0171  0.0000
9.3303  0.0000  0.0171  -0.0171  0.0000
9.3363  0.0000  0.0170  -0.0170  0.0000
9.3420  0.0000  0.0167  -0.0167  0.0000
9.3481  0.0000  0.0168  -0.0168  0.0000
9.3539  0.0000  0.0170  -0.0170  0.0000
9.3598  0.0000  0.0174  -0.0174  0.0000
9.3657  0.0000  0.0177  -0.0177  0.0000
9.3714  0.0000  0.0179  -0.0179  0.0000
9.3772  0.0000  0.0176  -0.0176  0.0000
9.3856  0.0000  0.0176  -0.0176  0.0000
9.3910  0.0000  0.0172  -0.0172  0.0000
9.3977  0.0000  0.0177  -0.0177  0.0000
9.4039  0.0000  0.0180  -0.0180  0.0000
9.4116  0.0000  0.0185  -0.0185  0.0000
9.4174  0.0000  0.0187  -0.0187  0.0000
9.4241  0.0000  0.0189  -0.0189  0.0000
9.4304  0.0000  0.0189  -0.0189  0.0000
9.4365  0.0000  0.0189  -0.0189  0.0000
9.4420  0.0000  0.0185  -0.0185  0.0000
9.4476  0.0000  0.0187  -0.0187  0.0000
9.4531  0.0000  0.0188  -0.0188  0.0000
9.4586  0.0000  0.0191  -0.0191  0.0000
9.4647  0.0000  0.0196  -0.0196  0.0000
9.4698  0.0000  0.0197  -0.0197  0.0000
9.4750  0.0000  0.0198  -0.0198  0.0000
9.4801  0.0000  0.0198  -0.0198  0.0000
9.4862  0.0000  0.0198  -0.0198  0.0000
9.4916  0.0000  0.0199  -0.0199  0.0000
9.4974  0.0000  0.0199  -0.0199  0.0000
9.5031  0.0000  0.0200  -0.0200  0.0000
9.5091  0.0000  0.0202  -0.0202  0.0000
9.5177  0.0000  0.0206  -0.0206  0.0000
9.5312  0.0000  0.0214  -0.0214  0.0000
9.5377  0.0000  0.0217  -0.0217  0.0000
9.5428  0.0000  0.0217  -0.0217  0.0000
9.5480  0.0000  0.0219  -0.0219  0.0000
9.5528  0.0000  0.0218  -0.0218  0.0000
9.5575  0.0000  0.0218  -0.0218  0.0000
9.5622  0.0000  0.0216  -0.0216  0.0000
9.5672  0.0000  0.0213  -0.0213  0.0000
9.5720  0.0000  0.0212  -0.0212  0.0000
9.5769  0.0000  0.0213  -0.0213  0.0000
9.5816  0.0000  0.0213  -0.0213  0.0000
9.5868  0.0000  0.0214  -0.0214  0.0000
9.5915  0.0000  0.0218  -0.0218  0.0000
9.5963  0.0000  0.0219  -0.0219  0.0000
9.6009  0.0000  0.0218  -0.0218  0.0000
9.6059  0.0000  0.0217  -0.0217  0.0000
9.6109  0.0000  0.0214  -0.0214  0.0000
9.6179  0.0000  0.0212  -0.0212  0.0000
9.6229  0.0000  0.0210  -0.0210  0.0000
9.6294  0.0000  0.0205  -0.0205  0.0000
9.6346  0.0000  0.0203  -0.0203  0.0000
9.6406  0.0000  0.0199  -0.0199  0.0000
9.6458  0.0000  0.0194  -0.0194  0.0000
9.6516  0.0000  0.0188  -0.0188  0.0000
9.6572  0.0000  0.0184  -0.0184  0.0000
9.6625  0.0000  0.0178  -0.0178  0.0000
9.6671  0.0000  0.0175  -0.0175  0.0000
9.6721  0.0000  0.0172  -0.0172  0.0000
9.6775  0.0000  0.0169  -0.0169  0.0000
9.6824  0.0000  0.0166  -0.0166  0.0000
9.6875  0.0000  0.0164  -0.0164  0.0000
9.6926  0.0000  0.0163  -0.0163  0.0000
9.6976  0.0000  0.0159  -0.0159  0.0000
9.7025  0.0000  0.0156  -0.0156  0.0000
9.7078  0.0000  0.0152  -0.0152  0.0000
9.7131  0.0000  0.0147  -0.0147  0.0000
9.7184  0.0000  0.0143  -0.0143  0.0000
9.7237  0.0000  0.0139  -0.0139  0.0000
9.7293  0.0000  0.0137  -0.0137  0.0000
9.7348  0.0000  0.0133  -0.0133  0.0000
9.7404  0.0000  0.0131  -0.0131  0.0000
9.7477  0.0000  0.0128  -0.0128  0.0000
9.7531  0.0000  0.0126  -0.0126  0.0000
9.7585  0.0000  0.0125  -0.0125  0.0000
9.7645  0.0000  0.0123  -0.0123  0.0000
9.7695  0.0000  0.0122  -0.0122  0.0000
9.7746  0.0000  0.0120  -0.0120  0.0000
9.7795  0.0000  0.0121  -0.0121  0.0000
9.7846  0.0000  0.0119  -0.0119  0.0000
9.7895  0.0000  0.0117  -0.0117  0.0000
9.7947  0.0000  0.0115  -0.0115  0.0000
9.7998  0.0000  0.0114  -0.0114  0.0000
9.8050  0.0000  0.0114  -0.0114  0.0000
9.8101  0.0000  0.0113  -0.0113  0.0000
9.8152  0.0000  0.0115  -0.0115  0.0000
9.8204  0.0000  0.0115  -0.0115  0.0000
9.8256  0.0000  0.0116  -0.0116  0.0000
9.8307  0.0000  0.0119  -0.0119  0.0000
9.8359  0.0000  0.0120  -0.0120  0.0000
9.8411  0.0000  0.0123  -0.0123  0.0000
9.8463  0.0000  0.0126  -0.0126  0.0000
9.8513  0.0000  0.0131  -0.0131  0.0000
9.8555  0.0000  0.0138  -0.0138  0.0000
9.8606  0.0000  0.0144  -0.0144  0.0000
9.8667  0.0000  0.0149  -0.0149  0.0000
9.8721  0.0000  0.0157  -0.0157  0.0000
9.8775  0.0000  0.0162  -0.0162  0.0000
9.8830  0.0000  0.0167  -0.0167  0.0000
9.8888  0.0000  0.0172  -0.0172  0.0000
9.8951  0.0000  0.0177  -0.0177  0.0000
9.9003  0.0000  0.0181  -0.0181  0.0000
9.9059  0.0000  0.0184  -0.0184  0.0000
9.9126  0.0000  0.0187  -0.0187  0.0000
9.9183  0.0000  0.0189  -0.0189  0.0000
9.9239  0.0000  0.0189  -0.0189  0.0000
9.9297  0.0000  0.0191  -0.0191  0.0000
9.9350  0.0000  0.0191  -0.0191  0.0000
9.9405  0.0000  0.0191  -0.0191  0.0000
9.9457  0.0000  0.0191  -0.0191  0.0000
9.9509  0.0000  0.0190  -0.0190  0.0000
9.9562  0.0000  0.0189  -0.0189  0.0000
9.9615  0.0000  0.0187  -0.0187  0.0000
9.9668  0.0000  0.0186  -0.0186  0.0000
9.9720  0.0000  0.0184  -0.0184  0.0000
9.9772  0.0000  0.0181  -0.0181  0.0000
9.9823  0.0000  0.0179  -0.0179  0.0000
9.9865  0.0000  0.0177  -0.0177  0.0000
9.9918  0.0000  0.0175  -0.0175  0.0000
9.9972  0.0000  0.0172  -0.0172  0.0000
10.0025  0.0000  0.0171  -0.0171  0.0000
10.0078  0.0000  0.0168  -0.0168  0.0000
10.0130  0.0000  0.0166  -0.0166  0.0000
10.0184  0.0000  0.0165  -0.0165  0.0000
10.0249  0.0000  0.0163  -0.0163  0.0000
10.0347  0.0000  0.0162  -0.0162  0.0000
10.0404  0.0000  0.0160  -0.0160  0.0000
10.0459  0.0000  0.0160  -0.0160  0.0000
10.0510  0.0000  0.0159  -0.0159  0.0000
10.0564  0.0000  0.0160  -0.0160  0.0000
10.0605  0.0000  0.0160  -0.0160  0.0000
10.0666  0.0000  0.0160  -0.0160  0.0000
10.0726  0.0000  0.0161  -0.0161  0.0000
10.0778  0.0000  0.0162  -0.0162  0.0000
10.0829  0.0000  0.0164  -0.0164  0.0000
10.0881  0.0000  0.0164  -0.0164  0.0000
10.0931  0.0000  0.0165  -0.0165  0.0000
10.0981  0.0000  0.0166  -0.0166  0.0000
10.1034  0.0000  0.0168  -0.0168  0.0000
10.1089  0.0000  0.0169  -0.0169  0.0000
10.1144  0.0000  0.0170  -0.0170  0.0000
10.1219  0.0000  0.0171  -0.0171  0.0000
10.1272  0.0000  0.0172  -0.0172  0.0000
10.1337  0.0000  0.0172  -0.0172  0.0000
10.1389  0.0000  0.0171  -0.0171  0.0000
10.1430  0.0000  0.0171  -0.0171  0.0000
10.1521  0.0000  0.0171  -0.0171  0.0000
10.1579  0.0000  0.0170  -0.0170  0.0000
10.1634  0.0000  0.0170  -0.0170  0.0000
10.1682  0.0000  0.0169  -0.0169  0.0000
10.1737  0.0000  0.0168  -0.0168  0.0000
10.1792  0.0000  0.0167  -0.0167  0.0000
10.1848  0.0000  0.0167  -0.0167  0.0000
10.1903  0.0000  0.0167  -0.0167  0.0000
10.1957  0.0000  0.0167  -0.0167  0.0000
10.2013  0.0000  0.0167  -0.0167  0.0000
10.2067  0.0000  0.0167  -0.0167  0.0000
10.2120  0.0000  0.0167  -0.0167  0.0000
10.2173  0.0000  0.0167  -0.0167  0.0000
10.2225  0.0000  0.0168  -0.0168  0.0000
10.2285  0.0000  0.0168  -0.0168  0.0000
10.2346  0.0000  0.0168  -0.0168  0.0000
10.2401  0.0000  0.0168  -0.0168  0.0000
10.2457  0.0000  0.0168  -0.0168  0.0000
10.2511  0.0000  0.0169  -0.0169  0.0000
10.2556  0.0000  0.0169  -0.0169  0.0000
10.2615  0.0000  0.0169  -0.0169  0.0000
10.2673  0.0000  0.0169  -0.0169  0.0000
10.2728  0.0000  0.0169  -0.0169  0.0000
10.2783  0.0000  0.0169  -0.0169  0.0000
10.2839  0.0000  0.0169  -0.0169  0.0000
10.2896  0.0000  0.0168  -0.0168  0.0000
10.2950  0.0000  0.0168  -0.0168  0.0000
10.3004  0.0000  0.0168  -0.0168  0.0000
10.3059  0.0000  0.0168  -0.0168  0.0000
10.3112  0.0000  0.0167  -0.0167  0.0000
10.3166  0.0000  0.0167  -0.0167  0.0000
10.3219  0.0000  0.0166  -0.0166  0.0000
10.3261  0.0000  0.0166  -0.0166  0.0000
10.3313  0.0000  0.0167  -0.0167  0.0000
10.3372  0.0000  0.0167  -0.0167  0.0000
10.3426  0.0000  0.0167  -0.0167  0.0000
10.3482  0.0000  0.0167  -0.0167  0.0000
10.3534  0.0000  0.0167  -0.0167  0.0000
10.3589  0.0000  0.0168  -0.0168  0.0000
10.3648  0.0000  0.0168  -0.0168  0.0000
10.3700  0.0000  0.0168  -0.0168  0.0000
10.3754  0.0000  0.0168  -0.0168  0.0000
10.3812  0.0000  0.0168  -0.0168  0.0000
10.3860  0.0000  0.0168  -0.0168  0.0000
10.3910  0.0000  0.0167  -0.0167  0.0000
10.3971  0.0000  0.0167  -0.0167  0.0000
10.4033  0.0000  0.0168  -0.0168  0.0000
10.4116  0.0000  0.0167  -0.0167  0.0000
10.4172  0.0000  0.0167  -0.0167  0.0000
10.4259  0.0000  0.0167  -0.0167  0.0000
10.4311  0.0000  0.0167  -0.0167  0.0000
10.4387  0.0000  0.0167  -0.0167  0.0000
10.4446  0.0000  0.0167  -0.0167  0.0000
10.4502  0.0000  0.0167  -0.0167  0.0000
10.4563  0.0000  0.0167  -0.0167  0.0000
10.4612  0.0000  0.0167  -0.0167  0.0000
10.4670  0.0000  0.0167  -0.0167  0.0000
10.4719  0.0000  0.0167  -0.0167  0.0000
10.4771  0.0000  0.0167  -0.0167  0.0000
10.4821  0.0000  0.0167  -0.0167  0.0000
10.4871  0.0000  0.0167  -0.0167  0.0000
10.4922  0.0000  0.0167  -0.0167  0.0000
10.4973  0.0000  0.0167  -0.0167  0.0000
10.5025  0.0000  0.0167  -0.0167  0.0000
10.5076  0.0000  0.0167  -0.0167  0.0000
10.5126  0.0000  0.0167  -0.0167  0.0000
10.5178  0.0000  0.0167  -0.0167  0.0000
10.5227  0.0000  0.0167  -0.0167  0.0000
10.5300  0.0000  0.0167  -0.0167  0.0000
10.5399  0.0000  0.0167  -0.0167  0.0000
10.5461  0.0000  0.0167  -0.0167  0.0000
10.5515  0.0000  0.0167  -0.0167  0.0000
10.5572  0.0000  0.0167  -0.0167  0.0000
10.5627  0.0000  0.0167  -0.0167  0.0000
10.5685  0.0000  0.0166  -0.0166  0.0000
10.5739  0.0000  0.0167  -0.0167  0.0000
10.5794  0.0000  0.0167  -0.0167  0.0000
10.5860  0.0000  0.0167  -0.0167  0.0000
10.5911  0.0000  0.0166  -0.0166  0.0000
10.5961  0.0000  0.0167  -0.0167  0.0000
10.6012  0.0000  0.0167  -0.0167  0.0000
10.6063  0.0000  0.0167  -0.0167  0.0000
10.6112  0.0000  0.0167  -0.0167  0.0000
10.6162  0.0000  0.0167  -0.0167  0.0000
10.6233  0.0000  0.0167  -0.0167  0.0000
10.6283  0.0000  0.0167  -0.0167  0.0000
10.6334  0.0000  0.0167  -0.0167  0.0000
10.6397  0.0000  0.0167  -0.0167  0.0000
10.6448  0.0000  0.0167  -0.0167  0.0000
10.6499  0.0000  0.0167  -0.0167  0.0000
10.6573  0.0000  0.0167  -0.0167  0.0000
10.6625  0.0000  0.0166  -0.0166  0.0000
10.6690  0.0000  0.0166  -0.0166  0.0000
10.6746  0.0000  0.0166  -0.0166  0.0000
10.6801  0.0000  0.0166  -0.0166  0.0000
10.6864  0.0000  0.0166  -0.0166  0.0000
10.6917  0.0000  0.0166  -0.0166  0.0000
10.6968  0.0000  0.0166  -0.0166  0.0000
10.7020  0.0000  0.0166  -0.0166  0.0000
10.7074  0.0000  0.0166  -0.0166  0.0000
10.7136  0.0000  0.0166  -0.0166  0.0000
10.7186  0.0000  0.0166  -0.0166  0.0000
10.7239  0.0000  0.0166  -0.0166  0.0000
10.7290  0.0000  0.0166  -0.0166  0.0000
10.7344  0.0000  0.0166  -0.0166  0.0000
10.7395  0.0000  0.0166  -0.0166  0.0000
10.7447  0.0000  0.0166  -0.0166  0.0000
10.7498  0.0000  0.0166  -0.0166  0.0000
10.7550  0.0000  0.0166  -0.0166  0.0000
10.7601  0.0000  0.0166  -0.0166  0.0000
10.7658  0.0000  0.0166  -0.0166  0.0000
10.7710  0.0000  0.0166  -0.0166  0.0000
10.7762  0.0000  0.0166  -0.0166  0.0000
10.7816  0.0000  0.0166  -0.0166  0.0000
10.7869  0.0000  0.0166  -0.0166  0.0000
10.7919  0.0000  0.0166  -0.0166  0.0000
10.7968  0.0000  0.0165  -0.0165  0.0000
10.8016  0.0000  0.0165  -0.0165  0.0000
10.8065  0.0000  0.0165  -0.0165  0.0000
10.8115  0.0000  0.0166  -0.0166  0.0000
10.8163  0.0000  0.0165  -0.0165  0.0000
10.8212  0.0000  0.0165  -0.0165  0.0000
10.8268  0.0000  0.0164  -0.0164  0.0000
10.8317  0.0000  0.0165  -0.0165  0.0000
10.8367  0.0000  0.0165  -0.0165  0.0000
10.8417  0.0000  0.0165  -0.0165  0.0000
10.8465  0.0000  0.0165  -0.0165  0.0000
10.8513  0.0000  0.0165  -0.0165  0.0000
10.8562  0.0000  0.0165  -0.0165  0.0000
10.8610  0.0000  0.0165  -0.0165  0.0000
10.8660  0.0000  0.0165  -0.0165  0.0000
10.8708  0.0000  0.0165  -0.0165  0.0000
10.8758  0.0000  0.0165  -0.0165  0.0000
10.8807  0.0000  0.0165  -0.0165  0.0000
10.8858  0.0000  0.0165  -0.0165  0.0000
10.8908  0.0000  0.0165  -0.0165  0.0000
10.8956  0.0000  0.0165  -0.0165  0.0000
10.9005  0.0000  0.0165  -0.0165  0.0000
10.9054  0.0000  0.0165  -0.0165  0.0000
10.9126  0.0000  0.0165  -0.0165  0.0000
10.9182  0.0000  0.0165  -0.0165  0.0000
10.9240  0.0000  0.0165  -0.0165  0.0000
10.9295  0.0000  0.0165  -0.0165  0.0000
10.9348  0.0000  0.0165  -0.0165  0.0000
10.9399  0.0000  0.0165  -0.0165  0.0000
10.9452  0.0000  0.0165  -0.0165  0.0000
10.9504  0.0000  0.0165  -0.0165  0.0000
10.9555  0.0000  0.0165  -0.0165  0.0000
10.9606  0.0000  0.0165  -0.0165  0.0000
10.9658  0.0000  0.0165  -0.0165  0.0000
10.9708  0.0000  0.0165  -0.0165  0.0000
10.9760  0.0000  0.0164  -0.0164  0.0000
10.9811  0.0000  0.0164  -0.0164  0.0000
10.9871  0.0000  0.0164  -0.0164  0.0000
10.9922  0.0000  0.0164  -0.0164  0.0000
10.9974  0.0000  0.0164  -0.0164  0.0000
11.0024  0.0000  0.0164  -0.0164  0.0000
11.0076  0.0000  0.0164  -0.0164  0.0000
11.0126  0.0000  0.0163  -0.0163  0.0000
11.0181  0.0000  0.0164  -0.0164  0.0000
11.0221  0.0000  0.0163  -0.0163  0.0000
11.0273  0.0000  0.0163  -0.0163  0.0000
11.0346  0.0000  0.0163  -0.0163  0.0000
11.0445  0.0000  0.0163  -0.0163  0.0000
11.0497  0.0000  0.0163  -0.0163  0.0000
11.0556  0.0000  0.0163  -0.0163  0.0000
11.0613  0.0000  0.0163  -0.0163  0.0000
11.0682  0.0000  0.0163  -0.0163  0.0000
11.0738  0.0000  0.0163  -0.0163  0.0000
11.0793  0.0000  0.0163  -0.0163  0.0000
11.0850  0.0000  0.0164  -0.0164  0.0000
11.0906  0.0000  0.0163  -0.0163  0.0000
11.0961  0.0000  0.0163  -0.0163  0.0000
11.1016  0.0000  0.0163  -0.0163  0.0000
11.1069  0.0000  0.0163  -0.0163  0.0000
11.1120  0.0000  0.0163  -0.0163  0.0000
11.1171  0.0000  0.0163  -0.0163  0.0000
11.1245  0.0000  0.0164  -0.0164  0.0000
11.1296  0.0000  0.0164  -0.0164  0.0000
11.1348  0.0000  0.0164  -0.0164  0.0000
11.1409  0.0000  0.0164  -0.0164  0.0000
11.1460  0.0000  0.0163  -0.0163  0.0000
11.1516  0.0000  0.0163  -0.0163  0.0000
11.1574  0.0000  0.0163  -0.0163  0.0000
11.1625  0.0000  0.0163  -0.0163  0.0000
11.1713  0.0000  0.0163  -0.0163  0.0000
11.1768  0.0000  0.0163  -0.0163  0.0000
11.1822  0.0000  0.0163  -0.0163  0.0000
11.1870  0.0000  0.0163  -0.0163  0.0000
11.1921  0.0000  0.0163  -0.0163  0.0000
11.1973  0.0000  0.0163  -0.0163  0.0000
11.2024  0.0000  0.0163  -0.0163  0.0000
11.2077  0.0000  0.0163  -0.0163  0.0000
11.2129  0.0000  0.0163  -0.0163  0.0000
11.2182  0.0000  0.0163  -0.0163  0.0000
11.2234  0.0000  0.0163  -0.0163  0.0000
11.2288  0.0000  0.0163  -0.0163  0.0000
11.2347  0.0000  0.0163  -0.0163  0.0000
11.2398  0.0000  0.0163  -0.0163  0.0000
11.2451  0.0000  0.0163  -0.0163  0.0000
11.2505  0.0000  0.0163  -0.0163  0.0000
11.2557  0.0000  0.0163  -0.0163  0.0000
11.2610  0.0000  0.0163  -0.0163  0.0000
11.2663  0.0000  0.0163  -0.0163  0.0000
11.2718  0.0000  0.0163  -0.0163  0.0000
11.2770  0.0000  0.0163  -0.0163  0.0000
11.2823  0.0000  0.0163  -0.0163  0.0000
11.2875  0.0000  0.0163  -0.0163  0.0000
11.2927  0.0000  0.0163  -0.0163  0.0000
11.2982  0.0000  0.0163  -0.0163  0.0000
11.3035  0.0000  0.0163  -0.0163  0.0000
11.3095  0.0000  0.0163  -0.0163  0.0000
11.3159  0.0000  0.0163  -0.0163  0.0000
11.3213  0.0000  0.0163  -0.0163  0.0000
11.3265  0.0000  0.0163  -0.0163  0.0000
11.3339  0.0000  0.0163  -0.0163  0.0000
11.3399  0.0000  0.0163  -0.0163  0.0000
11.3461  0.0000  0.0163  -0.0163  0.0000
11.3513  0.0000  0.0163  -0.0163  0.0000
11.3564  0.0000  0.0163  -0.0163  0.0000
11.3614  0.0000  0.0162  -0.0162  0.0000
11.3664  0.0000  0.0162  -0.0162  0.0000
11.3714  0.0000  0.0162  -0.0162  0.0000
11.3763  0.0000  0.0162  -0.0162  0.0000
11.3812  0.0000  0.0162  -0.0162  0.0000
11.3867  0.0000  0.0162  -0.0162  0.0000
11.3917  0.0000  0.0162  -0.0162  0.0000
11.3968  0.0000  0.0162  -0.0162  0.0000
11.4017  0.0000  0.0162  -0.0162  0.0000
11.4066  0.0000  0.0162  -0.0162  0.0000
11.4115  0.0000  0.0162  -0.0162  0.0000
11.4163  0.0000  0.0162  -0.0162  0.0000
11.4228  0.0000  0.0162  -0.0162  0.0000
11.4292  0.0000  0.0162  -0.0162  0.0000
11.4346  0.0000  0.0162  -0.0162  0.0000
11.4397  0.0000  0.0162  -0.0162  0.0000
11.4464  0.0000  0.0162  -0.0162  0.0000
11.4513  0.0000  0.0162  -0.0162  0.0000
11.4561  0.0000  0.0162  -0.0162  0.0000
11.4610  0.0000  0.0162  -0.0162  0.0000
11.4669  0.0000  0.0162  -0.0162  0.0000
11.4720  0.0000  0.0162  -0.0162  0.0000
11.4768  0.0000  0.0162  -0.0162  0.0000
11.4816  0.0000  0.0162  -0.0162  0.0000
11.4866  0.0000  0.0162  -0.0162  0.0000
11.4916  0.0000  0.0162  -0.0162  0.0000
11.4964  0.0000  0.0162  -0.0162  0.0000
11.5013  0.0000  0.0162  -0.0162  0.0000
11.5067  0.0000  0.0162  -0.0162  0.0000
11.5126  0.0000  0.0162  -0.0162  0.0000
11.5183  0.0000  0.0162  -0.0162  0.0000
11.5232  0.0000  0.0162  -0.0162  0.0000
11.5283  0.0000  0.0162  -0.0162  0.0000
11.5354  0.0000  0.0162  -0.0162  0.0000
11.5445  0.0000  0.0162  -0.0162  0.0000
11.5509  0.0000  0.0162  -0.0162  0.0000
11.5558  0.0000  0.0162  -0.0162  0.0000
11.5606  0.0000  0.0162  -0.0162  0.0000
11.5658  0.0000  0.0162  -0.0162  0.0000
11.5719  0.0000  0.0162  -0.0162  0.0000
11.5767  0.0000  0.0162  -0.0162  0.0000
11.5816  0.0000  0.0161  -0.0161  0.0000
11.5870  0.0000  0.0161  -0.0161  0.0000
11.5918  0.0000  0.0160  -0.0160  0.0000
11.5966  0.0000  0.0161  -0.0161  0.0000
11.6016  0.0000  0.0160  -0.0160  0.0000
11.6064  0.0000  0.0160  -0.0160  0.0000
11.6112  0.0000  0.0161  -0.0161  0.0000
11.6160  0.0000  0.0160  -0.0160  0.0000
11.6208  0.0000  0.0161  -0.0161  0.0000
11.6279  0.0000  0.0161  -0.0161  0.0000
11.6327  0.0000  0.0160  -0.0160  0.0000
11.6377  0.0000  0.0160  -0.0160  0.0000
11.6436  0.0000  0.0160  -0.0160  0.0000
11.6487  0.0000  0.0160  -0.0160  0.0000
11.6536  0.0000  0.0160  -0.0160  0.0000
11.6584  0.0000  0.0160  -0.0160  0.0000
11.6643  0.0000  0.0160  -0.0160  0.0000
11.6698  0.0000  0.0161  -0.0161  0.0000
11.6770  0.0000  0.0160  -0.0160  0.0000
11.6822  0.0000  0.0160  -0.0160  0.0000
11.6875  0.0000  0.0160  -0.0160  0.0000
11.6924  0.0000  0.0160  -0.0160  0.0000
11.6972  0.0000  0.0160  -0.0160  0.0000
11.7021  0.0000  0.0160  -0.0160  0.0000
11.7072  0.0000  0.0160  -0.0160  0.0000
11.7122  0.0000  0.0160  -0.0160  0.0000
11.7170  0.0000  0.0160  -0.0160  0.0000
11.7218  0.0000  0.0160  -0.0160  0.0000
11.7267  0.0000  0.0160  -0.0160  0.0000
11.7316  0.0000  0.0160  -0.0160  0.0000
11.7366  0.0000  0.0160  -0.0160  0.0000
11.7414  0.0000  0.0160  -0.0160  0.0000
11.7462  0.0000  0.0160  -0.0160  0.0000
11.7511  0.0000  0.0160  -0.0160  0.0000
11.7559  0.0000  0.0160  -0.0160  0.0000
11.7610  0.0000  0.0160  -0.0160  0.0000
11.7660  0.0000  0.0159  -0.0159  0.0000
11.7708  0.0000  0.0159  -0.0159  0.0000
11.7757  0.0000  0.0159  -0.0159  0.0000
11.7805  0.0000  0.0160  -0.0160  0.0000
11.7865  0.0000  0.0159  -0.0159  0.0000
11.7914  0.0000  0.0160  -0.0160  0.0000
11.7963  0.0000  0.0160  -0.0160  0.0000
11.8013  0.0000  0.0160  -0.0160  0.0000
11.8062  0.0000  0.0160  -0.0160  0.0000
11.8111  0.0000  0.0160  -0.0160  0.0000
11.8159  0.0000  0.0160  -0.0160  0.0000
11.8208  0.0000  0.0160  -0.0160  0.0000
11.8258  0.0000  0.0160  -0.0160  0.0000
11.8308  0.0000  0.0160  -0.0160  0.0000
11.8357  0.0000  0.0160  -0.0160  0.0000
11.8407  0.0000  0.0160  -0.0160  0.0000
11.8458  0.0000  0.0160  -0.0160  0.0000
11.8507  0.0000  0.0160  -0.0160  0.0000
11.8555  0.0000  0.0160  -0.0160  0.0000
11.8604  0.0000  0.0160  -0.0160  0.0000
11.8654  0.0000  0.0160  -0.0160  0.0000
11.8703  0.0000  0.0160  -0.0160  0.0000
11.8751  0.0000  0.0160  -0.0160  0.0000
11.8799  0.0000  0.0159  -0.0159  0.0000
11.8857  0.0000  0.0159  -0.0159  0.0000
11.8906  0.0000  0.0159  -0.0159  0.0000
11.8955  0.0000  0.0159  -0.0159  0.0000
11.9003  0.0000  0.0159  -0.0159  0.0000
11.9061  0.0000  0.0159  -0.0159  0.0000
11.9110  0.0000  0.0159  -0.0159  0.0000
11.9160  0.0000  0.0159  -0.0159  0.0000
11.9212  0.0000  0.0159  -0.0159  0.0000
11.9262  0.0000  0.0159  -0.0159  0.0000
11.9321  0.0000  0.0159  -0.0159  0.0000
11.9373  0.0000  0.0159  -0.0159  0.0000
11.9425  0.0000  0.0159  -0.0159  0.0000
11.9479  0.0000  0.0159  -0.0159  0.0000
11.9531  0.0000  0.0159  -0.0159  0.0000
11.9583  0.0000  0.0159  -0.0159  0.0000
11.9636  0.0000  0.0159  -0.0159  0.0000
11.9689  0.0000  0.0159  -0.0159  0.0000
11.9739  0.0000  0.0159  -0.0159  0.0000
11.9788  0.0000  0.0159  -0.0159  0.0000
11.9838  0.0000  0.0159  -0.0159  0.0000
11.9886  0.0000  0.0159  -0.0159  0.0000
11.9935  0.0000  0.0159  -0.0159  0.0000
11.9983  0.0000  0.0159  -0.0159  0.0000
12.0033  0.0000  0.0159  -0.0159  0.0000
12.0083  0.0000  0.0159  -0.0159  0.0000
12.0131  0.0000  0.0159  -0.0159  0.0000
12.0181  0.0000  0.0159  -0.0159  0.0000
12.0230  0.0000  0.0159  -0.0159  0.0000
12.0289  0.0000  0.0159  -0.0159  0.0000
12.0363  0.0000  0.0159  -0.0159  0.0000
12.0453  0.0000  0.0159  -0.0159  0.0000
12.0504  0.0000  0.0159  -0.0159  0.0000
12.0557  0.0000  0.0159  -0.0159  0.0000
12.0606  0.0000  0.0159  -0.0159  0.0000
12.0655  0.0000  0.0159  -0.0159  0.0000
12.0708  0.0000  0.0158  -0.0158  0.0000
12.0761  0.0000  0.0158  -0.0158  0.0000
12.0813  0.0000  0.0158  -0.0158  0.0000
12.0867  0.0000  0.0158  -0.0158  0.0000
12.0918  0.0000  0.0158  -0.0158  0.0000
12.0969  0.0000  0.0158  -0.0158  0.0000
12.1021  0.0000  0.0158  -0.0158  0.0000
12.1073  0.0000  0.0158  -0.0158  0.0000
12.1125  0.0000  0.0158  -0.0158  0.0000
12.1177  0.0000  0.0158  -0.0158  0.0000
12.1229  0.0000  0.0158  -0.0158  0.0000
12.1303  0.0000  0.0158  -0.0158  0.0000
12.1358  0.0000  0.0158  -0.0158  0.0000
12.1409  0.0000  0.0158  -0.0158  0.0000
12.1479  0.0000  0.0158  -0.0158  0.0000
12.1533  0.0000  0.0158  -0.0158  0.0000
12.1590  0.0000  0.0158  -0.0158  0.0000
12.1643  0.0000  0.0158  -0.0158  0.0000
12.1709  0.0000  0.0158  -0.0158  0.0000
12.1766  0.0000  0.0158  -0.0158  0.0000
12.1844  0.0000  0.0158  -0.0158  0.0000
12.1906  0.0000  0.0158  -0.0158  0.0000
12.1974  0.0000  0.0158  -0.0158  0.0000
12.2074  0.0000  0.0158  -0.0158  0.0000
12.2130  0.0000  0.0158  -0.0158  0.0000
12.2186  0.0000  0.0157  -0.0157  0.0000
12.2238  0.0000  0.0158  -0.0158  0.0000
12.2288  0.0000  0.0158  -0.0158  0.0000
12.2337  0.0000  0.0158  -0.0158  0.0000
12.2387  0.0000  0.0158  -0.0158  0.0000
12.2439  0.0000  0.0158  -0.0158  0.0000
12.2489  0.0000  0.0158  -0.0158  0.0000
12.2538  0.0000  0.0158  -0.0158  0.0000
12.2587  0.0000  0.0158  -0.0158  0.0000
12.2636  0.0000  0.0158  -0.0158  0.0000
12.2694  0.0000  0.0158  -0.0158  0.0000
12.2742  0.0000  0.0158  -0.0158  0.0000
12.2792  0.0000  0.0157  -0.0157  0.0000
12.2842  0.0000  0.0157  -0.0157  0.0000
12.2896  0.0000  0.0157  -0.0157  0.0000
12.2948  0.0000  0.0157  -0.0157  0.0000
12.2999  0.0000  0.0157  -0.0157  0.0000
12.3051  0.0000  0.0157  -0.0157  0.0000
12.3103  0.0000  0.0157  -0.0157  0.0000
12.3155  0.0000  0.0157  -0.0157  0.0000
12.3205  0.0000  0.0157  -0.0157  0.0000
12.3259  0.0000  0.0157  -0.0157  0.0000
12.3309  0.0000  0.0157  -0.0157  0.0000
12.3360  0.0000  0.0157  -0.0157  0.0000
12.3411  0.0000  0.0157  -0.0157  0.0000
12.3462  0.0000  0.0157  -0.0157  0.0000
12.3513  0.0000  0.0157  -0.0157  0.0000
12.3562  0.0000  0.0157  -0.0157  0.0000
12.3616  0.0000  0.0157  -0.0157  0.0000
12.3666  0.0000  0.0157  -0.0157  0.0000
12.3717  0.0000  0.0157  -0.0157  0.0000
12.3768  0.0000  0.0157  -0.0157  0.0000
12.3819  0.0000  0.0157  -0.0157  0.0000
12.3882  0.0000  0.0157  -0.0157  0.0000
12.3933  0.0000  0.0157  -0.0157  0.0000
12.3984  0.0000  0.0157  -0.0157  0.0000
12.4036  0.0000  0.0157  -0.0157  0.0000
12.4092  0.0000  0.0157  -0.0157  0.0000
12.4141  0.0000  0.0157  -0.0157  0.0000
12.4188  0.0000  0.0157  -0.0157  0.0000
12.4239  0.0000  0.0158  -0.0158  0.0000
12.4289  0.0000  0.0157  -0.0157  0.0000
12.4365  0.0000  0.0157  -0.0157  0.0000
12.4416  0.0000  0.0158  -0.0158  0.0000
12.4482  0.0000  0.0158  -0.0158  0.0000
12.4537  0.0000  0.0157  -0.0157  0.0000
12.4588  0.0000  0.0157  -0.0157  0.0000
12.4640  0.0000  0.0157  -0.0157  0.0000
12.4693  0.0000  0.0157  -0.0157  0.0000
12.4741  0.0000  0.0157  -0.0157  0.0000
12.4790  0.0000  0.0157  -0.0157  0.0000
12.4844  0.0000  0.0157  -0.0157  0.0000
12.4897  0.0000  0.0157  -0.0157  0.0000
12.4954  0.0000  0.0157  -0.0157  0.0000
12.5007  0.0000  0.0157  -0.0157  0.0000
12.5062  0.0000  0.0157  -0.0157  0.0000
12.5113  0.0000  0.0157  -0.0157  0.0000
12.5169  0.0000  0.0157  -0.0157  0.0000
12.5220  0.0000  0.0157  -0.0157  0.0000
12.5278  0.0000  0.0157  -0.0157  0.0000
12.5332  0.0000  0.0157  -0.0157  0.0000
12.5406  0.0000  0.0157  -0.0157  0.0000
12.5503  0.0000  0.0157  -0.0157  0.0000
12.5562  0.0000  0.0157  -0.0157  0.0000
12.5615  0.0000  0.0156  -0.0156  0.0000
12.5670  0.0000  0.0157  -0.0157  0.0000
12.5724  0.0000  0.0157  -0.0157  0.0000
12.5776  0.0000  0.0157  -0.0157  0.0000
12.5829  0.0000  0.0157  -0.0157  0.0000
12.5886  0.0000  0.0157  -0.0157  0.0000
12.5943  0.0000  0.0157  -0.0157  0.0000
12.5999  0.0000  0.0157  -0.0157  0.0000
12.6059  0.0000  0.0157  -0.0157  0.0000
12.6116  0.0000  0.0157  -0.0157  0.0000
12.6172  0.0000  0.0157  -0.0157  0.0000
12.6229  0.0000  0.0156  -0.0156  0.0000
12.6287  0.0000  0.0156  -0.0156  0.0000
12.6369  0.0000  0.0156  -0.0156  0.0000
12.6426  0.0000  0.0156  -0.0156  0.0000
12.6496  0.0000  0.0156  -0.0156  0.0000
12.6553  0.0000  0.0156  -0.0156  0.0000
12.6610  0.0000  0.0156  -0.0156  0.0000
12.6667  0.0000  0.0156  -0.0156  0.0000
12.6726  0.0000  0.0156  -0.0156  0.0000
12.6783  0.0000  0.0156  -0.0156  0.0000
12.6832  0.0000  0.0156  -0.0156  0.0000
12.6926  0.0000  0.0156  -0.0156  0.0000
12.6987  0.0000  0.0156  -0.0156  0.0000
12.7050  0.0000  0.0156  -0.0156  0.0000
12.7111  0.0000  0.0156  -0.0156  0.0000
12.7168  0.0000  0.0155  -0.0155  0.0000
12.7225  0.0000  0.0155  -0.0155  0.0000
12.7284  0.0000  0.0156  -0.0156  0.0000
12.7345  0.0000  0.0156  -0.0156  0.0000
12.7403  0.0000  0.0156  -0.0156  0.0000
12.7461  0.0000  0.0156  -0.0156  0.0000
12.7510  0.0000  0.0156  -0.0156  0.0000
12.7566  0.0000  0.0156  -0.0156  0.0000
12.7625  0.0000  0.0156  -0.0156  0.0000
12.7682  0.0000  0.0156  -0.0156  0.0000
12.7739  0.0000  0.0156  -0.0156  0.0000
12.7798  0.0000  0.0156  -0.0156  0.0000
12.7860  0.0000  0.0156  -0.0156  0.0000
12.7918  0.0000  0.0156  -0.0156  0.0000
12.7976  0.0000  0.0156  -0.0156  0.0000
12.8033  0.0000  0.0156  -0.0156  0.0000
12.8092  0.0000  0.0156  -0.0156  0.0000
12.8151  0.0000  0.0156  -0.0156  0.0000
12.8209  0.0000  0.0156  -0.0156  0.0000
12.8267  0.0000  0.0156  -0.0156  0.0000
12.8324  0.0000  0.0156  -0.0156  0.0000
12.8383  0.0000  0.0156  -0.0156  0.0000
12.8442  0.0000  0.0156  -0.0156  0.0000
12.8503  0.0000  0.0156  -0.0156  0.0000
12.8563  0.0000  0.0156  -0.0156  0.0000
12.8622  0.0000  0.0156  -0.0156  0.0000
12.8682  0.0000  0.0156  -0.0156  0.0000
12.8742  0.0000  0.0156  -0.0156  0.0000
12.8800  0.0000  0.0156  -0.0156  0.0000
12.8863  0.0000  0.0156  -0.0156  0.0000
12.8924  0.0000  0.0155  -0.0155  0.0000
12.8984  0.0000  0.0155  -0.0155  0.0000
12.9043  0.0000  0.0155  -0.0155  0.0000
12.9102  0.0000  0.0155  -0.0155  0.0000
12.9163  0.0000  0.0155  -0.0155  0.0000
12.9221  0.0000  0.0155  -0.0155  0.0000
12.9284  0.0000  0.0155  -0.0155  0.0000
12.9346  0.0000  0.0155  -0.0155  0.0000
12.9405  0.0000  0.0155  -0.0155  0.0000
12.9483  0.0000  0.0155  -0.0155  0.0000
12.9551  0.0000  0.0155  -0.0155  0.0000
12.9614  0.0000  0.0155  -0.0155  0.0000
12.9667  0.0000  0.0155  -0.0155  0.0000
12.9728  0.0000  0.0155  -0.0155  0.0000
12.9787  0.0000  0.0155  -0.0155  0.0000
12.9848  0.0000  0.0155  -0.0155  0.0000
12.9920  0.0000  0.0155  -0.0155  0.0000
12.9978  0.0000  0.0155  -0.0155  0.0000
13.0039  0.0000  0.0155  -0.0155  0.0000
13.0099  0.0000  0.0155  -0.0155  0.0000
13.0160  0.0000  0.0155  -0.0155  0.0000
13.0219  0.0000  0.0155  -0.0155  0.0000
13.0278  0.0000  0.0155  -0.0155  0.0000
13.0334  0.0000  0.0155  -0.0155  0.0000
13.0419  0.0000  0.0155  -0.0155  0.0000
13.0526  0.0000  0.0155  -0.0155  0.0000
13.0589  0.0000  0.0155  -0.0155  0.0000
13.0648  0.0000  0.0155  -0.0155  0.0000
13.0715  0.0000  0.0155  -0.0155  0.0000
13.0772  0.0000  0.0155  -0.0155  0.0000
13.0829  0.0000  0.0155  -0.0155  0.0000
13.0890  0.0000  0.0155  -0.0155  0.0000
13.0943  0.0000  0.0155  -0.0155  0.0000
13.0996  0.0000  0.0154  -0.0154  0.0000
13.1074  0.0000  0.0154  -0.0154  0.0000
13.1128  0.0000  0.0154  -0.0154  0.0000
13.1182  0.0000  0.0154  -0.0154  0.0000
13.1263  0.0000  0.0154  -0.0154  0.0000
13.1321  0.0000  0.0154  -0.0154  0.0000
13.1406  0.0000  0.0154  -0.0154  0.0000
13.1461  0.0000  0.0154  -0.0154  0.0000
13.1523  0.0000  0.0154  -0.0154  0.0000
13.1575  0.0000  0.0154  -0.0154  0.0000
13.1626  0.0000  0.0154  -0.0154  0.0000
13.1681  0.0000  0.0154  -0.0154  0.0000
13.1736  0.0000  0.0154  -0.0154  0.0000
13.1791  0.0000  0.0154  -0.0154  0.0000
13.1847  0.0000  0.0154  -0.0154  0.0000
13.1905  0.0000  0.0155  -0.0155  0.0000
13.1960  0.0000  0.0154  -0.0154  0.0000
13.2029  0.0000  0.0154  -0.0154  0.0000
13.2090  0.0000  0.0153  -0.0153  0.0000
13.2153  0.0000  0.0154  -0.0154  0.0000
13.2210  0.0000  0.0154  -0.0154  0.0000
13.2276  0.0000  0.0154  -0.0154  0.0000
13.2335  0.0000  0.0154  -0.0154  0.0000
13.2385  0.0000  0.0154  -0.0154  0.0000
13.2441  0.0000  0.0154  -0.0154  0.0000
13.2494  0.0000  0.0154  -0.0154  0.0000
13.2547  0.0000  0.0154  -0.0154  0.0000
13.2598  0.0000  0.0154  -0.0154  0.0000
13.2650  0.0000  0.0154  -0.0154  0.0000
13.2703  0.0000  0.0154  -0.0154  0.0000
13.2754  0.0000  0.0154  -0.0154  0.0000
13.2805  0.0000  0.0154  -0.0154  0.0000
13.2858  0.0000  0.0154  -0.0154  0.0000
13.2909  0.0000  0.0154  -0.0154  0.0000
13.2960  0.0000  0.0154  -0.0154  0.0000
13.3012  0.0000  0.0154  -0.0154  0.0000
13.3063  0.0000  0.0154  -0.0154  0.0000
13.3114  0.0000  0.0154  -0.0154  0.0000
13.3165  0.0000  0.0154  -0.0154  0.0000
13.3216  0.0000  0.0154  -0.0154  0.0000
13.3270  0.0000  0.0154  -0.0154  0.0000
13.3318  0.0000  0.0153  -0.0153  0.0000
13.3366  0.0000  0.0153  -0.0153  0.0000
13.3414  0.0000  0.0153  -0.0153  0.0000
13.3469  0.0000  0.0153  -0.0153  0.0000
13.3517  0.0000  0.0153  -0.0153  0.0000
13.3564  0.0000  0.0153  -0.0153  0.0000
13.3614  0.0000  0.0153  -0.0153  0.0000
13.3661  0.0000  0.0153  -0.0153  0.0000
13.3710  0.0000  0.0153  -0.0153  0.0000
13.3759  0.0000  0.0153  -0.0153  0.0000
13.3807  0.0000  0.0153  -0.0153  0.0000
13.3857  0.0000  0.0153  -0.0153  0.0000
13.3905  0.0000  0.0153  -0.0153  0.0000
13.3954  0.0000  0.0153  -0.0153  0.0000
13.4002  0.0000  0.0153  -0.0153  0.0000
13.4052  0.0000  0.0152  -0.0152  0.0000
13.4102  0.0000  0.0152  -0.0152  0.0000
13.4150  0.0000  0.0152  -0.0152  0.0000
13.4197  0.0000  0.0152  -0.0152  0.0000
13.4246  0.0000  0.0152  -0.0152  0.0000
13.4293  0.0000  0.0152  -0.0152  0.0000
13.4342  0.0000  0.0152  -0.0152  0.0000
13.4393  0.0000  0.0152  -0.0152  0.0000
13.4449  0.0000  0.0152  -0.0152  0.0000
13.4508  0.0000  0.0152  -0.0152  0.0000
13.4571  0.0000  0.0152  -0.0152  0.0000
13.4622  0.0000  0.0152  -0.0152  0.0000
13.4672  0.0000  0.0152  -0.0152  0.0000
13.4721  0.0000  0.0152  -0.0152  0.0000
13.4771  0.0000  0.0152  -0.0152  0.0000
13.4819  0.0000  0.0152  -0.0152  0.0000
13.4869  0.0000  0.0152  -0.0152  0.0000
13.4918  0.0000  0.0152  -0.0152  0.0000
13.4966  0.0000  0.0152  -0.0152  0.0000
13.5014  0.0000  0.0152  -0.0152  0.0000
13.5062  0.0000  0.0152  -0.0152  0.0000
13.5114  0.0000  0.0152  -0.0152  0.0000
13.5170  0.0000  0.0152  -0.0152  0.0000
13.5226  0.0000  0.0152  -0.0152  0.0000
13.5280  0.0000  0.0152  -0.0152  0.0000
13.5328  0.0000  0.0152  -0.0152  0.0000
13.5378  0.0000  0.0152  -0.0152  0.0000
13.5449  0.0000  0.0152  -0.0152  0.0000
13.5538  0.0000  0.0152  -0.0152  0.0000
13.5587  0.0000  0.0152  -0.0152  0.0000
13.5642  0.0000  0.0152  -0.0152  0.0000
13.5692  0.0000  0.0152  -0.0152  0.0000
13.5741  0.0000  0.0152  -0.0152  0.0000
13.5789  0.0000  0.0152  -0.0152  0.0000
13.5850  0.0000  0.0152  -0.0152  0.0000
13.5898  0.0000  0.0152  -0.0152  0.0000
13.5948  0.0000  0.0152  -0.0152  0.0000
13.5997  0.0000  0.0152  -0.0152  0.0000
13.6046  0.0000  0.0152  -0.0152  0.0000
13.6095  0.0000  0.0152  -0.0152  0.0000
13.6145  0.0000  0.0152  -0.0152  0.0000
13.6194  0.0000  0.0152  -0.0152  0.0000
13.6244  0.0000  0.0152  -0.0152  0.0000
13.6294  0.0000  0.0152  -0.0152  0.0000
13.6346  0.0000  0.0151  -0.0151  0.0000
13.6405  0.0000  0.0151  -0.0151  0.0000
13.6479  0.0000  0.0151  -0.0151  0.0000
13.6539  0.0000  0.0151  -0.0151  0.0000
13.6588  0.0000  0.0151  -0.0151  0.0000
13.6637  0.0000  0.0151  -0.0151  0.0000
13.6686  0.0000  0.0151  -0.0151  0.0000
13.6735  0.0000  0.0151  -0.0151  0.0000
13.6783  0.0000  0.0151  -0.0151  0.0000
13.6832  0.0000  0.0151  -0.0151  0.0000
13.6883  0.0000  0.0151  -0.0151  0.0000
13.6933  0.0000  0.0151  -0.0151  0.0000
13.6981  0.0000  0.0151  -0.0151  0.0000
13.7030  0.0000  0.0151  -0.0151  0.0000
13.7109  0.0000  0.0151  -0.0151  0.0000
13.7163  0.0000  0.0151  -0.0151  0.0000
13.7223  0.0000  0.0151  -0.0151  0.0000
13.7280  0.0000  0.0151  -0.0151  0.0000
13.7329  0.0000  0.0151  -0.0151  0.0000
13.7379  0.0000  0.0151  -0.0151  0.0000
13.7427  0.0000  0.0151  -0.0151  0.0000
13.7476  0.0000  0.0151  -0.0151  0.0000
13.7525  0.0000  0.0151  -0.0151  0.0000
13.7574  0.0000  0.0151  -0.0151  0.0000
13.7622  0.0000  0.0151  -0.0151  0.0000
13.7671  0.0000  0.0150  -0.0150  0.0000
13.7720  0.0000  0.0150  -0.0150  0.0000
13.7768  0.0000  0.0151  -0.0151  0.0000
13.7816  0.0000  0.0151  -0.0151  0.0000
13.7865  0.0000  0.0151  -0.0151  0.0000
13.7913  0.0000  0.0151  -0.0151  0.0000
13.7961  0.0000  0.0151  -0.0151  0.0000
13.8012  0.0000  0.0151  -0.0151  0.0000
13.8061  0.0000  0.0150  -0.0150  0.0000
13.8110  0.0000  0.0150  -0.0150  0.0000
13.8158  0.0000  0.0150  -0.0150  0.0000
13.8207  0.0000  0.0150  -0.0150  0.0000
13.8255  0.0000  0.0150  -0.0150  0.0000
13.8312  0.0000  0.0150  -0.0150  0.0000
13.8364  0.0000  0.0150  -0.0150  0.0000
13.8414  0.0000  0.0150  -0.0150  0.0000
13.8461  0.0000  0.0150  -0.0150  0.0000
13.8510  0.0000  0.0150  -0.0150  0.0000
13.8557  0.0000  0.0150  -0.0150  0.0000
13.8604  0.0000  0.0150  -0.0150  0.0000
13.8652  0.0000  0.0150  -0.0150  0.0000
13.8701  0.0000  0.0150  -0.0150  0.0000
13.8750  0.0000  0.0150  -0.0150  0.0000
13.8796  0.0000  0.0150  -0.0150  0.0000
13.8844  0.0000  0.0150  -0.0150  0.0000
13.8894  0.0000  0.0150  -0.0150  0.0000
13.8943  0.0000  0.0150  -0.0150  0.0000
13.8991  0.0000  0.0150  -0.0150  0.0000
13.9040  0.0000  0.0150  -0.0150  0.0000
13.9092  0.0000  0.0149  -0.0149  0.0000
13.9141  0.0000  0.0149  -0.0149  0.0000
13.9189  0.0000  0.0149  -0.0149  0.0000
13.9237  0.0000  0.0149  -0.0149  0.0000
13.9287  0.0000  0.0149  -0.0149  0.0000
13.9336  0.0000  0.0148  -0.0148  0.0000
13.9397  0.0000  0.0149  -0.0149  0.0000
13.9489  0.0000  0.0149  -0.0149  0.0000
13.9549  0.0000  0.0149  -0.0149  0.0000
13.9639  0.0000  0.0149  -0.0149  0.0000
13.9701  0.0000  0.0148  -0.0148  0.0000
13.9757  0.0000  0.0148  -0.0148  0.0000
13.9807  0.0000  0.0148  -0.0148  0.0000
13.9856  0.0000  0.0148  -0.0148  0.0000
13.9905  0.0000  0.0148  -0.0148  0.0000
13.9955  0.0000  0.0148  -0.0148  0.0000
14.0002  0.0000  0.0148  -0.0148  0.0000
14.0051  0.0000  0.0148  -0.0148  0.0000
14.0101  0.0000  0.0148  -0.0148  0.0000
14.0150  0.0000  0.0148  -0.0148  0.0000
14.0246  0.0000  0.0148  -0.0148  0.0000
14.0294  0.0000  0.0148  -0.0148  0.0000
14.0342  0.0000  0.0148  -0.0148  0.0000
14.0392  0.0000  0.0148  -0.0148  0.0000
14.0463  0.0000  0.0148  -0.0148  0.0000
14.0553  0.0000  0.0148  -0.0148  0.0000
14.0607  0.0000  0.0148  -0.0148  0.0000
14.0674  0.0000  0.0148  -0.0148  0.0000
14.0722  0.0000  0.0148  -0.0148  0.0000
14.0771  0.0000  0.0148  -0.0148  0.0000
14.0817  0.0000  0.0147  -0.0147  0.0000
14.0866  0.0000  0.0147  -0.0147  0.0000
14.0915  0.0000  0.0147  -0.0147  0.0000
14.0963  0.0000  0.0147  -0.0147  0.0000
14.1011  0.0000  0.0147  -0.0147  0.0000
14.1061  0.0000  0.0147  -0.0147  0.0000
14.1111  0.0000  0.0147  -0.0147  0.0000
14.1159  0.0000  0.0147  -0.0147  0.0000
