0.0282  0.0000  -0.0007  0.0007  0.0000
0.0351  0.0000  -0.0007  0.0007  0.0000
0.0415  0.0000  -0.0007  0.0007  0.0000
0.0480  0.0000  -0.0007  0.0007  0.0000
0.0541  0.0000  -0.0007  0.0007  0.0000
0.0606  0.0000  -0.0007  0.0007  0.0000
0.0671  0.0000  -0.0007  0.0007  0.0000
0.0735  0.0000  -0.0006  0.0006  0.0000
0.0799  0.0000  -0.0007  0.0007  0.0000
0.0864  0.0000  -0.0007  0.0007  0.0000
0.0942  0.0000  -0.0007  0.0007  0.0000
0.1009  0.0000  -0.0007  0.0007  0.0000
0.1075  0.0000  -0.0007  0.0007  0.0000
0.1144  0.0000  -0.0007  0.0007  0.0000
0.1203  0.0000  -0.0007  0.0007  0.0000
0.1260  0.0000  -0.0007  0.0007  0.0000
0.1320  0.0000  -0.0007  0.0007  0.0000
0.1377  0.0000  -0.0007  0.0007  0.0000
0.1438  0.0000  -0.0007  0.0007  0.0000
0.1496  0.0000  -0.0007  0.0007  0.0000
0.1543  0.0000  -0.0007  0.0007  0.0000
0.1597  0.0000  -0.0007  0.0007  0.0000
0.1651  0.0000  -0.0007  0.0007  0.0000
0.1705  0.0000  -0.0007  0.0007  0.0000
0.1760  0.0000  -0.0007  0.0007  0.0000
0.1816  0.0000  -0.0007  0.0007  0.0000
0.1869  0.0000  -0.0007  0.0007  0.0000
0.1924  0.0000  -0.0007  0.0007  0.0000
0.1987  0.0000  -0.0006  0.0006  0.0000
0.2049  0.0000  -0.0006  0.0006  0.0000
0.2116  0.0000  -0.0006  0.0006  0.0000
0.2187  0.0000  -0.0006  0.0006  0.0000
0.2241  0.0000  -0.0006  0.0006  0.0000
0.2294  0.0000  -0.0006  0.0006  0.0000
0.2348  0.0000  -0.0006  0.0006  0.0000
0.2402  0.0000  -0.0006  0.0006  0.0000
0.2457  0.0000  -0.0006  0.0006  0.0000
0.2512  0.0000  -0.0006  0.0006  0.0000
0.2594  0.0000  -0.0006  0.0006  0.0000
0.2652  0.0000  -0.0006  0.0006  0.0000
0.2708  0.0000  -0.0006  0.0006  0.0000
0.2764  0.0000  -0.0007  0.0007  0.0000
0.2819  0.0000  -0.0007  0.0007  0.0000
0.2872  0.0000  -0.0007  0.0007  0.0000
0.2927  0.0000  -0.0007  0.0007  0.0000
0.2984  0.0000  -0.0007  0.0007  0.0000
0.3042  0.0000  -0.0007  0.0007  0.0000
0.3140  0.0000  -0.0007  0.0007  0.0000
0.3201  0.0000  -0.0006  0.0006  0.0000
0.3261  0.0000  -0.0006  0.0006  0.0000
0.3323  0.0000  -0.0007  0.0007  0.0000
0.3381  0.0000  -0.0006  0.0006  0.0000
0.3439  0.0000  -0.0006  0.0006  0.0000
0.3507  0.0000  -0.0007  0.0007  0.0000
0.3555  0.0000  -0.0006  0.0006  0.0000
0.3610  0.0000  -0.0006  0.0006  0.0000
0.3667  0.0000  -0.0006  0.0006  0.0000
0.3724  0.0000  -0.0006  0.0006  0.0000
0.3779  0.0000  -0.0006  0.0006  0.0000
0.3836  0.0000  -0.0006  0.0006  0.0000
0.3892  0.0000  -0.0007  0.0007  0.0000
0.3951  0.0000  -0.0007  0.0007  0.0000
0.4015  0.0000  -0.0007  0.0007  0.0000
0.4078  0.0000  -0.0007  0.0007  0.0000
0.4133  0.0000  -0.0007  0.0007  0.0000
0.4190  0.0000  -0.0007  0.0007  0.0000
0.4246  0.0000  -0.0007  0.0007  0.0000
0.4304  0.0000  -0.0007  0.0007  0.0000
0.4393  0.0000  -0.0007  0.0007  0.0000
0.4457  0.0000  -0.0008  0.0008  0.0000
0.4527  0.0000  -0.0008  0.0008  0.0000
0.4586  0.0000  -0.0007  0.0007  0.0000
0.4640  0.0000  -0.0007  0.0007  0.0000
0.4694  0.0000  -0.0007  0.0007  0.0000
0.4744  0.0000  -0.0007  0.0007  0.0000
0.4795  0.0000  -0.0007  0.0007  0.0000
0.4845  0.0000  -0.0007  0.0007  0.0000
0.4894  0.0000  -0.0007  0.0007  0.0000
0.4943  0.0000  -0.0007  0.0007  0.0000
0.4998  0.0000  -0.0007  0.0007  0.0000
0.5046  0.0000  -0.0007  0.0007  0.0000
0.5111  0.0000  -0.0007  0.0007  0.0000
0.5161  0.0000  -0.0007  0.0007  0.0000
0.5305  0.0000  -0.0007  0.0007  0.0000
0.5356  0.0000  -0.0007  0.0007  0.0000
0.5410  0.0000  -0.0007  0.0007  0.0000
0.5462  0.0000  -0.0007  0.0007  0.0000
0.5517  0.0000  -0.0007  0.0007  0.0000
0.5569  0.0000  -0.0007  0.0007  0.0000
0.5622  0.0000  -0.0007  0.0007  0.0000
0.5673  0.0000  -0.0007  0.0007  0.0000
0.5725  0.0000  -0.0006  0.0006  0.0000
0.5778  0.0000  -0.0006  0.0006  0.0000
0.5832  0.0000  -0.0006  0.0006  0.0000
0.5884  0.0000  -0.0006  0.0006  0.0000
0.5939  0.0000  -0.0007  0.0007  0.0000
0.5995  0.0000  -0.0007  0.0007  0.0000
0.6051  0.0000  -0.0007  0.0007  0.0000
0.6109  0.0000  -0.0007  0.0007  0.0000
0.6167  0.0000  -0.0007  0.0007  0.0000
0.6223  0.0000  -0.0007  0.0007  0.0000
0.6280  0.0000  -0.0007  0.0007  0.0000
0.6336  0.0000  -0.0007  0.0007  0.0000
0.6394  0.0000  -0.0007  0.0007  0.0000
0.6451  0.0000  -0.0008  0.0008  0.0000
0.6507  0.0000  -0.0007  0.0007  0.0000
0.6564  0.0000  -0.0007  0.0007  0.0000
0.6622  0.0000  -0.0007  0.0007  0.0000
0.6678  0.0000  -0.0007  0.0007  0.0000
0.6737  0.0000  -0.0006  0.0006  0.0000
0.6803  0.0000  -0.0007  0.0007  0.0000
0.6865  0.0000  -0.0007  0.0007  0.0000
0.6927  0.0000  -0.0007  0.0007  0.0000
0.6983  0.0000  -0.0007  0.0007  0.0000
0.7044  0.0000  -0.0007  0.0007  0.0000
0.7106  0.0000  -0.0007  0.0007  0.0000
0.7175  0.0000  -0.0007  0.0007  0.0000
0.7232  0.0000  -0.0006  0.0006  0.0000
0.7289  0.0000  -0.0006  0.0006  0.0000
0.7349  0.0000  -0.0006  0.0006  0.0000
0.7415  0.0000  -0.0006  0.0006  0.0000
0.7476  0.0000  -0.0006  0.0006  0.0000
0.7533  0.0000  -0.0006  0.0006  0.0000
0.7577  0.0000  -0.0006  0.0006  0.0000
0.7655  0.0000  -0.0006  0.0006  0.0000
0.7717  0.0000  -0.0007  0.0007  0.0000
0.7791  0.0000  -0.0007  0.0007  0.0000
0.7852  0.0000  -0.0007  0.0007  0.0000
0.7910  0.0000  -0.0007  0.0007  0.0000
0.7974  0.0000  -0.0007  0.0007  0.0000
0.8031  0.0000  -0.0007  0.0007  0.0000
0.8086  0.0000  -0.0007  0.0007  0.0000
0.8149  0.0000  -0.0007  0.0007  0.0000
0.8204  0.0000  -0.0006  0.0006  0.0000
0.8257  0.0000  -0.0006  0.0006  0.0000
0.8310  0.0000  -0.0006  0.0006  0.0000
0.8365  0.0000  -0.0006  0.0006  0.0000
0.8419  0.0000  -0.0006  0.0006  0.0000
0.8473  0.0000  -0.0006  0.0006  0.0000
0.8526  0.0000  -0.0007  0.0007  0.0000
0.8579  0.0000  -0.0007  0.0007  0.0000
0.8632  0.0000  -0.0007  0.0007  0.0000
0.8686  0.0000  -0.0007  0.0007  0.0000
0.8742  0.0000  -0.0007  0.0007  0.0000
0.8796  0.0000  -0.0007  0.0007  0.0000
0.8850  0.0000  -0.0007  0.0007  0.0000
0.8903  0.0000  -0.0007  0.0007  0.0000
0.8957  0.0000  -0.0007  0.0007  0.0000
0.9010  0.0000  -0.0006  0.0006  0.0000
0.9064  0.0000  -0.0007  0.0007  0.0000
0.9121  0.0000  -0.0007  0.0007  0.0000
0.9174  0.0000  -0.0007  0.0007  0.0000
0.9231  0.0000  -0.0007  0.0007  0.0000
0.9284  0.0000  -0.0007  0.0007  0.0000
0.9345  0.0000  -0.0007  0.0007  0.0000
0.9406  0.0000  -0.0007  0.0007  0.0000
0.9463  0.0000  -0.0007  0.0007  0.0000
0.9520  0.0000  -0.0007  0.0007  0.0000
0.9581  0.0000  -0.0006  0.0006  0.0000
0.9635  0.0000  -0.0007  0.0007  0.0000
0.9690  0.0000  -0.0007  0.0007  0.0000
0.9749  0.0000  -0.0007  0.0007  0.0000
0.9800  0.0000  -0.0007  0.0007  0.0000
0.9853  0.0000  -0.0007  0.0007  0.0000
0.9904  0.0000  -0.0006  0.0006  0.0000
0.9955  0.0000  -0.0007  0.0007  0.0000
1.0011  0.0000  -0.0007  0.0007  0.0000
1.0062  0.0000  -0.0007  0.0007  0.0000
1.0113  0.0000  -0.0007  0.0007  0.0000
1.0182  0.0000  -0.0007  0.0007  0.0000
1.0333  0.0000  -0.0007  0.0007  0.0000
1.0385  0.0000  -0.0007  0.0007  0.0000
1.0435  0.0000  -0.0007  0.0007  0.0000
1.0486  0.0000  -0.0006  0.0006  0.0000
1.0543  0.0000  -0.0006  0.0006  0.0000
1.0594  0.0000  -0.0006  0.0006  0.0000
1.0645  0.0000  -0.0006  0.0006  0.0000
1.0696  0.0000  -0.0006  0.0006  0.0000
1.0748  0.0000  -0.0006  0.0006  0.0000
1.0800  0.0000  -0.0006  0.0006  0.0000
1.0851  0.0000  -0.0006  0.0006  0.0000
1.0906  0.0000  -0.0006  0.0006  0.0000
1.0958  0.0000  -0.0006  0.0006  0.0000
1.1009  0.0000  -0.0006  0.0006  0.0000
1.1061  0.0000  -0.0006  0.0006  0.0000
1.1112  0.0000  -0.0006  0.0006  0.0000
1.1164  0.0000  -0.0006  0.0006  0.0000
1.1216  0.0000  -0.0006  0.0006  0.0000
1.1267  0.0000  -0.0006  0.0006  0.0000
1.1318  0.0000  -0.0006  0.0006  0.0000
1.1369  0.0000  -0.0006  0.0006  0.0000
1.1420  0.0000  -0.0006  0.0006  0.0000
1.1471  0.0000  -0.0006  0.0006  0.0000
1.1523  0.0000  -0.0006  0.0006  0.0000
1.1573  0.0000  -0.0006  0.0006  0.0000
1.1625  0.0000  -0.0006  0.0006  0.0000
1.1675  0.0000  -0.0006  0.0006  0.0000
1.1726  0.0000  -0.0006  0.0006  0.0000
1.1768  0.0000  -0.0006  0.0006  0.0000
1.1821  0.0000  -0.0006  0.0006  0.0000
1.1872  0.0000  -0.0006  0.0006  0.0000
1.1924  0.0000  -0.0007  0.0007  0.0000
1.1987  0.0000  -0.0007  0.0007  0.0000
1.2040  0.0000  -0.0007  0.0007  0.0000
1.2094  0.0000  -0.0006  0.0006  0.0000
1.2153  0.0000  -0.0006  0.0006  0.0000
1.2208  0.0000  -0.0006  0.0006  0.0000
1.2263  0.0000  -0.0006  0.0006  0.0000
1.2317  0.0000  -0.0006  0.0006  0.0000
1.2371  0.0000  -0.0007  0.0007  0.0000
1.2426  0.0000  -0.0007  0.0007  0.0000
1.2480  0.0000  -0.0007  0.0007  0.0000
1.2535  0.0000  -0.0006  0.0006  0.0000
1.2587  0.0000  -0.0007  0.0007  0.0000
1.2646  0.0000  -0.0007  0.0007  0.0000
1.2719  0.0000  -0.0006  0.0006  0.0000
1.2775  0.0000  -0.0006  0.0006  0.0000
1.2829  0.0000  -0.0006  0.0006  0.0000
1.2884  0.0000  -0.0006  0.0006  0.0000
1.2938  0.0000  -0.0006  0.0006  0.0000
1.2998  0.0000  -0.0006  0.0006  0.0000
1.3049  0.0000  -0.0006  0.0006  0.0000
1.3102  0.0000  -0.0006  0.0006  0.0000
1.3148  0.0000  -0.0006  0.0006  0.0000
1.3211  0.0000  -0.0006  0.0006  0.0000
1.3269  0.0000  -0.0006  0.0006  0.0000
1.3328  0.0000  -0.0006  0.0006  0.0000
1.3385  0.0000  -0.0006  0.0006  0.0000
1.3439  0.0000  -0.0006  0.0006  0.0000
1.3493  0.0000  -0.0006  0.0006  0.0000
1.3548  0.0000  -0.0006  0.0006  0.0000
1.3607  0.0000  -0.0006  0.0006  0.0000
1.3664  0.0000  -0.0006  0.0006  0.0000
1.3720  0.0000  -0.0007  0.0007  0.0000
1.3775  0.0000  -0.0007  0.0007  0.0000
1.3831  0.0000  -0.0007  0.0007  0.0000
1.3874  0.0000  -0.0007  0.0007  0.0000
1.3932  0.0000  -0.0007  0.0007  0.0000
1.3986  0.0000  -0.0007  0.0007  0.0000
1.4041  0.0000  -0.0007  0.0007  0.0000
1.4117  0.0000  -0.0007  0.0007  0.0000
1.4171  0.0000  -0.0007  0.0007  0.0000
1.4227  0.0000  -0.0007  0.0007  0.0000
1.4282  0.0000  -0.0007  0.0007  0.0000
1.4339  0.0000  -0.0007  0.0007  0.0000
1.4435  0.0000  -0.0008  0.0008  0.0000
1.4497  0.0000  -0.0008  0.0008  0.0000
1.4583  0.0000  -0.0007  0.0007  0.0000
1.4684  0.0000  -0.0007  0.0007  0.0000
1.4743  0.0000  -0.0007  0.0007  0.0000
1.4812  0.0000  -0.0007  0.0007  0.0000
1.4872  0.0000  -0.0007  0.0007  0.0000
1.4939  0.0000  -0.0007  0.0007  0.0000
1.4993  0.0000  -0.0007  0.0007  0.0000
1.5055  0.0000  -0.0007  0.0007  0.0000
1.5110  0.0000  -0.0007  0.0007  0.0000
1.5164  0.0000  -0.0007  0.0007  0.0000
1.5239  0.0000  -0.0007  0.0007  0.0000
1.5385  0.0000  -0.0007  0.0007  0.0000
1.5439  0.0000  -0.0007  0.0007  0.0000
1.5491  0.0000  -0.0007  0.0007  0.0000
1.5545  0.0000  -0.0007  0.0007  0.0000
1.5596  0.0000  -0.0007  0.0007  0.0000
1.5648  0.0000  -0.0007  0.0007  0.0000
1.5699  0.0000  -0.0007  0.0007  0.0000
1.5752  0.0000  -0.0007  0.0007  0.0000
1.5804  0.0000  -0.0007  0.0007  0.0000
1.5856  0.0000  -0.0007  0.0007  0.0000
1.5907  0.0000  -0.0007  0.0007  0.0000
1.5959  0.0000  -0.0007  0.0007  0.0000
1.6012  0.0000  -0.0007  0.0007  0.0000
1.6063  0.0000  -0.0008  0.0008  0.0000
1.6115  0.0000  -0.0007  0.0007  0.0000
1.6169  0.0000  -0.0008  0.0008  0.0000
1.6224  0.0000  -0.0008  0.0008  0.0000
1.6275  0.0000  -0.0007  0.0007  0.0000
1.6331  0.0000  -0.0007  0.0007  0.0000
1.6385  0.0000  -0.0007  0.0007  0.0000
1.6437  0.0000  -0.0008  0.0008  0.0000
1.6486  0.0000  -0.0008  0.0008  0.0000
1.6540  0.0000  -0.0008  0.0008  0.0000
1.6591  0.0000  -0.0008  0.0008  0.0000
1.6642  0.0000  -0.0008  0.0008  0.0000
1.6693  0.0000  -0.0008  0.0008  0.0000
1.6743  0.0000  -0.0008  0.0008  0.0000
1.6793  0.0000  -0.0008  0.0008  0.0000
1.6842  0.0000  -0.0008  0.0008  0.0000
1.6901  0.0000  -0.0008  0.0008  0.0000
1.6956  0.0000  -0.0008  0.0008  0.0000
1.7016  0.0000  -0.0008  0.0008  0.0000
1.7069  0.0000  -0.0008  0.0008  0.0000
1.7124  0.0000  -0.0008  0.0008  0.0000
1.7179  0.0000  -0.0008  0.0008  0.0000
1.7230  0.0000  -0.0008  0.0008  0.0000
1.7282  0.0000  -0.0008  0.0008  0.0000
1.7334  0.0000  -0.0008  0.0008  0.0000
1.7384  0.0000  -0.0008  0.0008  0.0000
1.7436  0.0000  -0.0008  0.0008  0.0000
1.7488  0.0000  -0.0008  0.0008  0.0000
1.7539  0.0000  -0.0008  0.0008  0.0000
1.7590  0.0000  -0.0008  0.0008  0.0000
1.7640  0.0000  -0.0008  0.0008  0.0000
1.7692  0.0000  -0.0008  0.0008  0.0000
1.7763  0.0000  -0.0008  0.0008  0.0000
1.7814  0.0000  -0.0008  0.0008  0.0000
1.7865  0.0000  -0.0008  0.0008  0.0000
1.7921  0.0000  -0.0008  0.0008  0.0000
1.7972  0.0000  -0.0008  0.0008  0.0000
1.8023  0.0000  -0.0008  0.0008  0.0000
1.8072  0.0000  -0.0008  0.0008  0.0000
1.8123  0.0000  -0.0008  0.0008  0.0000
1.8174  0.0000  -0.0008  0.0008  0.0000
1.8225  0.0000  -0.0008  0.0008  0.0000
1.8275  0.0000  -0.0008  0.0008  0.0000
1.8326  0.0000  -0.0008  0.0008  0.0000
1.8376  0.0000  -0.0007  0.0007  0.0000
1.8427  0.0000  -0.0008  0.0008  0.0000
1.8477  0.0000  -0.0008  0.0008  0.0000
1.8528  0.0000  -0.0008  0.0008  0.0000
1.8578  0.0000  -0.0008  0.0008  0.0000
1.8630  0.0000  -0.0008  0.0008  0.0000
1.8681  0.0000  -0.0008  0.0008  0.0000
1.8734  0.0000  -0.0008  0.0008  0.0000
1.8785  0.0000  -0.0008  0.0008  0.0000
1.8835  0.0000  -0.0008  0.0008  0.0000
1.8885  0.0000  -0.0008  0.0008  0.0000
1.8945  0.0000  -0.0008  0.0008  0.0000
1.8997  0.0000  -0.0008  0.0008  0.0000
1.9047  0.0000  -0.0008  0.0008  0.0000
1.9098  0.0000  -0.0008  0.0008  0.0000
1.9152  0.0000  -0.0007  0.0007  0.0000
1.9202  0.0000  -0.0007  0.0007  0.0000
1.9254  0.0000  -0.0008  0.0008  0.0000
1.9306  0.0000  -0.0007  0.0007  0.0000
1.9357  0.0000  -0.0008  0.0008  0.0000
1.9408  0.0000  -0.0008  0.0008  0.0000
1.9460  0.0000  -0.0008  0.0008  0.0000
1.9510  0.0000  -0.0008  0.0008  0.0000
1.9570  0.0000  -0.0008  0.0008  0.0000
1.9626  0.0000  -0.0008  0.0008  0.0000
1.9678  0.0000  -0.0007  0.0007  0.0000
1.9737  0.0000  -0.0007  0.0007  0.0000
1.9790  0.0000  -0.0007  0.0007  0.0000
1.9840  0.0000  -0.0007  0.0007  0.0000
1.9893  0.0000  -0.0007  0.0007  0.0000
1.9944  0.0000  -0.0007  0.0007  0.0000
1.9996  0.0000  -0.0007  0.0007  0.0000
2.0046  0.0000  -0.0007  0.0007  0.0000
2.0103  0.0000  -0.0007  0.0007  0.0000
2.0163  0.0000  -0.0007  0.0007  0.0000
2.0217  0.0000  -0.0007  0.0007  0.0000
2.0279  0.0000  -0.0007  0.0007  0.0000
2.0427  0.0000  -0.0007  0.0007  0.0000
2.0478  0.0000  -0.0007  0.0007  0.0000
2.0530  0.0000  -0.0007  0.0007  0.0000
2.0582  0.0000  -0.0007  0.0007  0.0000
2.0633  0.0000  -0.0007  0.0007  0.0000
2.0683  0.0000  -0.0007  0.0007  0.0000
2.0736  0.0000  -0.0007  0.0007  0.0000
2.0786  0.0000  -0.0007  0.0007  0.0000
2.0837  0.0000  -0.0007  0.0007  0.0000
2.0888  0.0000  -0.0007  0.0007  0.0000
2.0940  0.0000  -0.0007  0.0007  0.0000
2.0993  0.0000  -0.0007  0.0007  0.0000
2.1044  0.0000  -0.0007  0.0007  0.0000
2.1095  0.0000  -0.0007  0.0007  0.0000
2.1148  0.0000  -0.0007  0.0007  0.0000
2.1200  0.0000  -0.0007  0.0007  0.0000
2.1254  0.0000  -0.0007  0.0007  0.0000
2.1305  0.0000  -0.0007  0.0007  0.0000
2.1357  0.0000  -0.0007  0.0007  0.0000
2.1407  0.0000  -0.0007  0.0007  0.0000
2.1459  0.0000  -0.0007  0.0007  0.0000
2.1509  0.0000  -0.0007  0.0007  0.0000
2.1561  0.0000  -0.0007  0.0007  0.0000
2.1617  0.0000  -0.0007  0.0007  0.0000
2.1667  0.0000  -0.0007  0.0007  0.0000
2.1720  0.0000  -0.0007  0.0007  0.0000
2.1771  0.0000  -0.0007  0.0007  0.0000
2.1825  0.0000  -0.0007  0.0007  0.0000
2.1875  0.0000  -0.0007  0.0007  0.0000
2.1936  0.0000  -0.0007  0.0007  0.0000
2.2000  0.0000  -0.0007  0.0007  0.0000
2.2054  0.0000  -0.0007  0.0007  0.0000
2.2108  0.0000  -0.0007  0.0007  0.0000
2.2160  0.0000  -0.0007  0.0007  0.0000
2.2217  0.0000  -0.0007  0.0007  0.0000
2.2273  0.0000  -0.0007  0.0007  0.0000
2.2328  0.0000  -0.0007  0.0007  0.0000
2.2382  0.0000  -0.0007  0.0007  0.0000
2.2442  0.0000  -0.0007  0.0007  0.0000
2.2495  0.0000  -0.0007  0.0007  0.0000
2.2551  0.0000  -0.0007  0.0007  0.0000
2.2603  0.0000  -0.0007  0.0007  0.0000
2.2654  0.0000  -0.0007  0.0007  0.0000
2.2731  0.0000  -0.0007  0.0007  0.0000
2.2800  0.0000  -0.0007  0.0007  0.0000
2.2853  0.0000  -0.0007  0.0007  0.0000
2.2905  0.0000  -0.0007  0.0007  0.0000
2.2957  0.0000  -0.0007  0.0007  0.0000
2.3009  0.0000  -0.0006  0.0006  0.0000
2.3061  0.0000  -0.0006  0.0006  0.0000
2.3112  0.0000  -0.0007  0.0007  0.0000
2.3166  0.0000  -0.0007  0.0007  0.0000
2.3217  0.0000  -0.0007  0.0007  0.0000
2.3269  0.0000  -0.0007  0.0007  0.0000
2.3322  0.0000  -0.0007  0.0007  0.0000
2.3374  0.0000  -0.0006  0.0006  0.0000
2.3426  0.0000  -0.0006  0.0006  0.0000
2.3478  0.0000  -0.0006  0.0006  0.0000
2.3533  0.0000  -0.0006  0.0006  0.0000
2.3585  0.0000  -0.0007  0.0007  0.0000
2.3637  0.0000  -0.0006  0.0006  0.0000
2.3688  0.0000  -0.0006  0.0006  0.0000
2.3736  0.0000  -0.0007  0.0007  0.0000
2.3788  0.0000  -0.0007  0.0007  0.0000
2.3839  0.0000  -0.0006  0.0006  0.0000
2.3891  0.0000  -0.0007  0.0007  0.0000
2.3944  0.0000  -0.0007  0.0007  0.0000
2.3996  0.0000  -0.0007  0.0007  0.0000
2.4047  0.0000  -0.0008  0.0008  0.0000
2.4108  0.0000  -0.0007  0.0007  0.0000
2.4161  0.0000  -0.0007  0.0007  0.0000
2.4214  0.0000  -0.0007  0.0007  0.0000
2.4265  0.0000  -0.0007  0.0007  0.0000
2.4316  0.0000  -0.0007  0.0007  0.0000
2.4367  0.0000  -0.0007  0.0007  0.0000
2.4417  0.0000  -0.0007  0.0007  0.0000
2.4471  0.0000  -0.0008  0.0008  0.0000
2.4524  0.0000  -0.0008  0.0008  0.0000
2.4584  0.0000  -0.0008  0.0008  0.0000
2.4640  0.0000  -0.0008  0.0008  0.0000
2.4752  0.0000  -0.0007  0.0007  0.0000
2.4808  0.0000  -0.0007  0.0007  0.0000
2.4864  0.0000  -0.0007  0.0007  0.0000
2.4935  0.0000  -0.0007  0.0007  0.0000
2.4993  0.0000  -0.0007  0.0007  0.0000
2.5052  0.0000  -0.0007  0.0007  0.0000
2.5112  0.0000  -0.0007  0.0007  0.0000
2.5165  0.0000  -0.0007  0.0007  0.0000
2.5215  0.0000  -0.0007  0.0007  0.0000
2.5265  0.0000  -0.0007  0.0007  0.0000
2.5337  0.0000  -0.0007  0.0007  0.0000
2.5490  0.0000  -0.0007  0.0007  0.0000
2.5542  0.0000  -0.0007  0.0007  0.0000
2.5592  0.0000  -0.0007  0.0007  0.0000
2.5642  0.0000  -0.0007  0.0007  0.0000
2.5692  0.0000  -0.0007  0.0007  0.0000
2.5742  0.0000  -0.0007  0.0007  0.0000
2.5792  0.0000  -0.0007  0.0007  0.0000
2.5842  0.0000  -0.0007  0.0007  0.0000
2.5893  0.0000  -0.0007  0.0007  0.0000
2.5943  0.0000  -0.0008  0.0008  0.0000
2.5992  0.0000  -0.0008  0.0008  0.0000
2.6042  0.0000  -0.0008  0.0008  0.0000
2.6092  0.0000  -0.0008  0.0008  0.0000
2.6145  0.0000  -0.0007  0.0007  0.0000
2.6195  0.0000  -0.0007  0.0007  0.0000
2.6245  0.0000  -0.0007  0.0007  0.0000
2.6294  0.0000  -0.0007  0.0007  0.0000
2.6344  0.0000  -0.0007  0.0007  0.0000
2.6394  0.0000  -0.0007  0.0007  0.0000
2.6444  0.0000  -0.0007  0.0007  0.0000
2.6494  0.0000  -0.0007  0.0007  0.0000
2.6543  0.0000  -0.0007  0.0007  0.0000
2.6593  0.0000  -0.0007  0.0007  0.0000
2.6643  0.0000  -0.0008  0.0008  0.0000
2.6693  0.0000  -0.0008  0.0008  0.0000
2.6742  0.0000  -0.0008  0.0008  0.0000
2.6793  0.0000  -0.0008  0.0008  0.0000
2.6843  0.0000  -0.0008  0.0008  0.0000
2.6892  0.0000  -0.0007  0.0007  0.0000
2.6942  0.0000  -0.0007  0.0007  0.0000
2.6992  0.0000  -0.0007  0.0007  0.0000
2.7042  0.0000  -0.0007  0.0007  0.0000
2.7093  0.0000  -0.0007  0.0007  0.0000
2.7144  0.0000  -0.0007  0.0007  0.0000
2.7202  0.0000  -0.0007  0.0007  0.0000
2.7255  0.0000  -0.0007  0.0007  0.0000
2.7308  0.0000  -0.0007  0.0007  0.0000
2.7358  0.0000  -0.0008  0.0008  0.0000
2.7408  0.0000  -0.0008  0.0008  0.0000
2.7458  0.0000  -0.0008  0.0008  0.0000
2.7508  0.0000  -0.0008  0.0008  0.0000
2.7559  0.0000  -0.0008  0.0008  0.0000
2.7609  0.0000  -0.0008  0.0008  0.0000
2.7659  0.0000  -0.0008  0.0008  0.0000
2.7709  0.0000  -0.0008  0.0008  0.0000
2.7761  0.0000  -0.0008  0.0008  0.0000
2.7811  0.0000  -0.0008  0.0008  0.0000
2.7879  0.0000  -0.0008  0.0008  0.0000
2.7931  0.0000  -0.0008  0.0008  0.0000
2.7982  0.0000  -0.0008  0.0008  0.0000
2.8032  0.0000  -0.0008  0.0008  0.0000
2.8082  0.0000  -0.0008  0.0008  0.0000
2.8134  0.0000  -0.0008  0.0008  0.0000
2.8185  0.0000  -0.0008  0.0008  0.0000
2.8235  0.0000  -0.0008  0.0008  0.0000
2.8285  0.0000  -0.0008  0.0008  0.0000
2.8338  0.0000  -0.0008  0.0008  0.0000
2.8389  0.0000  -0.0008  0.0008  0.0000
2.8439  0.0000  -0.0008  0.0008  0.0000
2.8492  0.0000  -0.0008  0.0008  0.0000
2.8537  0.0000  -0.0008  0.0008  0.0000
2.8588  0.0000  -0.0008  0.0008  0.0000
2.8639  0.0000  -0.0008  0.0008  0.0000
2.8689  0.0000  -0.0008  0.0008  0.0000
2.8739  0.0000  -0.0008  0.0008  0.0000
2.8792  0.0000  -0.0008  0.0008  0.0000
2.8843  0.0000  -0.0008  0.0008  0.0000
2.8893  0.0000  -0.0008  0.0008  0.0000
2.8944  0.0000  -0.0008  0.0008  0.0000
2.8994  0.0000  -0.0009  0.0009  0.0000
2.9045  0.0000  -0.0009  0.0009  0.0000
2.9096  0.0000  -0.0009  0.0009  0.0000
2.9149  0.0000  -0.0008  0.0008  0.0000
2.9201  0.0000  -0.0008  0.0008  0.0000
2.9253  0.0000  -0.0008  0.0008  0.0000
2.9306  0.0000  -0.0008  0.0008  0.0000
2.9356  0.0000  -0.0008  0.0008  0.0000
2.9407  0.0000  -0.0008  0.0008  0.0000
2.9458  0.0000  -0.0008  0.0008  0.0000
2.9511  0.0000  -0.0008  0.0008  0.0000
2.9569  0.0000  -0.0008  0.0008  0.0000
2.9627  0.0000  -0.0008  0.0008  0.0000
2.9682  0.0000  -0.0008  0.0008  0.0000
2.9743  0.0000  -0.0008  0.0008  0.0000
2.9795  0.0000  -0.0008  0.0008  0.0000
2.9846  0.0000  -0.0008  0.0008  0.0000
2.9898  0.0000  -0.0008  0.0008  0.0000
2.9951  0.0000  -0.0008  0.0008  0.0000
3.0006  0.0000  -0.0008  0.0008  0.0000
3.0058  0.0000  -0.0008  0.0008  0.0000
3.0113  0.0000  -0.0008  0.0008  0.0000
3.0168  0.0000  -0.0008  0.0008  0.0000
3.0221  0.0000  -0.0008  0.0008  0.0000
3.0272  0.0000  -0.0008  0.0008  0.0000
3.0324  0.0000  -0.0008  0.0008  0.0000
3.0375  0.0000  -0.0008  0.0008  0.0000
3.0532  0.0000  -0.0008  0.0008  0.0000
3.0584  0.0000  -0.0008  0.0008  0.0000
3.0635  0.0000  -0.0008  0.0008  0.0000
3.0687  0.0000  -0.0009  0.0009  0.0000
3.0745  0.0000  -0.0008  0.0008  0.0000
3.0796  0.0000  -0.0008  0.0008  0.0000
3.0847  0.0000  -0.0009  0.0009  0.0000
3.0898  0.0000  -0.0008  0.0008  0.0000
3.0957  0.0000  -0.0008  0.0008  0.0000
3.1008  0.0000  -0.0008  0.0008  0.0000
3.1059  0.0000  -0.0008  0.0008  0.0000
3.1109  0.0000  -0.0008  0.0008  0.0000
3.1162  0.0000  -0.0008  0.0008  0.0000
3.1213  0.0000  -0.0008  0.0008  0.0000
3.1265  0.0000  -0.0008  0.0008  0.0000
3.1317  0.0000  -0.0008  0.0008  0.0000
3.1373  0.0000  -0.0008  0.0008  0.0000
3.1431  0.0000  -0.0009  0.0009  0.0000
3.1486  0.0000  -0.0009  0.0009  0.0000
3.1539  0.0000  -0.0009  0.0009  0.0000
3.1593  0.0000  -0.0009  0.0009  0.0000
3.1645  0.0000  -0.0008  0.0008  0.0000
3.1700  0.0000  -0.0008  0.0008  0.0000
3.1758  0.0000  -0.0009  0.0009  0.0000
3.1816  0.0000  -0.0009  0.0009  0.0000
3.1876  0.0000  -0.0009  0.0009  0.0000
3.1933  0.0000  -0.0009  0.0009  0.0000
3.1989  0.0000  -0.0009  0.0009  0.0000
3.2049  0.0000  -0.0009  0.0009  0.0000
3.2105  0.0000  -0.0009  0.0009  0.0000
3.2177  0.0000  -0.0009  0.0009  0.0000
3.2229  0.0000  -0.0009  0.0009  0.0000
3.2290  0.0000  -0.0009  0.0009  0.0000
3.2354  0.0000  -0.0009  0.0009  0.0000
3.2415  0.0000  -0.0009  0.0009  0.0000
3.2472  0.0000  -0.0009  0.0009  0.0000
3.2532  0.0000  -0.0009  0.0009  0.0000
3.2591  0.0000  -0.0009  0.0009  0.0000
3.2655  0.0000  -0.0009  0.0009  0.0000
3.2711  0.0000  -0.0009  0.0009  0.0000
3.2771  0.0000  -0.0009  0.0009  0.0000
3.2831  0.0000  -0.0009  0.0009  0.0000
3.2888  0.0000  -0.0009  0.0009  0.0000
3.2962  0.0000  -0.0009  0.0009  0.0000
3.3016  0.0000  -0.0009  0.0009  0.0000
3.3070  0.0000  -0.0009  0.0009  0.0000
3.3125  0.0000  -0.0009  0.0009  0.0000
3.3179  0.0000  -0.0009  0.0009  0.0000
3.3234  0.0000  -0.0009  0.0009  0.0000
3.3290  0.0000  -0.0009  0.0009  0.0000
3.3348  0.0000  -0.0009  0.0009  0.0000
3.3402  0.0000  -0.0009  0.0009  0.0000
3.3456  0.0000  -0.0009  0.0009  0.0000
3.3509  0.0000  -0.0009  0.0009  0.0000
3.3563  0.0000  -0.0009  0.0009  0.0000
3.3617  0.0000  -0.0009  0.0009  0.0000
3.3669  0.0000  -0.0009  0.0009  0.0000
3.3722  0.0000  -0.0009  0.0009  0.0000
3.3777  0.0000  -0.0009  0.0009  0.0000
3.3831  0.0000  -0.0009  0.0009  0.0000
3.3886  0.0000  -0.0009  0.0009  0.0000
3.3939  0.0000  -0.0009  0.0009  0.0000
3.3994  0.0000  -0.0009  0.0009  0.0000
3.4046  0.0000  -0.0009  0.0009  0.0000
3.4099  0.0000  -0.0009  0.0009  0.0000
3.4158  0.0000  -0.0009  0.0009  0.0000
3.4216  0.0000  -0.0009  0.0009  0.0000
3.4273  0.0000  -0.0009  0.0009  0.0000
3.4333  0.0000  -0.0009  0.0009  0.0000
3.4393  0.0000  -0.0009  0.0009  0.0000
3.4450  0.0000  -0.0009  0.0009  0.0000
3.4509  0.0000  -0.0009  0.0009  0.0000
3.4577  0.0000  -0.0009  0.0009  0.0000
3.4624  0.0000  -0.0009  0.0009  0.0000
3.4683  0.0000  -0.0009  0.0009  0.0000
3.4732  0.0000  -0.0009  0.0009  0.0000
3.4811  0.0000  -0.0009  0.0009  0.0000
3.4881  0.0000  -0.0009  0.0009  0.0000
3.4953  0.0000  -0.0009  0.0009  0.0000
3.5011  0.0000  -0.0009  0.0009  0.0000
3.5068  0.0000  -0.0009  0.0009  0.0000
3.5140  0.0000  -0.0009  0.0009  0.0000
3.5213  0.0000  -0.0009  0.0009  0.0000
3.5279  0.0000  -0.0009  0.0009  0.0000
3.5340  0.0000  -0.0009  0.0009  0.0000
3.5385  0.0000  -0.0009  0.0009  0.0000
3.5443  0.0000  -0.0009  0.0009  0.0000
3.5624  0.0000  -0.0009  0.0009  0.0000
3.5676  0.0000  -0.0009  0.0009  0.0000
3.5731  0.0000  -0.0009  0.0009  0.0000
3.5785  0.0000  -0.0009  0.0009  0.0000
3.5837  0.0000  -0.0009  0.0009  0.0000
3.5894  0.0000  -0.0009  0.0009  0.0000
3.5948  0.0000  -0.0009  0.0009  0.0000
3.6001  0.0000  -0.0009  0.0009  0.0000
3.6056  0.0000  -0.0009  0.0009  0.0000
3.6111  0.0000  -0.0009  0.0009  0.0000
3.6165  0.0000  -0.0009  0.0009  0.0000
3.6220  0.0000  -0.0009  0.0009  0.0000
3.6273  0.0000  -0.0009  0.0009  0.0000
3.6335  0.0000  -0.0009  0.0009  0.0000
3.6392  0.0000  -0.0009  0.0009  0.0000
3.6446  0.0000  -0.0009  0.0009  0.0000
3.6502  0.0000  -0.0009  0.0009  0.0000
3.6558  0.0000  -0.0009  0.0009  0.0000
3.6615  0.0000  -0.0009  0.0009  0.0000
3.6671  0.0000  -0.0009  0.0009  0.0000
3.6733  0.0000  -0.0009  0.0009  0.0000
3.6790  0.0000  -0.0009  0.0009  0.0000
3.6835  0.0000  -0.0009  0.0009  0.0000
3.6892  0.0000  -0.0009  0.0009  0.0000
3.6962  0.0000  -0.0009  0.0009  0.0000
3.7019  0.0000  -0.0009  0.0009  0.0000
3.7075  0.0000  -0.0009  0.0009  0.0000
3.7135  0.0000  -0.0009  0.0009  0.0000
3.7213  0.0000  -0.0009  0.0009  0.0000
3.7276  0.0000  -0.0009  0.0009  0.0000
3.7345  0.0000  -0.0009  0.0009  0.0000
3.7406  0.0000  -0.0009  0.0009  0.0000
3.7474  0.0000  -0.0009  0.0009  0.0000
3.7536  0.0000  -0.0009  0.0009  0.0000
3.7594  0.0000  -0.0009  0.0009  0.0000
3.7651  0.0000  -0.0009  0.0009  0.0000
3.7712  0.0000  -0.0009  0.0009  0.0000
3.7793  0.0000  -0.0009  0.0009  0.0000
3.7857  0.0000  -0.0009  0.0009  0.0000
3.7927  0.0000  -0.0009  0.0009  0.0000
3.7985  0.0000  -0.0009  0.0009  0.0000
3.8055  0.0000  -0.0009  0.0009  0.0000
3.8110  0.0000  -0.0009  0.0009  0.0000
3.8167  0.0000  -0.0009  0.0009  0.0000
3.8223  0.0000  -0.0009  0.0009  0.0000
3.8279  0.0000  -0.0009  0.0009  0.0000
3.8337  0.0000  -0.0009  0.0009  0.0000
3.8397  0.0000  -0.0009  0.0009  0.0000
3.8453  0.0000  -0.0009  0.0009  0.0000
3.8507  0.0000  -0.0009  0.0009  0.0000
3.8565  0.0000  -0.0009  0.0009  0.0000
3.8619  0.0000  -0.0009  0.0009  0.0000
3.8674  0.0000  -0.0009  0.0009  0.0000
3.8731  0.0000  -0.0009  0.0009  0.0000
3.8786  0.0000  -0.0009  0.0009  0.0000
3.8841  0.0000  -0.0009  0.0009  0.0000
3.8899  0.0000  -0.0009  0.0009  0.0000
3.8955  0.0000  -0.0009  0.0009  0.0000
3.9011  0.0000  -0.0009  0.0009  0.0000
3.9066  0.0000  -0.0009  0.0009  0.0000
3.9121  0.0000  -0.0009  0.0009  0.0000
3.9167  0.0000  -0.0009  0.0009  0.0000
3.9225  0.0000  -0.0009  0.0009  0.0000
3.9279  0.0000  -0.0009  0.0009  0.0000
3.9336  0.0000  -0.0009  0.0009  0.0000
3.9396  0.0000  -0.0009  0.0009  0.0000
3.9450  0.0000  -0.0009  0.0009  0.0000
3.9508  0.0000  -0.0009  0.0009  0.0000
3.9564  0.0000  -0.0010  0.0010  0.0000
3.9619  0.0000  -0.0010  0.0010  0.0000
3.9675  0.0000  -0.0010  0.0010  0.0000
3.9734  0.0000  -0.0010  0.0010  0.0000
3.9806  0.0000  -0.0010  0.0010  0.0000
3.9865  0.0000  -0.0010  0.0010  0.0000
3.9925  0.0000  -0.0009  0.0009  0.0000
3.9987  0.0000  -0.0009  0.0009  0.0000
4.0045  0.0000  -0.0009  0.0009  0.0000
4.0100  0.0000  -0.0009  0.0009  0.0000
4.0163  0.0000  -0.0009  0.0009  0.0000
4.0222  0.0000  -0.0009  0.0009  0.0000
4.0277  0.0000  -0.0009  0.0009  0.0000
4.0334  0.0000  -0.0009  0.0009  0.0000
4.0391  0.0000  -0.0009  0.0009  0.0000
4.0446  0.0000  -0.0009  0.0009  0.0000
4.0503  0.0000  -0.0009  0.0009  0.0000
4.0665  0.0000  -0.0009  0.0009  0.0000
4.0722  0.0000  -0.0009  0.0009  0.0000
4.0779  0.0000  -0.0009  0.0009  0.0000
4.0836  0.0000  -0.0009  0.0009  0.0000
4.0892  0.0000  -0.0010  0.0010  0.0000
4.0951  0.0000  -0.0009  0.0009  0.0000
4.1007  0.0000  -0.0009  0.0009  0.0000
4.1064  0.0000  -0.0009  0.0009  0.0000
4.1120  0.0000  -0.0009  0.0009  0.0000
4.1176  0.0000  -0.0010  0.0010  0.0000
4.1237  0.0000  -0.0010  0.0010  0.0000
4.1294  0.0000  -0.0010  0.0010  0.0000
4.1352  0.0000  -0.0010  0.0010  0.0000
4.1408  0.0000  -0.0010  0.0010  0.0000
4.1464  0.0000  -0.0010  0.0010  0.0000
4.1520  0.0000  -0.0010  0.0010  0.0000
4.1579  0.0000  -0.0010  0.0010  0.0000
4.1636  0.0000  -0.0010  0.0010  0.0000
4.1682  0.0000  -0.0010  0.0010  0.0000
4.1749  0.0000  -0.0010  0.0010  0.0000
4.1808  0.0000  -0.0010  0.0010  0.0000
4.1863  0.0000  -0.0010  0.0010  0.0000
4.1919  0.0000  -0.0010  0.0010  0.0000
4.1976  0.0000  -0.0010  0.0010  0.0000
4.2034  0.0000  -0.0009  0.0009  0.0000
4.2090  0.0000  -0.0009  0.0009  0.0000
4.2145  0.0000  -0.0009  0.0009  0.0000
4.2204  0.0000  -0.0009  0.0009  0.0000
4.2261  0.0000  -0.0009  0.0009  0.0000
4.2320  0.0000  -0.0009  0.0009  0.0000
4.2388  0.0000  -0.0009  0.0009  0.0000
4.2453  0.0000  -0.0009  0.0009  0.0000
4.2515  0.0000  -0.0009  0.0009  0.0000
4.2564  0.0000  -0.0010  0.0010  0.0000
4.2622  0.0000  -0.0009  0.0009  0.0000
4.2677  0.0000  -0.0010  0.0010  0.0000
4.2734  0.0000  -0.0009  0.0009  0.0000
4.2791  0.0000  -0.0009  0.0009  0.0000
4.2849  0.0000  -0.0010  0.0010  0.0000
4.2906  0.0000  -0.0010  0.0010  0.0000
4.2953  0.0000  -0.0009  0.0009  0.0000
4.3009  0.0000  -0.0009  0.0009  0.0000
4.3066  0.0000  -0.0009  0.0009  0.0000
4.3122  0.0000  -0.0009  0.0009  0.0000
4.3198  0.0000  -0.0009  0.0009  0.0000
4.3255  0.0000  -0.0010  0.0010  0.0000
4.3311  0.0000  -0.0010  0.0010  0.0000
4.3368  0.0000  -0.0010  0.0010  0.0000
4.3428  0.0000  -0.0009  0.0009  0.0000
4.3484  0.0000  -0.0009  0.0009  0.0000
4.3540  0.0000  -0.0010  0.0010  0.0000
4.3595  0.0000  -0.0010  0.0010  0.0000
4.3652  0.0000  -0.0010  0.0010  0.0000
4.3707  0.0000  -0.0010  0.0010  0.0000
4.3766  0.0000  -0.0010  0.0010  0.0000
4.3821  0.0000  -0.0010  0.0010  0.0000
4.3878  0.0000  -0.0010  0.0010  0.0000
4.3935  0.0000  -0.0010  0.0010  0.0000
4.3991  0.0000  -0.0010  0.0010  0.0000
4.4045  0.0000  -0.0010  0.0010  0.0000
4.4107  0.0000  -0.0010  0.0010  0.0000
4.4172  0.0000  -0.0009  0.0009  0.0000
4.4229  0.0000  -0.0009  0.0009  0.0000
4.4283  0.0000  -0.0009  0.0009  0.0000
4.4339  0.0000  -0.0009  0.0009  0.0000
4.4393  0.0000  -0.0009  0.0009  0.0000
4.4447  0.0000  -0.0009  0.0009  0.0000
4.4502  0.0000  -0.0009  0.0009  0.0000
4.4558  0.0000  -0.0010  0.0010  0.0000
4.4612  0.0000  -0.0010  0.0010  0.0000
4.4667  0.0000  -0.0010  0.0010  0.0000
4.4724  0.0000  -0.0010  0.0010  0.0000
4.4789  0.0000  -0.0010  0.0010  0.0000
4.4853  0.0000  -0.0010  0.0010  0.0000
4.4912  0.0000  -0.0010  0.0010  0.0000
4.4974  0.0000  -0.0010  0.0010  0.0000
4.5030  0.0000  -0.0010  0.0010  0.0000
4.5087  0.0000  -0.0010  0.0010  0.0000
4.5144  0.0000  -0.0010  0.0010  0.0000
4.5211  0.0000  -0.0010  0.0010  0.0000
4.5268  0.0000  -0.0009  0.0009  0.0000
4.5324  0.0000  -0.0009  0.0009  0.0000
4.5392  0.0000  -0.0009  0.0009  0.0000
4.5446  0.0000  -0.0010  0.0010  0.0000
4.5500  0.0000  -0.0010  0.0010  0.0000
4.5555  0.0000  -0.0010  0.0010  0.0000
4.5724  0.0000  -0.0010  0.0010  0.0000
4.5785  0.0000  -0.0010  0.0010  0.0000
4.5843  0.0000  -0.0010  0.0010  0.0000
4.5901  0.0000  -0.0010  0.0010  0.0000
4.5978  0.0000  -0.0010  0.0010  0.0000
4.6038  0.0000  -0.0010  0.0010  0.0000
4.6087  0.0000  -0.0010  0.0010  0.0000
4.6148  0.0000  -0.0010  0.0010  0.0000
4.6204  0.0000  -0.0010  0.0010  0.0000
4.6263  0.0000  -0.0010  0.0010  0.0000
4.6317  0.0000  -0.0010  0.0010  0.0000
4.6370  0.0000  -0.0010  0.0010  0.0000
4.6425  0.0000  -0.0010  0.0010  0.0000
4.6477  0.0000  -0.0010  0.0010  0.0000
4.6534  0.0000  -0.0010  0.0010  0.0000
4.6591  0.0000  -0.0010  0.0010  0.0000
4.6642  0.0000  -0.0010  0.0010  0.0000
4.6695  0.0000  -0.0010  0.0010  0.0000
4.6750  0.0000  -0.0010  0.0010  0.0000
4.6803  0.0000  -0.0009  0.0009  0.0000
4.6857  0.0000  -0.0009  0.0009  0.0000
4.6912  0.0000  -0.0009  0.0009  0.0000
4.6971  0.0000  -0.0009  0.0009  0.0000
4.7027  0.0000  -0.0010  0.0010  0.0000
4.7083  0.0000  -0.0010  0.0010  0.0000
4.7141  0.0000  -0.0010  0.0010  0.0000
4.7200  0.0000  -0.0010  0.0010  0.0000
4.7259  0.0000  -0.0010  0.0010  0.0000
4.7317  0.0000  -0.0010  0.0010  0.0000
4.7382  0.0000  -0.0010  0.0010  0.0000
4.7448  0.0000  -0.0010  0.0010  0.0000
4.7507  0.0000  -0.0010  0.0010  0.0000
4.7558  0.0000  -0.0010  0.0010  0.0000
4.7614  0.0000  -0.0010  0.0010  0.0000
4.7671  0.0000  -0.0010  0.0010  0.0000
4.7737  0.0000  -0.0010  0.0010  0.0000
4.7792  0.0000  -0.0010  0.0010  0.0000
4.7842  0.0000  -0.0010  0.0010  0.0000
4.7893  0.0000  -0.0010  0.0010  0.0000
4.7942  0.0000  -0.0010  0.0010  0.0000
4.7993  0.0000  -0.0010  0.0010  0.0000
4.8042  0.0000  -0.0010  0.0010  0.0000
4.8094  0.0000  -0.0010  0.0010  0.0000
4.8143  0.0000  -0.0010  0.0010  0.0000
4.8193  0.0000  -0.0010  0.0010  0.0000
4.8259  0.0000  -0.0010  0.0010  0.0000
4.8309  0.0000  -0.0010  0.0010  0.0000
4.8363  0.0000  -0.0010  0.0010  0.0000
4.8417  0.0000  -0.0010  0.0010  0.0000
4.8469  0.0000  -0.0011  0.0011  0.0000
4.8523  0.0000  -0.0010  0.0010  0.0000
4.8579  0.0000  -0.0010  0.0010  0.0000
4.8636  0.0000  -0.0010  0.0010  0.0000
4.8692  0.0000  -0.0010  0.0010  0.0000
4.8749  0.0000  -0.0010  0.0010  0.0000
4.8805  0.0000  -0.0010  0.0010  0.0000
4.8861  0.0000  -0.0010  0.0010  0.0000
4.8926  0.0000  -0.0010  0.0010  0.0000
4.8983  0.0000  -0.0010  0.0010  0.0000
4.9039  0.0000  -0.0010  0.0010  0.0000
4.9094  0.0000  -0.0010  0.0010  0.0000
4.9153  0.0000  -0.0010  0.0010  0.0000
4.9211  0.0000  -0.0010  0.0010  0.0000
4.9267  0.0000  -0.0010  0.0010  0.0000
4.9328  0.0000  -0.0010  0.0010  0.0000
4.9384  0.0000  -0.0010  0.0010  0.0000
4.9437  0.0000  -0.0010  0.0010  0.0000
4.9489  0.0000  -0.0010  0.0010  0.0000
4.9543  0.0000  -0.0010  0.0010  0.0000
4.9595  0.0000  -0.0010  0.0010  0.0000
4.9650  0.0000  -0.0010  0.0010  0.0000
4.9703  0.0000  -0.0010  0.0010  0.0000
4.9764  0.0000  -0.0011  0.0011  0.0000
4.9827  0.0000  -0.0011  0.0011  0.0000
4.9884  0.0000  -0.0011  0.0011  0.0000
4.9944  0.0000  -0.0011  0.0011  0.0000
5.0002  0.0000  -0.0011  0.0011  0.0000
5.0055  0.0000  -0.0011  0.0011  0.0000
5.0185  0.0000  -0.0011  0.0011  0.0000
5.0246  0.0000  -0.0011  0.0011  0.0000
5.0295  0.0000  -0.0011  0.0011  0.0000
5.0346  0.0000  -0.0011  0.0011  0.0000
5.0398  0.0000  -0.0011  0.0011  0.0000
5.0446  0.0000  -0.0011  0.0011  0.0000
5.0495  0.0000  -0.0011  0.0011  0.0000
5.0543  0.0000  -0.0010  0.0010  0.0000
5.0595  0.0000  -0.0010  0.0010  0.0000
5.0698  0.0000  -0.0010  0.0010  0.0000
5.0748  0.0000  -0.0010  0.0010  0.0000
5.0812  0.0000  -0.0010  0.0010  0.0000
5.0861  0.0000  -0.0010  0.0010  0.0000
5.0910  0.0000  -0.0010  0.0010  0.0000
5.0959  0.0000  -0.0008  0.0008  0.0000
5.1009  0.0000  -0.0008  0.0008  0.0000
5.1061  0.0000  -0.0011  0.0011  0.0000
5.1109  0.0000  -0.0013  0.0013  0.0000
5.1161  0.0000  -0.0012  0.0012  0.0000
5.1215  0.0000  -0.0007  0.0007  0.0000
5.1267  0.0000  0.0001  -0.0001  0.0000
5.1317  0.0000  0.0007  -0.0007  0.0000
5.1374  0.0000  0.0013  -0.0013  0.0000
5.1429  0.0000  0.0018  -0.0018  0.0000
5.1480  0.0000  0.0024  -0.0024  0.0000
5.1529  0.0000  0.0026  -0.0026  0.0000
5.1578  0.0000  0.0031  -0.0031  0.0000
5.1628  0.0000  0.0036  -0.0036  0.0000
5.1679  0.0000  0.0043  -0.0043  0.0000
5.1728  0.0000  0.0051  -0.0051  0.0000
5.1777  0.0000  0.0061  -0.0061  0.0000
5.1827  0.0000  0.0068  -0.0068  0.0000
5.1876  0.0000  0.0077  -0.0077  0.0000
5.1925  0.0000  0.0084  -0.0084  0.0000
5.1973  0.0000  0.0093  -0.0093  0.0000
5.2024  0.0000  0.0103  -0.0103  0.0000
5.2072  0.0000  0.0109  -0.0109  0.0000
5.2123  0.0000  0.0116  -0.0116  0.0000
5.2171  0.0000  0.0123  -0.0123  0.0000
5.2219  0.0000  0.0129  -0.0129  0.0000
5.2273  0.0000  0.0139  -0.0139  0.0000
5.2323  0.0000  0.0148  -0.0148  0.0000
5.2382  0.0000  0.0155  -0.0155  0.0000
5.2436  0.0000  0.0166  -0.0166  0.0000
5.2488  0.0000  0.0174  -0.0174  0.0000
5.2556  0.0000  0.0183  -0.0183  0.0000
5.2609  0.0000  0.0190  -0.0190  0.0000
5.2662  0.0000  0.0196  -0.0196  0.0000
5.2715  0.0000  0.0197  -0.0197  0.0000
5.2768  0.0000  0.0206  -0.0206  0.0000
5.2827  0.0000  0.0213  -0.0213  0.0000
5.2879  0.0000  0.0221  -0.0221  0.0000
5.2930  0.0000  0.0227  -0.0227  0.0000
5.2981  0.0000  0.0236  -0.0236  0.0000
5.3030  0.0000  0.0242  -0.0242  0.0000
5.3079  0.0000  0.0246  -0.0246  0.0000
5.3129  0.0000  0.0249  -0.0249  0.0000
5.3179  0.0000  0.0250  -0.0250  0.0000
5.3229  0.0000  0.0259  -0.0259  0.0000
5.3279  0.0000  0.0267  -0.0267  0.0000
5.3345  0.0000  0.0270  -0.0270  0.0000
5.3395  0.0000  0.0279  -0.0279  0.0000
5.3443  0.0000  0.0281  -0.0281  0.0000
5.3507  0.0000  0.0286  -0.0286  0.0000
5.3564  0.0000  0.0300  -0.0300  0.0000
5.3616  0.0000  0.0306  -0.0306  0.0000
5.3667  0.0000  0.0310  -0.0310  0.0000
5.3728  0.0000  0.0314  -0.0314  0.0000
5.3780  0.0000  0.0313  -0.0313  0.0000
5.3832  0.0000  0.0314  -0.0314  0.0000
5.3884  0.0000  0.0315  -0.0315  0.0000
5.3936  0.0000  0.0316  -0.0316  0.0000
5.3987  0.0000  0.0321  -0.0321  0.0000
5.4038  0.0000  0.0334  -0.0334  0.0000
5.4093  0.0000  0.0344  -0.0344  0.0000
5.4145  0.0000  0.0361  -0.0361  0.0000
5.4196  0.0000  0.0375  -0.0375  0.0000
5.4249  0.0000  0.0383  -0.0383  0.0000
5.4302  0.0000  0.0395  -0.0395  0.0000
5.4354  0.0000  0.0405  -0.0405  0.0000
5.4405  0.0000  0.0410  -0.0410  0.0000
5.4457  0.0000  0.0416  -0.0416  0.0000
5.4508  0.0000  0.0416  -0.0416  0.0000
5.4561  0.0000  0.0416  -0.0416  0.0000
5.4613  0.0000  0.0416  -0.0416  0.0000
5.4672  0.0000  0.0418  -0.0418  0.0000
5.4730  0.0000  0.0433  -0.0433  0.0000
5.4783  0.0000  0.0448  -0.0448  0.0000
5.4836  0.0000  0.0460  -0.0460  0.0000
5.4890  0.0000  0.0474  -0.0474  0.0000
5.4946  0.0000  0.0482  -0.0482  0.0000
5.5009  0.0000  0.0493  -0.0493  0.0000
5.5064  0.0000  0.0499  -0.0499  0.0000
5.5122  0.0000  0.0502  -0.0502  0.0000
5.5219  0.0000  0.0502  -0.0502  0.0000
5.5279  0.0000  0.0513  -0.0513  0.0000
5.5335  0.0000  0.0523  -0.0523  0.0000
5.5393  0.0000  0.0531  -0.0531  0.0000
5.5445  0.0000  0.0541  -0.0541  0.0000
5.5497  0.0000  0.0551  -0.0551  0.0000
5.5552  0.0000  0.0562  -0.0562  0.0000
5.5604  0.0000  0.0575  -0.0575  0.0000
5.5686  0.0000  0.0588  -0.0588  0.0000
5.5760  0.0000  0.0608  -0.0608  0.0000
5.5813  0.0000  0.0621  -0.0621  0.0000
5.5884  0.0000  0.0630  -0.0630  0.0000
5.5946  0.0000  0.0640  -0.0640  0.0000
5.6022  0.0000  0.0643  -0.0643  0.0000
5.6083  0.0000  0.0642  -0.0642  0.0000
5.6150  0.0000  0.0644  -0.0644  0.0000
5.6211  0.0000  0.0652  -0.0652  0.0000
5.6277  0.0000  0.0657  -0.0657  0.0000
5.6331  0.0000  0.0666  -0.0666  0.0000
5.6386  0.0000  0.0671  -0.0671  0.0000
5.6441  0.0000  0.0678  -0.0678  0.0000
5.6494  0.0000  0.0682  -0.0682  0.0000
5.6548  0.0000  0.0690  -0.0690  0.0000
5.6602  0.0000  0.0696  -0.0696  0.0000
5.6656  0.0000  0.0699  -0.0699  0.0000
5.6709  0.0000  0.0707  -0.0707  0.0000
5.6762  0.0000  0.0709  -0.0709  0.0000
5.6815  0.0000  0.0718  -0.0718  0.0000
5.6868  0.0000  0.0721  -0.0721  0.0000
5.6922  0.0000  0.0723  -0.0723  0.0000
5.6975  0.0000  0.0730  -0.0730  0.0000
5.7029  0.0000  0.0736  -0.0736  0.0000
5.7082  0.0000  0.0743  -0.0743  0.0000
5.7138  0.0000  0.0747  -0.0747  0.0000
5.7192  0.0000  0.0758  -0.0758  0.0000
5.7247  0.0000  0.0763  -0.0763  0.0000
5.7302  0.0000  0.0774  -0.0774  0.0000
5.7364  0.0000  0.0791  -0.0791  0.0000
5.7417  0.0000  0.0796  -0.0796  0.0000
5.7469  0.0000  0.0809  -0.0809  0.0000
5.7520  0.0000  0.0816  -0.0816  0.0000
5.7604  0.0000  0.0818  -0.0818  0.0000
5.7664  0.0000  0.0826  -0.0826  0.0000
5.7722  0.0000  0.0829  -0.0829  0.0000
5.7768  0.0000  0.0837  -0.0837  0.0000
5.7822  0.0000  0.0847  -0.0847  0.0000
5.7877  0.0000  0.0860  -0.0860  0.0000
5.7934  0.0000  0.0870  -0.0870  0.0000
5.7993  0.0000  0.0883  -0.0883  0.0000
5.8050  0.0000  0.0895  -0.0895  0.0000
5.8107  0.0000  0.0900  -0.0900  0.0000
5.8153  0.0000  0.0908  -0.0908  0.0000
5.8211  0.0000  0.0909  -0.0909  0.0000
5.8269  0.0000  0.0920  -0.0920  0.0000
5.8324  0.0000  0.0933  -0.0933  0.0000
5.8397  0.0000  0.0940  -0.0940  0.0000
5.8453  0.0000  0.0956  -0.0956  0.0000
5.8507  0.0000  0.0971  -0.0971  0.0000
5.8574  0.0000  0.0998  -0.0998  0.0000
5.8631  0.0000  0.1019  -0.1019  0.0000
5.8688  0.0000  0.1045  -0.1045  0.0000
5.8743  0.0000  0.1073  -0.1073  0.0000
5.8800  0.0000  0.1097  -0.1097  0.0000
5.8854  0.0000  0.1119  -0.1119  0.0000
5.8910  0.0000  0.1130  -0.1130  0.0000
5.8965  0.0000  0.1154  -0.1154  0.0000
5.9021  0.0000  0.1165  -0.1165  0.0000
5.9076  0.0000  0.1176  -0.1176  0.0000
5.9129  0.0000  0.1184  -0.1184  0.0000
5.9185  0.0000  0.1189  -0.1189  0.0000
5.9241  0.0000  0.1191  -0.1191  0.0000
5.9297  0.0000  0.1201  -0.1201  0.0000
5.9353  0.0000  0.1210  -0.1210  0.0000
5.9410  0.0000  0.1222  -0.1222  0.0000
5.9464  0.0000  0.1235  -0.1235  0.0000
5.9521  0.0000  0.1245  -0.1245  0.0000
5.9577  0.0000  0.1253  -0.1253  0.0000
5.9631  0.0000  0.1264  -0.1264  0.0000
5.9688  0.0000  0.1266  -0.1266  0.0000
5.9745  0.0000  0.1271  -0.1271  0.0000
5.9803  0.0000  0.1276  -0.1276  0.0000
5.9857  0.0000  0.1288  -0.1288  0.0000
5.9913  0.0000  0.1301  -0.1301  0.0000
5.9965  0.0000  0.1316  -0.1316  0.0000
6.0030  0.0000  0.1327  -0.1327  0.0000
6.0089  0.0000  0.1344  -0.1344  0.0000
6.0154  0.0000  0.1365  -0.1365  0.0000
6.0255  0.0000  0.1389  -0.1389  0.0000
6.0316  0.0000  0.1425  -0.1425  0.0000
6.0373  0.0000  0.1444  -0.1444  0.0000
6.0431  0.0000  0.1464  -0.1464  0.0000
6.0486  0.0000  0.1483  -0.1483  0.0000
6.0544  0.0000  0.1499  -0.1499  0.0000
6.0598  0.0000  0.1523  -0.1523  0.0000
6.0654  0.0000  0.1538  -0.1538  0.0000
6.0746  0.0000  0.1557  -0.1557  0.0000
6.0824  0.0000  0.1579  -0.1579  0.0000
6.0878  0.0000  0.1605  -0.1605  0.0000
6.0960  0.0000  0.1630  -0.1630  0.0000
6.1016  0.0000  0.1654  -0.1654  0.0000
6.1071  0.0000  0.1673  -0.1673  0.0000
6.1127  0.0000  0.1697  -0.1697  0.0000
6.1183  0.0000  0.1714  -0.1714  0.0000
6.1239  0.0000  0.1737  -0.1737  0.0000
6.1310  0.0000  0.1755  -0.1755  0.0000
6.1368  0.0000  0.1783  -0.1783  0.0000
6.1421  0.0000  0.1802  -0.1802  0.0000
6.1472  0.0000  0.1833  -0.1833  0.0000
6.1525  0.0000  0.1852  -0.1852  0.0000
6.1576  0.0000  0.1873  -0.1873  0.0000
6.1629  0.0000  0.1889  -0.1889  0.0000
6.1682  0.0000  0.1906  -0.1906  0.0000
6.1735  0.0000  0.1922  -0.1922  0.0000
6.1787  0.0000  0.1942  -0.1942  0.0000
6.1839  0.0000  0.1959  -0.1959  0.0000
6.1891  0.0000  0.1973  -0.1973  0.0000
6.1944  0.0000  0.1985  -0.1985  0.0000
6.1996  0.0000  0.2000  -0.2000  0.0000
6.2049  0.0000  0.2013  -0.2013  0.0000
6.2101  0.0000  0.2025  -0.2025  0.0000
6.2158  0.0000  0.2040  -0.2040  0.0000
6.2210  0.0000  0.2053  -0.2053  0.0000
6.2262  0.0000  0.2067  -0.2067  0.0000
6.2315  0.0000  0.2079  -0.2079  0.0000
6.2368  0.0000  0.2088  -0.2088  0.0000
6.2423  0.0000  0.2102  -0.2102  0.0000
6.2475  0.0000  0.2118  -0.2118  0.0000
6.2529  0.0000  0.2130  -0.2130  0.0000
6.2590  0.0000  0.2139  -0.2139  0.0000
6.2650  0.0000  0.2149  -0.2149  0.0000
6.2706  0.0000  0.2159  -0.2159  0.0000
6.2768  0.0000  0.2166  -0.2166  0.0000
6.2821  0.0000  0.2172  -0.2172  0.0000
6.2873  0.0000  0.2178  -0.2178  0.0000
6.2926  0.0000  0.2184  -0.2184  0.0000
6.2978  0.0000  0.2186  -0.2186  0.0000
6.3032  0.0000  0.2191  -0.2191  0.0000
6.3085  0.0000  0.2194  -0.2194  0.0000
6.3143  0.0000  0.2193  -0.2193  0.0000
6.3206  0.0000  0.2197  -0.2197  0.0000
6.3262  0.0000  0.2195  -0.2195  0.0000
6.3330  0.0000  0.2200  -0.2200  0.0000
6.3389  0.0000  0.2208  -0.2208  0.0000
6.3444  0.0000  0.2210  -0.2210  0.0000
6.3515  0.0000  0.2212  -0.2212  0.0000
6.3572  0.0000  0.2213  -0.2213  0.0000
6.3622  0.0000  0.2210  -0.2210  0.0000
6.3672  0.0000  0.2212  -0.2212  0.0000
6.3723  0.0000  0.2212  -0.2212  0.0000
6.3773  0.0000  0.2211  -0.2211  0.0000
6.3825  0.0000  0.2214  -0.2214  0.0000
6.3875  0.0000  0.2212  -0.2212  0.0000
6.3927  0.0000  0.2214  -0.2214  0.0000
6.3977  0.0000  0.2218  -0.2218  0.0000
6.4027  0.0000  0.2217  -0.2217  0.0000
6.4077  0.0000  0.2216  -0.2216  0.0000
6.4128  0.0000  0.2217  -0.2217  0.0000
6.4182  0.0000  0.2212  -0.2212  0.0000
6.4232  0.0000  0.2209  -0.2209  0.0000
6.4283  0.0000  0.2204  -0.2204  0.0000
6.4333  0.0000  0.2205  -0.2205  0.0000
6.4383  0.0000  0.2201  -0.2201  0.0000
6.4433  0.0000  0.2197  -0.2197  0.0000
6.4483  0.0000  0.2194  -0.2194  0.0000
6.4546  0.0000  0.2191  -0.2191  0.0000
6.4596  0.0000  0.2187  -0.2187  0.0000
6.4646  0.0000  0.2182  -0.2182  0.0000
6.4696  0.0000  0.2180  -0.2180  0.0000
6.4746  0.0000  0.2177  -0.2177  0.0000
6.4796  0.0000  0.2178  -0.2178  0.0000
6.4845  0.0000  0.2173  -0.2173  0.0000
6.4896  0.0000  0.2169  -0.2169  0.0000
6.4947  0.0000  0.2165  -0.2165  0.0000
6.4996  0.0000  0.2160  -0.2160  0.0000
6.5046  0.0000  0.2151  -0.2151  0.0000
6.5096  0.0000  0.2141  -0.2141  0.0000
6.5151  0.0000  0.2134  -0.2134  0.0000
6.5208  0.0000  0.2122  -0.2122  0.0000
6.5302  0.0000  0.2110  -0.2110  0.0000
6.5368  0.0000  0.2091  -0.2091  0.0000
6.5420  0.0000  0.2084  -0.2084  0.0000
6.5473  0.0000  0.2080  -0.2080  0.0000
6.5527  0.0000  0.2078  -0.2078  0.0000
6.5580  0.0000  0.2073  -0.2073  0.0000
6.5642  0.0000  0.2067  -0.2067  0.0000
6.5695  0.0000  0.2060  -0.2060  0.0000
6.5787  0.0000  0.2053  -0.2053  0.0000
6.5859  0.0000  0.2038  -0.2038  0.0000
6.5911  0.0000  0.2019  -0.2019  0.0000
6.5964  0.0000  0.2012  -0.2012  0.0000
6.6033  0.0000  0.1999  -0.1999  0.0000
6.6082  0.0000  0.1989  -0.1989  0.0000
6.6140  0.0000  0.1979  -0.1979  0.0000
6.6197  0.0000  0.1979  -0.1979  0.0000
6.6254  0.0000  0.1972  -0.1972  0.0000
6.6309  0.0000  0.1970  -0.1970  0.0000
6.6391  0.0000  0.1970  -0.1970  0.0000
6.6449  0.0000  0.1964  -0.1964  0.0000
6.6506  0.0000  0.1959  -0.1959  0.0000
6.6576  0.0000  0.1959  -0.1959  0.0000
6.6630  0.0000  0.1952  -0.1952  0.0000
6.6681  0.0000  0.1951  -0.1951  0.0000
6.6729  0.0000  0.1950  -0.1950  0.0000
6.6790  0.0000  0.1941  -0.1941  0.0000
6.6844  0.0000  0.1943  -0.1943  0.0000
6.6895  0.0000  0.1936  -0.1936  0.0000
6.6954  0.0000  0.1936  -0.1936  0.0000
6.7009  0.0000  0.1934  -0.1934  0.0000
6.7063  0.0000  0.1930  -0.1930  0.0000
6.7119  0.0000  0.1929  -0.1929  0.0000
6.7173  0.0000  0.1921  -0.1921  0.0000
6.7228  0.0000  0.1917  -0.1917  0.0000
6.7284  0.0000  0.1911  -0.1911  0.0000
6.7339  0.0000  0.1907  -0.1907  0.0000
6.7393  0.0000  0.1900  -0.1900  0.0000
6.7451  0.0000  0.1893  -0.1893  0.0000
6.7502  0.0000  0.1882  -0.1882  0.0000
6.7558  0.0000  0.1873  -0.1873  0.0000
6.7627  0.0000  0.1859  -0.1859  0.0000
6.7680  0.0000  0.1847  -0.1847  0.0000
6.7748  0.0000  0.1834  -0.1834  0.0000
6.7800  0.0000  0.1822  -0.1822  0.0000
6.7863  0.0000  0.1809  -0.1809  0.0000
6.7904  0.0000  0.1796  -0.1796  0.0000
6.7959  0.0000  0.1785  -0.1785  0.0000
6.8017  0.0000  0.1771  -0.1771  0.0000
6.8069  0.0000  0.1758  -0.1758  0.0000
6.8130  0.0000  0.1751  -0.1751  0.0000
6.8182  0.0000  0.1733  -0.1733  0.0000
6.8233  0.0000  0.1720  -0.1720  0.0000
6.8285  0.0000  0.1709  -0.1709  0.0000
6.8338  0.0000  0.1693  -0.1693  0.0000
6.8389  0.0000  0.1682  -0.1682  0.0000
6.8443  0.0000  0.1668  -0.1668  0.0000
6.8495  0.0000  0.1659  -0.1659  0.0000
6.8556  0.0000  0.1648  -0.1648  0.0000
6.8607  0.0000  0.1635  -0.1635  0.0000
6.8661  0.0000  0.1627  -0.1627  0.0000
6.8712  0.0000  0.1619  -0.1619  0.0000
6.8765  0.0000  0.1615  -0.1615  0.0000
6.8817  0.0000  0.1609  -0.1609  0.0000
6.8869  0.0000  0.1603  -0.1603  0.0000
6.8922  0.0000  0.1599  -0.1599  0.0000
6.8972  0.0000  0.1590  -0.1590  0.0000
6.9020  0.0000  0.1582  -0.1582  0.0000
6.9069  0.0000  0.1577  -0.1577  0.0000
6.9121  0.0000  0.1575  -0.1575  0.0000
6.9171  0.0000  0.1569  -0.1569  0.0000
6.9220  0.0000  0.1565  -0.1565  0.0000
6.9270  0.0000  0.1564  -0.1564  0.0000
6.9329  0.0000  0.1561  -0.1561  0.0000
6.9379  0.0000  0.1560  -0.1560  0.0000
6.9429  0.0000  0.1560  -0.1560  0.0000
6.9479  0.0000  0.1560  -0.1560  0.0000
6.9529  0.0000  0.1560  -0.1560  0.0000
6.9578  0.0000  0.1562  -0.1562  0.0000
6.9628  0.0000  0.1559  -0.1559  0.0000
6.9676  0.0000  0.1560  -0.1560  0.0000
6.9727  0.0000  0.1562  -0.1562  0.0000
6.9776  0.0000  0.1563  -0.1563  0.0000
6.9827  0.0000  0.1562  -0.1562  0.0000
6.9877  0.0000  0.1563  -0.1563  0.0000
6.9927  0.0000  0.1564  -0.1564  0.0000
6.9977  0.0000  0.1564  -0.1564  0.0000
7.0028  0.0000  0.1569  -0.1569  0.0000
7.0077  0.0000  0.1569  -0.1569  0.0000
7.0127  0.0000  0.1567  -0.1567  0.0000
7.0181  0.0000  0.1568  -0.1568  0.0000
7.0238  0.0000  0.1571  -0.1571  0.0000
7.0346  0.0000  0.1571  -0.1571  0.0000
7.0401  0.0000  0.1577  -0.1577  0.0000
7.0451  0.0000  0.1582  -0.1582  0.0000
7.0499  0.0000  0.1585  -0.1585  0.0000
7.0558  0.0000  0.1593  -0.1593  0.0000
7.0608  0.0000  0.1598  -0.1598  0.0000
7.0657  0.0000  0.1603  -0.1603  0.0000
7.0705  0.0000  0.1609  -0.1609  0.0000
7.0755  0.0000  0.1616  -0.1616  0.0000
7.0840  0.0000  0.1622  -0.1622  0.0000
7.0910  0.0000  0.1635  -0.1635  0.0000
7.0960  0.0000  0.1652  -0.1652  0.0000
7.1009  0.0000  0.1656  -0.1656  0.0000
7.1074  0.0000  0.1664  -0.1664  0.0000
7.1123  0.0000  0.1671  -0.1671  0.0000
7.1173  0.0000  0.1680  -0.1680  0.0000
7.1222  0.0000  0.1686  -0.1686  0.0000
7.1271  0.0000  0.1690  -0.1690  0.0000
7.1322  0.0000  0.1698  -0.1698  0.0000
7.1370  0.0000  0.1702  -0.1702  0.0000
7.1419  0.0000  0.1713  -0.1713  0.0000
7.1469  0.0000  0.1721  -0.1721  0.0000
7.1519  0.0000  0.1734  -0.1734  0.0000
7.1569  0.0000  0.1747  -0.1747  0.0000
7.1618  0.0000  0.1760  -0.1760  0.0000
7.1667  0.0000  0.1772  -0.1772  0.0000
7.1716  0.0000  0.1785  -0.1785  0.0000
7.1757  0.0000  0.1795  -0.1795  0.0000
7.1806  0.0000  0.1800  -0.1800  0.0000
7.1856  0.0000  0.1808  -0.1808  0.0000
7.1905  0.0000  0.1813  -0.1813  0.0000
7.1954  0.0000  0.1816  -0.1816  0.0000
7.2003  0.0000  0.1817  -0.1817  0.0000
7.2053  0.0000  0.1816  -0.1816  0.0000
7.2102  0.0000  0.1823  -0.1823  0.0000
7.2152  0.0000  0.1836  -0.1836  0.0000
7.2200  0.0000  0.1854  -0.1854  0.0000
7.2251  0.0000  0.1867  -0.1867  0.0000
7.2300  0.0000  0.1878  -0.1878  0.0000
7.2351  0.0000  0.1893  -0.1893  0.0000
7.2400  0.0000  0.1910  -0.1910  0.0000
7.2451  0.0000  0.1916  -0.1916  0.0000
7.2501  0.0000  0.1922  -0.1922  0.0000
7.2555  0.0000  0.1929  -0.1929  0.0000
7.2612  0.0000  0.1931  -0.1931  0.0000
7.2665  0.0000  0.1936  -0.1936  0.0000
7.2717  0.0000  0.1942  -0.1942  0.0000
7.2759  0.0000  0.1951  -0.1951  0.0000
7.2808  0.0000  0.1955  -0.1955  0.0000
7.2858  0.0000  0.1962  -0.1962  0.0000
7.2917  0.0000  0.1968  -0.1968  0.0000
7.2966  0.0000  0.1973  -0.1973  0.0000
7.3017  0.0000  0.1971  -0.1971  0.0000
7.3066  0.0000  0.1965  -0.1965  0.0000
7.3116  0.0000  0.1967  -0.1967  0.0000
7.3165  0.0000  0.1964  -0.1964  0.0000
7.3215  0.0000  0.1961  -0.1961  0.0000
7.3264  0.0000  0.1959  -0.1959  0.0000
7.3313  0.0000  0.1959  -0.1959  0.0000
7.3364  0.0000  0.1963  -0.1963  0.0000
7.3413  0.0000  0.1962  -0.1962  0.0000
7.3462  0.0000  0.1965  -0.1965  0.0000
7.3509  0.0000  0.1968  -0.1968  0.0000
7.3560  0.0000  0.1969  -0.1969  0.0000
7.3622  0.0000  0.1964  -0.1964  0.0000
7.3670  0.0000  0.1958  -0.1958  0.0000
7.3721  0.0000  0.1951  -0.1951  0.0000
7.3770  0.0000  0.1945  -0.1945  0.0000
7.3820  0.0000  0.1939  -0.1939  0.0000
7.3870  0.0000  0.1934  -0.1934  0.0000
7.3921  0.0000  0.1930  -0.1930  0.0000
7.3970  0.0000  0.1926  -0.1926  0.0000
7.4020  0.0000  0.1925  -0.1925  0.0000
7.4071  0.0000  0.1920  -0.1920  0.0000
7.4122  0.0000  0.1917  -0.1917  0.0000
7.4171  0.0000  0.1914  -0.1914  0.0000
7.4220  0.0000  0.1907  -0.1907  0.0000
7.4269  0.0000  0.1906  -0.1906  0.0000
7.4318  0.0000  0.1898  -0.1898  0.0000
7.4368  0.0000  0.1895  -0.1895  0.0000
7.4418  0.0000  0.1891  -0.1891  0.0000
7.4467  0.0000  0.1884  -0.1884  0.0000
7.4519  0.0000  0.1880  -0.1880  0.0000
7.4570  0.0000  0.1877  -0.1877  0.0000
7.4621  0.0000  0.1876  -0.1876  0.0000
7.4673  0.0000  0.1877  -0.1877  0.0000
7.4725  0.0000  0.1875  -0.1875  0.0000
7.4778  0.0000  0.1877  -0.1877  0.0000
7.4830  0.0000  0.1872  -0.1872  0.0000
7.4882  0.0000  0.1870  -0.1870  0.0000
7.4937  0.0000  0.1871  -0.1871  0.0000
7.4990  0.0000  0.1868  -0.1868  0.0000
7.5044  0.0000  0.1867  -0.1867  0.0000
7.5096  0.0000  0.1861  -0.1861  0.0000
7.5156  0.0000  0.1859  -0.1859  0.0000
7.5218  0.0000  0.1849  -0.1849  0.0000
7.5272  0.0000  0.1844  -0.1844  0.0000
7.5399  0.0000  0.1839  -0.1839  0.0000
7.5472  0.0000  0.1826  -0.1826  0.0000
7.5526  0.0000  0.1827  -0.1827  0.0000
7.5579  0.0000  0.1821  -0.1821  0.0000
7.5634  0.0000  0.1816  -0.1816  0.0000
7.5687  0.0000  0.1814  -0.1814  0.0000
7.5740  0.0000  0.1808  -0.1808  0.0000
7.5793  0.0000  0.1802  -0.1802  0.0000
7.5882  0.0000  0.1791  -0.1791  0.0000
7.5992  0.0000  0.1772  -0.1772  0.0000
7.6049  0.0000  0.1748  -0.1748  0.0000
7.6103  0.0000  0.1741  -0.1741  0.0000
7.6198  0.0000  0.1739  -0.1739  0.0000
7.6259  0.0000  0.1720  -0.1720  0.0000
7.6318  0.0000  0.1716  -0.1716  0.0000
7.6362  0.0000  0.1705  -0.1705  0.0000
7.6414  0.0000  0.1701  -0.1701  0.0000
7.6468  0.0000  0.1694  -0.1694  0.0000
7.6527  0.0000  0.1683  -0.1683  0.0000
7.6579  0.0000  0.1674  -0.1674  0.0000
7.6631  0.0000  0.1666  -0.1666  0.0000
7.6682  0.0000  0.1660  -0.1660  0.0000
7.6734  0.0000  0.1650  -0.1650  0.0000
7.6786  0.0000  0.1642  -0.1642  0.0000
7.6836  0.0000  0.1636  -0.1636  0.0000
7.6887  0.0000  0.1629  -0.1629  0.0000
7.6940  0.0000  0.1623  -0.1623  0.0000
7.6993  0.0000  0.1615  -0.1615  0.0000
7.7043  0.0000  0.1610  -0.1610  0.0000
7.7094  0.0000  0.1602  -0.1602  0.0000
7.7146  0.0000  0.1593  -0.1593  0.0000
7.7198  0.0000  0.1583  -0.1583  0.0000
7.7251  0.0000  0.1573  -0.1573  0.0000
7.7302  0.0000  0.1560  -0.1560  0.0000
7.7355  0.0000  0.1553  -0.1553  0.0000
7.7406  0.0000  0.1544  -0.1544  0.0000
7.7457  0.0000  0.1537  -0.1537  0.0000
7.7508  0.0000  0.1528  -0.1528  0.0000
7.7566  0.0000  0.1524  -0.1524  0.0000
7.7617  0.0000  0.1517  -0.1517  0.0000
7.7669  0.0000  0.1512  -0.1512  0.0000
7.7729  0.0000  0.1499  -0.1499  0.0000
7.7808  0.0000  0.1495  -0.1495  0.0000
7.7862  0.0000  0.1475  -0.1475  0.0000
7.7918  0.0000  0.1462  -0.1462  0.0000
7.7960  0.0000  0.1442  -0.1442  0.0000
7.8011  0.0000  0.1431  -0.1431  0.0000
7.8063  0.0000  0.1414  -0.1414  0.0000
7.8115  0.0000  0.1387  -0.1387  0.0000
7.8169  0.0000  0.1370  -0.1370  0.0000
7.8222  0.0000  0.1359  -0.1359  0.0000
7.8274  0.0000  0.1348  -0.1348  0.0000
7.8327  0.0000  0.1330  -0.1330  0.0000
7.8378  0.0000  0.1315  -0.1315  0.0000
7.8430  0.0000  0.1305  -0.1305  0.0000
7.8482  0.0000  0.1294  -0.1294  0.0000
7.8539  0.0000  0.1287  -0.1287  0.0000
7.8590  0.0000  0.1281  -0.1281  0.0000
7.8640  0.0000  0.1279  -0.1279  0.0000
7.8700  0.0000  0.1272  -0.1272  0.0000
7.8750  0.0000  0.1268  -0.1268  0.0000
7.8801  0.0000  0.1261  -0.1261  0.0000
7.8850  0.0000  0.1251  -0.1251  0.0000
7.8899  0.0000  0.1247  -0.1247  0.0000
7.8958  0.0000  0.1237  -0.1237  0.0000
7.9007  0.0000  0.1227  -0.1227  0.0000
7.9056  0.0000  0.1216  -0.1216  0.0000
7.9105  0.0000  0.1202  -0.1202  0.0000
7.9155  0.0000  0.1190  -0.1190  0.0000
7.9206  0.0000  0.1180  -0.1180  0.0000
7.9255  0.0000  0.1164  -0.1164  0.0000
7.9304  0.0000  0.1160  -0.1160  0.0000
7.9354  0.0000  0.1155  -0.1155  0.0000
7.9404  0.0000  0.1151  -0.1151  0.0000
7.9453  0.0000  0.1151  -0.1151  0.0000
7.9502  0.0000  0.1150  -0.1150  0.0000
7.9551  0.0000  0.1152  -0.1152  0.0000
7.9600  0.0000  0.1151  -0.1151  0.0000
7.9650  0.0000  0.1154  -0.1154  0.0000
7.9700  0.0000  0.1154  -0.1154  0.0000
7.9751  0.0000  0.1152  -0.1152  0.0000
7.9800  0.0000  0.1150  -0.1150  0.0000
7.9849  0.0000  0.1150  -0.1150  0.0000
7.9903  0.0000  0.1148  -0.1148  0.0000
7.9952  0.0000  0.1150  -0.1150  0.0000
8.0000  0.0000  0.1147  -0.1147  0.0000
8.0050  0.0000  0.1151  -0.1151  0.0000
8.0108  0.0000  0.1154  -0.1154  0.0000
8.0162  0.0000  0.1154  -0.1154  0.0000
8.0220  0.0000  0.1159  -0.1159  0.0000
8.0273  0.0000  0.1164  -0.1164  0.0000
8.0327  0.0000  0.1165  -0.1165  0.0000
8.0429  0.0000  0.1170  -0.1170  0.0000
8.0484  0.0000  0.1178  -0.1178  0.0000
8.0536  0.0000  0.1181  -0.1181  0.0000
8.0588  0.0000  0.1186  -0.1186  0.0000
8.0639  0.0000  0.1189  -0.1189  0.0000
8.0689  0.0000  0.1191  -0.1191  0.0000
8.0741  0.0000  0.1195  -0.1195  0.0000
8.0791  0.0000  0.1199  -0.1199  0.0000
8.0840  0.0000  0.1205  -0.1205  0.0000
8.0929  0.0000  0.1208  -0.1208  0.0000
8.0978  0.0000  0.1216  -0.1216  0.0000
8.1050  0.0000  0.1222  -0.1222  0.0000
8.1100  0.0000  0.1230  -0.1230  0.0000
8.1149  0.0000  0.1233  -0.1233  0.0000
8.1199  0.0000  0.1236  -0.1236  0.0000
8.1264  0.0000  0.1243  -0.1243  0.0000
8.1317  0.0000  0.1243  -0.1243  0.0000
8.1368  0.0000  0.1251  -0.1251  0.0000
8.1420  0.0000  0.1255  -0.1255  0.0000
8.1472  0.0000  0.1255  -0.1255  0.0000
8.1527  0.0000  0.1257  -0.1257  0.0000
8.1578  0.0000  0.1266  -0.1266  0.0000
8.1629  0.0000  0.1276  -0.1276  0.0000
8.1681  0.0000  0.1289  -0.1289  0.0000
8.1734  0.0000  0.1299  -0.1299  0.0000
8.1791  0.0000  0.1312  -0.1312  0.0000
8.1846  0.0000  0.1329  -0.1329  0.0000
8.1902  0.0000  0.1335  -0.1335  0.0000
8.1958  0.0000  0.1348  -0.1348  0.0000
8.2013  0.0000  0.1357  -0.1357  0.0000
8.2068  0.0000  0.1371  -0.1371  0.0000
8.2125  0.0000  0.1377  -0.1377  0.0000
8.2178  0.0000  0.1388  -0.1388  0.0000
8.2236  0.0000  0.1393  -0.1393  0.0000
8.2290  0.0000  0.1397  -0.1397  0.0000
8.2345  0.0000  0.1410  -0.1410  0.0000
8.2401  0.0000  0.1424  -0.1424  0.0000
8.2457  0.0000  0.1433  -0.1433  0.0000
8.2512  0.0000  0.1448  -0.1448  0.0000
8.2570  0.0000  0.1455  -0.1455  0.0000
8.2629  0.0000  0.1466  -0.1466  0.0000
8.2684  0.0000  0.1476  -0.1476  0.0000
8.2743  0.0000  0.1478  -0.1478  0.0000
8.2813  0.0000  0.1486  -0.1486  0.0000
8.2891  0.0000  0.1484  -0.1484  0.0000
8.2956  0.0000  0.1486  -0.1486  0.0000
8.3009  0.0000  0.1486  -0.1486  0.0000
8.3063  0.0000  0.1495  -0.1495  0.0000
8.3117  0.0000  0.1500  -0.1500  0.0000
8.3170  0.0000  0.1508  -0.1508  0.0000
8.3223  0.0000  0.1514  -0.1514  0.0000
8.3275  0.0000  0.1522  -0.1522  0.0000
8.3329  0.0000  0.1529  -0.1529  0.0000
8.3382  0.0000  0.1536  -0.1536  0.0000
8.3435  0.0000  0.1542  -0.1542  0.0000
8.3488  0.0000  0.1546  -0.1546  0.0000
8.3544  0.0000  0.1547  -0.1547  0.0000
8.3596  0.0000  0.1547  -0.1547  0.0000
8.3648  0.0000  0.1541  -0.1541  0.0000
8.3705  0.0000  0.1538  -0.1538  0.0000
8.3785  0.0000  0.1540  -0.1540  0.0000
8.3838  0.0000  0.1549  -0.1549  0.0000
8.3891  0.0000  0.1552  -0.1552  0.0000
8.3943  0.0000  0.1558  -0.1558  0.0000
8.3996  0.0000  0.1565  -0.1565  0.0000
8.4049  0.0000  0.1569  -0.1569  0.0000
8.4101  0.0000  0.1575  -0.1575  0.0000
8.4158  0.0000  0.1581  -0.1581  0.0000
8.4211  0.0000  0.1586  -0.1586  0.0000
8.4263  0.0000  0.1591  -0.1591  0.0000
8.4324  0.0000  0.1595  -0.1595  0.0000
8.4373  0.0000  0.1599  -0.1599  0.0000
8.4423  0.0000  0.1599  -0.1599  0.0000
8.4471  0.0000  0.1605  -0.1605  0.0000
8.4522  0.0000  0.1608  -0.1608  0.0000
8.4571  0.0000  0.1612  -0.1612  0.0000
8.4621  0.0000  0.1615  -0.1615  0.0000
8.4670  0.0000  0.1618  -0.1618  0.0000
8.4720  0.0000  0.1623  -0.1623  0.0000
8.4770  0.0000  0.1628  -0.1628  0.0000
8.4821  0.0000  0.1631  -0.1631  0.0000
8.4870  0.0000  0.1637  -0.1637  0.0000
8.4928  0.0000  0.1643  -0.1643  0.0000
8.4978  0.0000  0.1644  -0.1644  0.0000
8.5028  0.0000  0.1646  -0.1646  0.0000
8.5077  0.0000  0.1649  -0.1649  0.0000
8.5129  0.0000  0.1654  -0.1654  0.0000
8.5190  0.0000  0.1655  -0.1655  0.0000
8.5243  0.0000  0.1657  -0.1657  0.0000
8.5296  0.0000  0.1659  -0.1659  0.0000
8.5352  0.0000  0.1659  -0.1659  0.0000
8.5446  0.0000  0.1660  -0.1660  0.0000
8.5502  0.0000  0.1657  -0.1657  0.0000
8.5551  0.0000  0.1654  -0.1654  0.0000
8.5605  0.0000  0.1651  -0.1651  0.0000
8.5657  0.0000  0.1651  -0.1651  0.0000
8.5709  0.0000  0.1642  -0.1642  0.0000
8.5797  0.0000  0.1638  -0.1638  0.0000
8.5853  0.0000  0.1631  -0.1631  0.0000
8.5962  0.0000  0.1626  -0.1626  0.0000
8.6019  0.0000  0.1617  -0.1617  0.0000
8.6115  0.0000  0.1610  -0.1610  0.0000
8.6169  0.0000  0.1601  -0.1601  0.0000
8.6229  0.0000  0.1585  -0.1585  0.0000
8.6280  0.0000  0.1580  -0.1580  0.0000
8.6341  0.0000  0.1571  -0.1571  0.0000
8.6392  0.0000  0.1558  -0.1558  0.0000
8.6443  0.0000  0.1547  -0.1547  0.0000
8.6495  0.0000  0.1536  -0.1536  0.0000
8.6551  0.0000  0.1531  -0.1531  0.0000
8.6605  0.0000  0.1515  -0.1515  0.0000
8.6658  0.0000  0.1508  -0.1508  0.0000
8.6711  0.0000  0.1504  -0.1504  0.0000
8.6769  0.0000  0.1494  -0.1494  0.0000
8.6828  0.0000  0.1483  -0.1483  0.0000
8.6884  0.0000  0.1471  -0.1471  0.0000
8.6940  0.0000  0.1464  -0.1464  0.0000
8.6998  0.0000  0.1450  -0.1450  0.0000
8.7054  0.0000  0.1437  -0.1437  0.0000
8.7112  0.0000  0.1421  -0.1421  0.0000
8.7170  0.0000  0.1408  -0.1408  0.0000
8.7227  0.0000  0.1397  -0.1397  0.0000
8.7285  0.0000  0.1388  -0.1388  0.0000
8.7354  0.0000  0.1380  -0.1380  0.0000
8.7410  0.0000  0.1364  -0.1364  0.0000
8.7467  0.0000  0.1355  -0.1355  0.0000
8.7523  0.0000  0.1342  -0.1342  0.0000
8.7579  0.0000  0.1333  -0.1333  0.0000
8.7630  0.0000  0.1320  -0.1320  0.0000
8.7687  0.0000  0.1312  -0.1312  0.0000
8.7775  0.0000  0.1306  -0.1306  0.0000
8.7839  0.0000  0.1291  -0.1291  0.0000
8.7898  0.0000  0.1283  -0.1283  0.0000
8.7961  0.0000  0.1279  -0.1279  0.0000
8.8018  0.0000  0.1272  -0.1272  0.0000
8.8074  0.0000  0.1264  -0.1264  0.0000
8.8133  0.0000  0.1260  -0.1260  0.0000
8.8191  0.0000  0.1255  -0.1255  0.0000
8.8255  0.0000  0.1249  -0.1249  0.0000
8.8311  0.0000  0.1238  -0.1238  0.0000
8.8369  0.0000  0.1236  -0.1236  0.0000
8.8424  0.0000  0.1228  -0.1228  0.0000
8.8482  0.0000  0.1222  -0.1222  0.0000
8.8552  0.0000  0.1218  -0.1218  0.0000
8.8609  0.0000  0.1214  -0.1214  0.0000
8.8666  0.0000  0.1207  -0.1207  0.0000
8.8723  0.0000  0.1204  -0.1204  0.0000
8.8779  0.0000  0.1200  -0.1200  0.0000
8.8856  0.0000  0.1197  -0.1197  0.0000
8.8912  0.0000  0.1187  -0.1187  0.0000
8.8971  0.0000  0.1185  -0.1185  0.0000
8.9029  0.0000  0.1180  -0.1180  0.0000
8.9086  0.0000  0.1176  -0.1176  0.0000
8.9144  0.0000  0.1174  -0.1174  0.0000
8.9202  0.0000  0.1174  -0.1174  0.0000
8.9259  0.0000  0.1172  -0.1172  0.0000
8.9318  0.0000  0.1172  -0.1172  0.0000
8.9377  0.0000  0.1172  -0.1172  0.0000
8.9435  0.0000  0.1172  -0.1172  0.0000
8.9494  0.0000  0.1170  -0.1170  0.0000
8.9553  0.0000  0.1171  -0.1171  0.0000
8.9609  0.0000  0.1173  -0.1173  0.0000
8.9666  0.0000  0.1175  -0.1175  0.0000
8.9724  0.0000  0.1176  -0.1176  0.0000
8.9783  0.0000  0.1180  -0.1180  0.0000
8.9840  0.0000  0.1179  -0.1179  0.0000
8.9897  0.0000  0.1182  -0.1182  0.0000
8.9956  0.0000  0.1182  -0.1182  0.0000
9.0012  0.0000  0.1182  -0.1182  0.0000
9.0071  0.0000  0.1183  -0.1183  0.0000
9.0208  0.0000  0.1182  -0.1182  0.0000
9.0264  0.0000  0.1182  -0.1182  0.0000
9.0321  0.0000  0.1182  -0.1182  0.0000
9.0388  0.0000  0.1183  -0.1183  0.0000
9.0455  0.0000  0.1183  -0.1183  0.0000
9.0507  0.0000  0.1181  -0.1181  0.0000
9.0570  0.0000  0.1180  -0.1180  0.0000
9.0627  0.0000  0.1182  -0.1182  0.0000
9.0682  0.0000  0.1181  -0.1181  0.0000
9.0729  0.0000  0.1180  -0.1180  0.0000
9.0786  0.0000  0.1176  -0.1176  0.0000
9.0842  0.0000  0.1173  -0.1173  0.0000
9.0898  0.0000  0.1167  -0.1167  0.0000
9.0998  0.0000  0.1156  -0.1156  0.0000
9.1054  0.0000  0.1155  -0.1155  0.0000
9.1132  0.0000  0.1152  -0.1152  0.0000
9.1188  0.0000  0.1147  -0.1147  0.0000
9.1243  0.0000  0.1145  -0.1145  0.0000
9.1300  0.0000  0.1137  -0.1137  0.0000
9.1373  0.0000  0.1133  -0.1133  0.0000
9.1428  0.0000  0.1120  -0.1120  0.0000
9.1478  0.0000  0.1109  -0.1109  0.0000
9.1529  0.0000  0.1102  -0.1102  0.0000
9.1583  0.0000  0.1099  -0.1099  0.0000
9.1635  0.0000  0.1091  -0.1091  0.0000
9.1686  0.0000  0.1090  -0.1090  0.0000
9.1740  0.0000  0.1090  -0.1090  0.0000
9.1794  0.0000  0.1087  -0.1087  0.0000
9.1845  0.0000  0.1080  -0.1080  0.0000
9.1896  0.0000  0.1076  -0.1076  0.0000
9.1942  0.0000  0.1067  -0.1067  0.0000
9.1999  0.0000  0.1063  -0.1063  0.0000
9.2054  0.0000  0.1052  -0.1052  0.0000
9.2111  0.0000  0.1043  -0.1043  0.0000
9.2155  0.0000  0.1038  -0.1038  0.0000
9.2210  0.0000  0.1033  -0.1033  0.0000
9.2266  0.0000  0.1027  -0.1027  0.0000
9.2321  0.0000  0.1025  -0.1025  0.0000
9.2377  0.0000  0.1021  -0.1021  0.0000
9.2434  0.0000  0.1021  -0.1021  0.0000
9.2490  0.0000  0.1028  -0.1028  0.0000
9.2546  0.0000  0.1028  -0.1028  0.0000
9.2605  0.0000  0.1022  -0.1022  0.0000
9.2662  0.0000  0.1020  -0.1020  0.0000
9.2721  0.0000  0.1010  -0.1010  0.0000
9.2778  0.0000  0.1002  -0.1002  0.0000
9.2825  0.0000  0.0992  -0.0992  0.0000
9.2883  0.0000  0.0980  -0.0980  0.0000
9.2953  0.0000  0.0987  -0.0987  0.0000
9.3009  0.0000  0.0978  -0.0978  0.0000
9.3065  0.0000  0.0979  -0.0979  0.0000
9.3123  0.0000  0.0976  -0.0976  0.0000
9.3180  0.0000  0.0974  -0.0974  0.0000
9.3238  0.0000  0.0966  -0.0966  0.0000
9.3294  0.0000  0.0966  -0.0966  0.0000
9.3362  0.0000  0.0960  -0.0960  0.0000
9.3420  0.0000  0.0963  -0.0963  0.0000
9.3480  0.0000  0.0962  -0.0962  0.0000
9.3540  0.0000  0.0968  -0.0968  0.0000
9.3594  0.0000  0.0969  -0.0969  0.0000
9.3649  0.0000  0.0968  -0.0968  0.0000
9.3708  0.0000  0.0966  -0.0966  0.0000
9.3765  0.0000  0.0967  -0.0967  0.0000
9.3808  0.0000  0.0967  -0.0967  0.0000
9.3864  0.0000  0.0966  -0.0966  0.0000
9.3935  0.0000  0.0964  -0.0964  0.0000
9.3992  0.0000  0.0966  -0.0966  0.0000
9.4047  0.0000  0.0964  -0.0964  0.0000
9.4092  0.0000  0.0963  -0.0963  0.0000
9.4155  0.0000  0.0961  -0.0961  0.0000
9.4217  0.0000  0.0956  -0.0956  0.0000
9.4279  0.0000  0.0957  -0.0957  0.0000
9.4350  0.0000  0.0954  -0.0954  0.0000
9.4406  0.0000  0.0954  -0.0954  0.0000
9.4462  0.0000  0.0948  -0.0948  0.0000
9.4524  0.0000  0.0946  -0.0946  0.0000
9.4582  0.0000  0.0944  -0.0944  0.0000
9.4640  0.0000  0.0942  -0.0942  0.0000
9.4697  0.0000  0.0939  -0.0939  0.0000
9.4754  0.0000  0.0936  -0.0936  0.0000
9.4809  0.0000  0.0933  -0.0933  0.0000
9.4876  0.0000  0.0931  -0.0931  0.0000
9.4943  0.0000  0.0927  -0.0927  0.0000
9.5010  0.0000  0.0921  -0.0921  0.0000
9.5076  0.0000  0.0915  -0.0915  0.0000
9.5144  0.0000  0.0911  -0.0911  0.0000
9.5264  0.0000  0.0905  -0.0905  0.0000
9.5333  0.0000  0.0894  -0.0894  0.0000
9.5392  0.0000  0.0884  -0.0884  0.0000
9.5458  0.0000  0.0875  -0.0875  0.0000
9.5526  0.0000  0.0869  -0.0869  0.0000
9.5602  0.0000  0.0864  -0.0864  0.0000
9.5668  0.0000  0.0856  -0.0856  0.0000
9.5748  0.0000  0.0849  -0.0849  0.0000
9.5816  0.0000  0.0837  -0.0837  0.0000
9.5883  0.0000  0.0830  -0.0830  0.0000
9.5950  0.0000  0.0821  -0.0821  0.0000
9.6054  0.0000  0.0814  -0.0814  0.0000
9.6148  0.0000  0.0806  -0.0806  0.0000
9.6217  0.0000  0.0795  -0.0795  0.0000
9.6283  0.0000  0.0789  -0.0789  0.0000
9.6351  0.0000  0.0786  -0.0786  0.0000
9.6439  0.0000  0.0780  -0.0780  0.0000
9.6522  0.0000  0.0774  -0.0774  0.0000
9.6592  0.0000  0.0767  -0.0767  0.0000
9.6664  0.0000  0.0763  -0.0763  0.0000
9.6718  0.0000  0.0755  -0.0755  0.0000
9.6809  0.0000  0.0749  -0.0749  0.0000
9.6872  0.0000  0.0741  -0.0741  0.0000
9.6939  0.0000  0.0734  -0.0734  0.0000
9.7007  0.0000  0.0726  -0.0726  0.0000
9.7065  0.0000  0.0721  -0.0721  0.0000
9.7122  0.0000  0.0714  -0.0714  0.0000
9.7182  0.0000  0.0708  -0.0708  0.0000
9.7238  0.0000  0.0702  -0.0702  0.0000
9.7295  0.0000  0.0696  -0.0696  0.0000
9.7355  0.0000  0.0689  -0.0689  0.0000
9.7412  0.0000  0.0682  -0.0682  0.0000
9.7471  0.0000  0.0675  -0.0675  0.0000
9.7528  0.0000  0.0671  -0.0671  0.0000
9.7590  0.0000  0.0667  -0.0667  0.0000
9.7649  0.0000  0.0664  -0.0664  0.0000
9.7706  0.0000  0.0661  -0.0661  0.0000
9.7766  0.0000  0.0658  -0.0658  0.0000
9.7823  0.0000  0.0656  -0.0656  0.0000
9.7888  0.0000  0.0654  -0.0654  0.0000
9.7961  0.0000  0.0654  -0.0654  0.0000
9.8029  0.0000  0.0652  -0.0652  0.0000
9.8088  0.0000  0.0651  -0.0651  0.0000
9.8146  0.0000  0.0650  -0.0650  0.0000
9.8202  0.0000  0.0648  -0.0648  0.0000
9.8257  0.0000  0.0646  -0.0646  0.0000
9.8316  0.0000  0.0646  -0.0646  0.0000
9.8372  0.0000  0.0644  -0.0644  0.0000
9.8429  0.0000  0.0644  -0.0644  0.0000
9.8484  0.0000  0.0642  -0.0642  0.0000
9.8541  0.0000  0.0642  -0.0642  0.0000
9.8597  0.0000  0.0641  -0.0641  0.0000
9.8652  0.0000  0.0640  -0.0640  0.0000
9.8706  0.0000  0.0640  -0.0640  0.0000
9.8760  0.0000  0.0641  -0.0641  0.0000
9.8816  0.0000  0.0640  -0.0640  0.0000
9.8871  0.0000  0.0640  -0.0640  0.0000
9.8927  0.0000  0.0641  -0.0641  0.0000
9.9000  0.0000  0.0641  -0.0641  0.0000
9.9054  0.0000  0.0642  -0.0642  0.0000
9.9109  0.0000  0.0642  -0.0642  0.0000
9.9163  0.0000  0.0643  -0.0643  0.0000
9.9218  0.0000  0.0644  -0.0644  0.0000
9.9273  0.0000  0.0643  -0.0643  0.0000
9.9329  0.0000  0.0643  -0.0643  0.0000
9.9386  0.0000  0.0643  -0.0643  0.0000
9.9442  0.0000  0.0644  -0.0644  0.0000
9.9496  0.0000  0.0645  -0.0645  0.0000
9.9553  0.0000  0.0645  -0.0645  0.0000
9.9606  0.0000  0.0647  -0.0647  0.0000
9.9660  0.0000  0.0649  -0.0649  0.0000
9.9714  0.0000  0.0650  -0.0650  0.0000
9.9769  0.0000  0.0651  -0.0651  0.0000
9.9822  0.0000  0.0653  -0.0653  0.0000
9.9877  0.0000  0.0656  -0.0656  0.0000
9.9930  0.0000  0.0658  -0.0658  0.0000
9.9989  0.0000  0.0660  -0.0660  0.0000
10.0043  0.0000  0.0662  -0.0662  0.0000
10.0099  0.0000  0.0664  -0.0664  0.0000
10.0155  0.0000  0.0666  -0.0666  0.0000
10.0208  0.0000  0.0668  -0.0668  0.0000
10.0319  0.0000  0.0669  -0.0669  0.0000
10.0412  0.0000  0.0670  -0.0670  0.0000
10.0474  0.0000  0.0670  -0.0670  0.0000
10.0556  0.0000  0.0669  -0.0669  0.0000
10.0618  0.0000  0.0667  -0.0667  0.0000
10.0676  0.0000  0.0666  -0.0666  0.0000
10.0733  0.0000  0.0664  -0.0664  0.0000
10.0790  0.0000  0.0663  -0.0663  0.0000
10.0848  0.0000  0.0663  -0.0663  0.0000
10.0906  0.0000  0.0661  -0.0661  0.0000
10.0963  0.0000  0.0660  -0.0660  0.0000
10.1022  0.0000  0.0660  -0.0660  0.0000
10.1118  0.0000  0.0660  -0.0660  0.0000
10.1198  0.0000  0.0662  -0.0662  0.0000
10.1256  0.0000  0.0663  -0.0663  0.0000
10.1312  0.0000  0.0664  -0.0664  0.0000
10.1372  0.0000  0.0664  -0.0664  0.0000
10.1431  0.0000  0.0665  -0.0665  0.0000
10.1489  0.0000  0.0666  -0.0666  0.0000
10.1567  0.0000  0.0667  -0.0667  0.0000
10.1625  0.0000  0.0666  -0.0666  0.0000
10.1683  0.0000  0.0666  -0.0666  0.0000
10.1754  0.0000  0.0667  -0.0667  0.0000
10.1811  0.0000  0.0666  -0.0666  0.0000
10.1870  0.0000  0.0666  -0.0666  0.0000
10.1928  0.0000  0.0665  -0.0665  0.0000
10.1986  0.0000  0.0665  -0.0665  0.0000
10.2044  0.0000  0.0665  -0.0665  0.0000
10.2104  0.0000  0.0665  -0.0665  0.0000
10.2161  0.0000  0.0665  -0.0665  0.0000
10.2220  0.0000  0.0665  -0.0665  0.0000
10.2276  0.0000  0.0665  -0.0665  0.0000
10.2336  0.0000  0.0664  -0.0664  0.0000
10.2393  0.0000  0.0665  -0.0665  0.0000
10.2456  0.0000  0.0665  -0.0665  0.0000
10.2514  0.0000  0.0665  -0.0665  0.0000
10.2573  0.0000  0.0665  -0.0665  0.0000
10.2631  0.0000  0.0665  -0.0665  0.0000
10.2691  0.0000  0.0665  -0.0665  0.0000
10.2748  0.0000  0.0665  -0.0665  0.0000
10.2806  0.0000  0.0665  -0.0665  0.0000
10.2864  0.0000  0.0666  -0.0666  0.0000
10.2923  0.0000  0.0666  -0.0666  0.0000
10.2992  0.0000  0.0666  -0.0666  0.0000
10.3061  0.0000  0.0666  -0.0666  0.0000
10.3123  0.0000  0.0666  -0.0666  0.0000
10.3191  0.0000  0.0666  -0.0666  0.0000
10.3244  0.0000  0.0666  -0.0666  0.0000
10.3299  0.0000  0.0666  -0.0666  0.0000
10.3353  0.0000  0.0666  -0.0666  0.0000
10.3406  0.0000  0.0665  -0.0665  0.0000
10.3459  0.0000  0.0665  -0.0665  0.0000
10.3524  0.0000  0.0665  -0.0665  0.0000
10.3578  0.0000  0.0666  -0.0666  0.0000
10.3631  0.0000  0.0666  -0.0666  0.0000
10.3683  0.0000  0.0666  -0.0666  0.0000
10.3737  0.0000  0.0666  -0.0666  0.0000
10.3790  0.0000  0.0666  -0.0666  0.0000
10.3841  0.0000  0.0666  -0.0666  0.0000
10.3894  0.0000  0.0666  -0.0666  0.0000
10.3950  0.0000  0.0666  -0.0666  0.0000
10.4003  0.0000  0.0666  -0.0666  0.0000
10.4056  0.0000  0.0666  -0.0666  0.0000
10.4133  0.0000  0.0666  -0.0666  0.0000
10.4189  0.0000  0.0667  -0.0667  0.0000
10.4244  0.0000  0.0666  -0.0666  0.0000
10.4300  0.0000  0.0666  -0.0666  0.0000
10.4356  0.0000  0.0666  -0.0666  0.0000
10.4416  0.0000  0.0666  -0.0666  0.0000
10.4472  0.0000  0.0666  -0.0666  0.0000
10.4527  0.0000  0.0666  -0.0666  0.0000
10.4584  0.0000  0.0666  -0.0666  0.0000
10.4642  0.0000  0.0665  -0.0665  0.0000
10.4697  0.0000  0.0665  -0.0665  0.0000
10.4755  0.0000  0.0665  -0.0665  0.0000
10.4811  0.0000  0.0665  -0.0665  0.0000
10.4865  0.0000  0.0666  -0.0666  0.0000
10.4922  0.0000  0.0666  -0.0666  0.0000
10.4977  0.0000  0.0666  -0.0666  0.0000
10.5034  0.0000  0.0666  -0.0666  0.0000
10.5089  0.0000  0.0666  -0.0666  0.0000
10.5144  0.0000  0.0666  -0.0666  0.0000
10.5202  0.0000  0.0666  -0.0666  0.0000
10.5258  0.0000  0.0666  -0.0666  0.0000
10.5370  0.0000  0.0666  -0.0666  0.0000
10.5429  0.0000  0.0666  -0.0666  0.0000
10.5490  0.0000  0.0665  -0.0665  0.0000
10.5548  0.0000  0.0665  -0.0665  0.0000
10.5624  0.0000  0.0665  -0.0665  0.0000
10.5683  0.0000  0.0665  -0.0665  0.0000
10.5759  0.0000  0.0665  -0.0665  0.0000
10.5816  0.0000  0.0665  -0.0665  0.0000
10.5871  0.0000  0.0665  -0.0665  0.0000
10.5930  0.0000  0.0665  -0.0665  0.0000
10.5988  0.0000  0.0665  -0.0665  0.0000
10.6044  0.0000  0.0665  -0.0665  0.0000
10.6141  0.0000  0.0665  -0.0665  0.0000
10.6219  0.0000  0.0665  -0.0665  0.0000
10.6266  0.0000  0.0665  -0.0665  0.0000
10.6324  0.0000  0.0665  -0.0665  0.0000
10.6382  0.0000  0.0665  -0.0665  0.0000
10.6444  0.0000  0.0665  -0.0665  0.0000
10.6502  0.0000  0.0665  -0.0665  0.0000
10.6563  0.0000  0.0665  -0.0665  0.0000
10.6645  0.0000  0.0665  -0.0665  0.0000
10.6705  0.0000  0.0665  -0.0665  0.0000
10.6764  0.0000  0.0665  -0.0665  0.0000
10.6820  0.0000  0.0665  -0.0665  0.0000
10.6876  0.0000  0.0665  -0.0665  0.0000
10.6932  0.0000  0.0665  -0.0665  0.0000
10.6989  0.0000  0.0665  -0.0665  0.0000
10.7055  0.0000  0.0665  -0.0665  0.0000
10.7111  0.0000  0.0665  -0.0665  0.0000
10.7168  0.0000  0.0665  -0.0665  0.0000
10.7213  0.0000  0.0665  -0.0665  0.0000
10.7295  0.0000  0.0665  -0.0665  0.0000
10.7356  0.0000  0.0665  -0.0665  0.0000
10.7420  0.0000  0.0665  -0.0665  0.0000
10.7477  0.0000  0.0665  -0.0665  0.0000
10.7544  0.0000  0.0664  -0.0664  0.0000
10.7595  0.0000  0.0664  -0.0664  0.0000
10.7643  0.0000  0.0664  -0.0664  0.0000
10.7691  0.0000  0.0664  -0.0664  0.0000
10.7733  0.0000  0.0664  -0.0664  0.0000
10.7780  0.0000  0.0664  -0.0664  0.0000
10.7828  0.0000  0.0664  -0.0664  0.0000
10.7879  0.0000  0.0664  -0.0664  0.0000
10.7928  0.0000  0.0665  -0.0665  0.0000
10.7992  0.0000  0.0664  -0.0664  0.0000
10.8048  0.0000  0.0665  -0.0665  0.0000
10.8103  0.0000  0.0665  -0.0665  0.0000
10.8159  0.0000  0.0665  -0.0665  0.0000
10.8210  0.0000  0.0665  -0.0665  0.0000
10.8262  0.0000  0.0665  -0.0665  0.0000
10.8321  0.0000  0.0665  -0.0665  0.0000
10.8373  0.0000  0.0665  -0.0665  0.0000
10.8429  0.0000  0.0665  -0.0665  0.0000
10.8481  0.0000  0.0665  -0.0665  0.0000
10.8534  0.0000  0.0665  -0.0665  0.0000
10.8587  0.0000  0.0665  -0.0665  0.0000
10.8638  0.0000  0.0665  -0.0665  0.0000
10.8686  0.0000  0.0665  -0.0665  0.0000
10.8737  0.0000  0.0665  -0.0665  0.0000
10.8786  0.0000  0.0665  -0.0665  0.0000
10.8835  0.0000  0.0665  -0.0665  0.0000
10.8887  0.0000  0.0665  -0.0665  0.0000
10.8940  0.0000  0.0665  -0.0665  0.0000
10.8989  0.0000  0.0665  -0.0665  0.0000
10.9038  0.0000  0.0665  -0.0665  0.0000
10.9087  0.0000  0.0665  -0.0665  0.0000
10.9138  0.0000  0.0665  -0.0665  0.0000
10.9204  0.0000  0.0665  -0.0665  0.0000
10.9254  0.0000  0.0665  -0.0665  0.0000
10.9303  0.0000  0.0665  -0.0665  0.0000
10.9352  0.0000  0.0665  -0.0665  0.0000
10.9404  0.0000  0.0665  -0.0665  0.0000
10.9453  0.0000  0.0665  -0.0665  0.0000
10.9502  0.0000  0.0665  -0.0665  0.0000
10.9551  0.0000  0.0665  -0.0665  0.0000
10.9600  0.0000  0.0665  -0.0665  0.0000
10.9649  0.0000  0.0665  -0.0665  0.0000
10.9698  0.0000  0.0665  -0.0665  0.0000
10.9749  0.0000  0.0665  -0.0665  0.0000
10.9799  0.0000  0.0665  -0.0665  0.0000
10.9850  0.0000  0.0665  -0.0665  0.0000
10.9900  0.0000  0.0665  -0.0665  0.0000
10.9939  0.0000  0.0665  -0.0665  0.0000
10.9989  0.0000  0.0665  -0.0665  0.0000
11.0038  0.0000  0.0665  -0.0665  0.0000
11.0088  0.0000  0.0665  -0.0665  0.0000
11.0141  0.0000  0.0665  -0.0665  0.0000
11.0189  0.0000  0.0665  -0.0665  0.0000
11.0237  0.0000  0.0665  -0.0665  0.0000
11.0286  0.0000  0.0665  -0.0665  0.0000
11.0377  0.0000  0.0665  -0.0665  0.0000
11.0428  0.0000  0.0665  -0.0665  0.0000
11.0476  0.0000  0.0665  -0.0665  0.0000
11.0529  0.0000  0.0665  -0.0665  0.0000
11.0599  0.0000  0.0665  -0.0665  0.0000
11.0653  0.0000  0.0665  -0.0665  0.0000
11.0707  0.0000  0.0665  -0.0665  0.0000
11.0751  0.0000  0.0665  -0.0665  0.0000
11.0802  0.0000  0.0665  -0.0665  0.0000
11.0852  0.0000  0.0665  -0.0665  0.0000
11.0902  0.0000  0.0665  -0.0665  0.0000
11.0953  0.0000  0.0665  -0.0665  0.0000
11.1006  0.0000  0.0665  -0.0665  0.0000
11.1056  0.0000  0.0665  -0.0665  0.0000
11.1108  0.0000  0.0665  -0.0665  0.0000
11.1190  0.0000  0.0665  -0.0665  0.0000
11.1262  0.0000  0.0665  -0.0665  0.0000
11.1313  0.0000  0.0665  -0.0665  0.0000
11.1366  0.0000  0.0665  -0.0665  0.0000
11.1416  0.0000  0.0666  -0.0666  0.0000
11.1468  0.0000  0.0666  -0.0666  0.0000
11.1519  0.0000  0.0666  -0.0666  0.0000
11.1570  0.0000  0.0666  -0.0666  0.0000
11.1620  0.0000  0.0666  -0.0666  0.0000
11.1671  0.0000  0.0666  -0.0666  0.0000
11.1738  0.0000  0.0666  -0.0666  0.0000
11.1791  0.0000  0.0666  -0.0666  0.0000
11.1841  0.0000  0.0666  -0.0666  0.0000
11.1892  0.0000  0.0666  -0.0666  0.0000
11.1943  0.0000  0.0666  -0.0666  0.0000
11.1994  0.0000  0.0666  -0.0666  0.0000
11.2044  0.0000  0.0666  -0.0666  0.0000
11.2095  0.0000  0.0666  -0.0666  0.0000
11.2149  0.0000  0.0666  -0.0666  0.0000
11.2200  0.0000  0.0666  -0.0666  0.0000
11.2251  0.0000  0.0666  -0.0666  0.0000
11.2303  0.0000  0.0666  -0.0666  0.0000
11.2354  0.0000  0.0666  -0.0666  0.0000
11.2405  0.0000  0.0666  -0.0666  0.0000
11.2455  0.0000  0.0665  -0.0665  0.0000
11.2514  0.0000  0.0665  -0.0665  0.0000
11.2565  0.0000  0.0666  -0.0666  0.0000
11.2615  0.0000  0.0665  -0.0665  0.0000
11.2666  0.0000  0.0665  -0.0665  0.0000
11.2717  0.0000  0.0665  -0.0665  0.0000
11.2768  0.0000  0.0665  -0.0665  0.0000
11.2818  0.0000  0.0665  -0.0665  0.0000
11.2869  0.0000  0.0665  -0.0665  0.0000
11.2930  0.0000  0.0665  -0.0665  0.0000
11.2996  0.0000  0.0665  -0.0665  0.0000
11.3051  0.0000  0.0665  -0.0665  0.0000
11.3105  0.0000  0.0665  -0.0665  0.0000
11.3164  0.0000  0.0665  -0.0665  0.0000
11.3215  0.0000  0.0665  -0.0665  0.0000
11.3265  0.0000  0.0665  -0.0665  0.0000
11.3317  0.0000  0.0665  -0.0665  0.0000
11.3380  0.0000  0.0665  -0.0665  0.0000
11.3442  0.0000  0.0665  -0.0665  0.0000
11.3497  0.0000  0.0665  -0.0665  0.0000
11.3553  0.0000  0.0665  -0.0665  0.0000
11.3605  0.0000  0.0665  -0.0665  0.0000
11.3656  0.0000  0.0665  -0.0665  0.0000
11.3707  0.0000  0.0665  -0.0665  0.0000
11.3760  0.0000  0.0665  -0.0665  0.0000
11.3812  0.0000  0.0665  -0.0665  0.0000
11.3865  0.0000  0.0665  -0.0665  0.0000
11.3919  0.0000  0.0665  -0.0665  0.0000
11.3973  0.0000  0.0665  -0.0665  0.0000
11.4027  0.0000  0.0665  -0.0665  0.0000
11.4081  0.0000  0.0665  -0.0665  0.0000
11.4135  0.0000  0.0665  -0.0665  0.0000
11.4192  0.0000  0.0665  -0.0665  0.0000
11.4261  0.0000  0.0664  -0.0664  0.0000
11.4314  0.0000  0.0664  -0.0664  0.0000
11.4371  0.0000  0.0664  -0.0664  0.0000
11.4427  0.0000  0.0664  -0.0664  0.0000
11.4481  0.0000  0.0664  -0.0664  0.0000
11.4535  0.0000  0.0664  -0.0664  0.0000
11.4589  0.0000  0.0664  -0.0664  0.0000
11.4643  0.0000  0.0664  -0.0664  0.0000
11.4698  0.0000  0.0664  -0.0664  0.0000
11.4753  0.0000  0.0664  -0.0664  0.0000
11.4807  0.0000  0.0664  -0.0664  0.0000
11.4850  0.0000  0.0664  -0.0664  0.0000
11.4904  0.0000  0.0665  -0.0665  0.0000
11.4951  0.0000  0.0665  -0.0665  0.0000
11.5004  0.0000  0.0664  -0.0664  0.0000
11.5058  0.0000  0.0665  -0.0665  0.0000
11.5112  0.0000  0.0664  -0.0664  0.0000
11.5166  0.0000  0.0665  -0.0665  0.0000
11.5220  0.0000  0.0664  -0.0664  0.0000
11.5274  0.0000  0.0664  -0.0664  0.0000
11.5330  0.0000  0.0664  -0.0664  0.0000
11.5432  0.0000  0.0664  -0.0664  0.0000
11.5494  0.0000  0.0665  -0.0665  0.0000
11.5558  0.0000  0.0665  -0.0665  0.0000
11.5617  0.0000  0.0665  -0.0665  0.0000
11.5678  0.0000  0.0665  -0.0665  0.0000
11.5738  0.0000  0.0665  -0.0665  0.0000
11.5793  0.0000  0.0665  -0.0665  0.0000
11.5849  0.0000  0.0665  -0.0665  0.0000
11.5902  0.0000  0.0665  -0.0665  0.0000
11.5958  0.0000  0.0665  -0.0665  0.0000
11.6014  0.0000  0.0664  -0.0664  0.0000
11.6068  0.0000  0.0665  -0.0665  0.0000
11.6124  0.0000  0.0664  -0.0664  0.0000
11.6209  0.0000  0.0664  -0.0664  0.0000
11.6284  0.0000  0.0664  -0.0664  0.0000
11.6341  0.0000  0.0664  -0.0664  0.0000
11.6395  0.0000  0.0664  -0.0664  0.0000
11.6452  0.0000  0.0664  -0.0664  0.0000
11.6506  0.0000  0.0664  -0.0664  0.0000
11.6565  0.0000  0.0664  -0.0664  0.0000
11.6625  0.0000  0.0664  -0.0664  0.0000
11.6680  0.0000  0.0664  -0.0664  0.0000
11.6786  0.0000  0.0664  -0.0664  0.0000
11.6851  0.0000  0.0665  -0.0665  0.0000
11.6912  0.0000  0.0665  -0.0665  0.0000
11.6973  0.0000  0.0665  -0.0665  0.0000
11.7025  0.0000  0.0665  -0.0665  0.0000
11.7077  0.0000  0.0665  -0.0665  0.0000
11.7129  0.0000  0.0665  -0.0665  0.0000
11.7182  0.0000  0.0665  -0.0665  0.0000
11.7234  0.0000  0.0665  -0.0665  0.0000
11.7288  0.0000  0.0665  -0.0665  0.0000
11.7344  0.0000  0.0664  -0.0664  0.0000
11.7392  0.0000  0.0664  -0.0664  0.0000
11.7443  0.0000  0.0664  -0.0664  0.0000
11.7497  0.0000  0.0664  -0.0664  0.0000
11.7552  0.0000  0.0664  -0.0664  0.0000
11.7606  0.0000  0.0664  -0.0664  0.0000
11.7658  0.0000  0.0664  -0.0664  0.0000
11.7712  0.0000  0.0664  -0.0664  0.0000
11.7767  0.0000  0.0664  -0.0664  0.0000
11.7808  0.0000  0.0664  -0.0664  0.0000
11.7865  0.0000  0.0664  -0.0664  0.0000
11.7920  0.0000  0.0664  -0.0664  0.0000
11.7975  0.0000  0.0664  -0.0664  0.0000
11.8034  0.0000  0.0664  -0.0664  0.0000
11.8094  0.0000  0.0664  -0.0664  0.0000
11.8162  0.0000  0.0664  -0.0664  0.0000
11.8226  0.0000  0.0665  -0.0665  0.0000
11.8286  0.0000  0.0665  -0.0665  0.0000
11.8356  0.0000  0.0665  -0.0665  0.0000
11.8411  0.0000  0.0665  -0.0665  0.0000
11.8461  0.0000  0.0664  -0.0664  0.0000
11.8513  0.0000  0.0664  -0.0664  0.0000
11.8564  0.0000  0.0664  -0.0664  0.0000
11.8616  0.0000  0.0664  -0.0664  0.0000
11.8666  0.0000  0.0664  -0.0664  0.0000
11.8717  0.0000  0.0664  -0.0664  0.0000
11.8768  0.0000  0.0664  -0.0664  0.0000
11.8820  0.0000  0.0664  -0.0664  0.0000
11.8871  0.0000  0.0664  -0.0664  0.0000
11.8925  0.0000  0.0665  -0.0665  0.0000
11.8976  0.0000  0.0665  -0.0665  0.0000
11.9029  0.0000  0.0665  -0.0665  0.0000
11.9080  0.0000  0.0665  -0.0665  0.0000
11.9133  0.0000  0.0664  -0.0664  0.0000
11.9189  0.0000  0.0664  -0.0664  0.0000
11.9240  0.0000  0.0664  -0.0664  0.0000
11.9309  0.0000  0.0664  -0.0664  0.0000
11.9364  0.0000  0.0664  -0.0664  0.0000
11.9416  0.0000  0.0664  -0.0664  0.0000
11.9466  0.0000  0.0664  -0.0664  0.0000
11.9519  0.0000  0.0665  -0.0665  0.0000
11.9572  0.0000  0.0664  -0.0664  0.0000
11.9625  0.0000  0.0665  -0.0665  0.0000
11.9675  0.0000  0.0664  -0.0664  0.0000
11.9726  0.0000  0.0664  -0.0664  0.0000
11.9784  0.0000  0.0665  -0.0665  0.0000
11.9837  0.0000  0.0665  -0.0665  0.0000
11.9891  0.0000  0.0665  -0.0665  0.0000
11.9945  0.0000  0.0665  -0.0665  0.0000
12.0001  0.0000  0.0665  -0.0665  0.0000
12.0055  0.0000  0.0665  -0.0665  0.0000
12.0111  0.0000  0.0665  -0.0665  0.0000
12.0168  0.0000  0.0665  -0.0665  0.0000
12.0224  0.0000  0.0665  -0.0665  0.0000
12.0281  0.0000  0.0665  -0.0665  0.0000
12.0338  0.0000  0.0665  -0.0665  0.0000
12.0444  0.0000  0.0665  -0.0665  0.0000
12.0505  0.0000  0.0665  -0.0665  0.0000
12.0570  0.0000  0.0665  -0.0665  0.0000
12.0643  0.0000  0.0665  -0.0665  0.0000
12.0704  0.0000  0.0665  -0.0665  0.0000
12.0764  0.0000  0.0665  -0.0665  0.0000
12.0820  0.0000  0.0665  -0.0665  0.0000
12.0874  0.0000  0.0665  -0.0665  0.0000
12.0936  0.0000  0.0665  -0.0665  0.0000
12.0989  0.0000  0.0665  -0.0665  0.0000
12.1041  0.0000  0.0665  -0.0665  0.0000
12.1092  0.0000  0.0665  -0.0665  0.0000
12.1142  0.0000  0.0665  -0.0665  0.0000
12.1228  0.0000  0.0665  -0.0665  0.0000
12.1301  0.0000  0.0665  -0.0665  0.0000
12.1352  0.0000  0.0665  -0.0665  0.0000
12.1405  0.0000  0.0665  -0.0665  0.0000
12.1461  0.0000  0.0665  -0.0665  0.0000
12.1515  0.0000  0.0665  -0.0665  0.0000
12.1570  0.0000  0.0665  -0.0665  0.0000
12.1626  0.0000  0.0665  -0.0665  0.0000
12.1681  0.0000  0.0665  -0.0665  0.0000
12.1737  0.0000  0.0665  -0.0665  0.0000
12.1791  0.0000  0.0665  -0.0665  0.0000
12.1859  0.0000  0.0665  -0.0665  0.0000
12.1914  0.0000  0.0665  -0.0665  0.0000
12.1970  0.0000  0.0665  -0.0665  0.0000
12.2026  0.0000  0.0665  -0.0665  0.0000
12.2078  0.0000  0.0665  -0.0665  0.0000
12.2145  0.0000  0.0665  -0.0665  0.0000
12.2204  0.0000  0.0665  -0.0665  0.0000
12.2260  0.0000  0.0665  -0.0665  0.0000
12.2314  0.0000  0.0665  -0.0665  0.0000
12.2370  0.0000  0.0665  -0.0665  0.0000
12.2427  0.0000  0.0665  -0.0665  0.0000
12.2482  0.0000  0.0665  -0.0665  0.0000
12.2539  0.0000  0.0665  -0.0665  0.0000
12.2596  0.0000  0.0665  -0.0665  0.0000
12.2651  0.0000  0.0665  -0.0665  0.0000
12.2707  0.0000  0.0665  -0.0665  0.0000
12.2764  0.0000  0.0665  -0.0665  0.0000
12.2819  0.0000  0.0665  -0.0665  0.0000
12.2874  0.0000  0.0665  -0.0665  0.0000
12.2930  0.0000  0.0665  -0.0665  0.0000
12.2988  0.0000  0.0665  -0.0665  0.0000
12.3046  0.0000  0.0665  -0.0665  0.0000
12.3103  0.0000  0.0665  -0.0665  0.0000
12.3168  0.0000  0.0665  -0.0665  0.0000
12.3244  0.0000  0.0666  -0.0666  0.0000
12.3303  0.0000  0.0665  -0.0665  0.0000
12.3364  0.0000  0.0665  -0.0665  0.0000
12.3419  0.0000  0.0665  -0.0665  0.0000
12.3474  0.0000  0.0665  -0.0665  0.0000
12.3540  0.0000  0.0665  -0.0665  0.0000
12.3599  0.0000  0.0665  -0.0665  0.0000
12.3655  0.0000  0.0665  -0.0665  0.0000
12.3713  0.0000  0.0665  -0.0665  0.0000
12.3768  0.0000  0.0666  -0.0666  0.0000
12.3821  0.0000  0.0666  -0.0666  0.0000
12.3875  0.0000  0.0666  -0.0666  0.0000
12.3928  0.0000  0.0666  -0.0666  0.0000
12.3985  0.0000  0.0666  -0.0666  0.0000
12.4040  0.0000  0.0665  -0.0665  0.0000
12.4100  0.0000  0.0665  -0.0665  0.0000
12.4155  0.0000  0.0665  -0.0665  0.0000
12.4209  0.0000  0.0666  -0.0666  0.0000
12.4264  0.0000  0.0666  -0.0666  0.0000
12.4319  0.0000  0.0665  -0.0665  0.0000
12.4390  0.0000  0.0665  -0.0665  0.0000
12.4444  0.0000  0.0665  -0.0665  0.0000
12.4508  0.0000  0.0665  -0.0665  0.0000
12.4567  0.0000  0.0666  -0.0666  0.0000
12.4619  0.0000  0.0665  -0.0665  0.0000
12.4670  0.0000  0.0666  -0.0666  0.0000
12.4721  0.0000  0.0665  -0.0665  0.0000
12.4772  0.0000  0.0667  -0.0667  0.0000
12.4824  0.0000  0.0666  -0.0666  0.0000
12.4875  0.0000  0.0666  -0.0666  0.0000
12.4930  0.0000  0.0666  -0.0666  0.0000
12.4985  0.0000  0.0666  -0.0666  0.0000
12.5040  0.0000  0.0666  -0.0666  0.0000
12.5092  0.0000  0.0667  -0.0667  0.0000
12.5142  0.0000  0.0665  -0.0665  0.0000
12.5194  0.0000  0.0665  -0.0665  0.0000
12.5247  0.0000  0.0665  -0.0665  0.0000
12.5303  0.0000  0.0665  -0.0665  0.0000
12.5357  0.0000  0.0665  -0.0665  0.0000
12.5458  0.0000  0.0665  -0.0665  0.0000
12.5513  0.0000  0.0666  -0.0666  0.0000
12.5582  0.0000  0.0666  -0.0666  0.0000
12.5640  0.0000  0.0666  -0.0666  0.0000
12.5702  0.0000  0.0666  -0.0666  0.0000
12.5785  0.0000  0.0665  -0.0665  0.0000
12.5852  0.0000  0.0666  -0.0666  0.0000
12.5910  0.0000  0.0666  -0.0666  0.0000
12.5957  0.0000  0.0665  -0.0665  0.0000
12.6013  0.0000  0.0665  -0.0665  0.0000
12.6070  0.0000  0.0665  -0.0665  0.0000
12.6127  0.0000  0.0665  -0.0665  0.0000
12.6186  0.0000  0.0665  -0.0665  0.0000
12.6281  0.0000  0.0666  -0.0666  0.0000
12.6369  0.0000  0.0665  -0.0665  0.0000
12.6454  0.0000  0.0665  -0.0665  0.0000
12.6521  0.0000  0.0665  -0.0665  0.0000
12.6589  0.0000  0.0665  -0.0665  0.0000
12.6665  0.0000  0.0665  -0.0665  0.0000
12.6764  0.0000  0.0665  -0.0665  0.0000
12.6826  0.0000  0.0665  -0.0665  0.0000
12.6874  0.0000  0.0665  -0.0665  0.0000
12.6973  0.0000  0.0665  -0.0665  0.0000
12.7027  0.0000  0.0665  -0.0665  0.0000
12.7084  0.0000  0.0665  -0.0665  0.0000
12.7140  0.0000  0.0665  -0.0665  0.0000
12.7195  0.0000  0.0666  -0.0666  0.0000
12.7251  0.0000  0.0666  -0.0666  0.0000
12.7305  0.0000  0.0666  -0.0666  0.0000
12.7361  0.0000  0.0666  -0.0666  0.0000
12.7417  0.0000  0.0666  -0.0666  0.0000
12.7471  0.0000  0.0666  -0.0666  0.0000
12.7525  0.0000  0.0666  -0.0666  0.0000
12.7581  0.0000  0.0666  -0.0666  0.0000
12.7635  0.0000  0.0666  -0.0666  0.0000
12.7691  0.0000  0.0666  -0.0666  0.0000
12.7748  0.0000  0.0666  -0.0666  0.0000
12.7802  0.0000  0.0666  -0.0666  0.0000
12.7856  0.0000  0.0666  -0.0666  0.0000
12.7912  0.0000  0.0666  -0.0666  0.0000
12.7984  0.0000  0.0666  -0.0666  0.0000
12.8040  0.0000  0.0666  -0.0666  0.0000
12.8093  0.0000  0.0666  -0.0666  0.0000
12.8152  0.0000  0.0666  -0.0666  0.0000
12.8209  0.0000  0.0666  -0.0666  0.0000
12.8263  0.0000  0.0665  -0.0665  0.0000
12.8315  0.0000  0.0665  -0.0665  0.0000
12.8373  0.0000  0.0666  -0.0666  0.0000
12.8425  0.0000  0.0666  -0.0666  0.0000
12.8475  0.0000  0.0666  -0.0666  0.0000
12.8527  0.0000  0.0666  -0.0666  0.0000
12.8578  0.0000  0.0666  -0.0666  0.0000
12.8630  0.0000  0.0666  -0.0666  0.0000
12.8681  0.0000  0.0666  -0.0666  0.0000
12.8733  0.0000  0.0665  -0.0665  0.0000
12.8785  0.0000  0.0665  -0.0665  0.0000
12.8837  0.0000  0.0665  -0.0665  0.0000
12.8887  0.0000  0.0665  -0.0665  0.0000
12.8941  0.0000  0.0665  -0.0665  0.0000
12.8994  0.0000  0.0666  -0.0666  0.0000
12.9050  0.0000  0.0666  -0.0666  0.0000
12.9103  0.0000  0.0665  -0.0665  0.0000
12.9157  0.0000  0.0666  -0.0666  0.0000
12.9210  0.0000  0.0666  -0.0666  0.0000
12.9264  0.0000  0.0666  -0.0666  0.0000
12.9320  0.0000  0.0666  -0.0666  0.0000
12.9377  0.0000  0.0666  -0.0666  0.0000
12.9435  0.0000  0.0666  -0.0666  0.0000
12.9500  0.0000  0.0666  -0.0666  0.0000
12.9557  0.0000  0.0666  -0.0666  0.0000
12.9615  0.0000  0.0666  -0.0666  0.0000
12.9672  0.0000  0.0666  -0.0666  0.0000
12.9728  0.0000  0.0666  -0.0666  0.0000
12.9789  0.0000  0.0666  -0.0666  0.0000
12.9846  0.0000  0.0666  -0.0666  0.0000
12.9903  0.0000  0.0666  -0.0666  0.0000
12.9959  0.0000  0.0666  -0.0666  0.0000
13.0018  0.0000  0.0666  -0.0666  0.0000
13.0075  0.0000  0.0666  -0.0666  0.0000
13.0132  0.0000  0.0666  -0.0666  0.0000
13.0189  0.0000  0.0666  -0.0666  0.0000
13.0245  0.0000  0.0666  -0.0666  0.0000
13.0304  0.0000  0.0666  -0.0666  0.0000
13.0362  0.0000  0.0666  -0.0666  0.0000
13.0465  0.0000  0.0666  -0.0666  0.0000
13.0527  0.0000  0.0666  -0.0666  0.0000
13.0586  0.0000  0.0666  -0.0666  0.0000
13.0644  0.0000  0.0666  -0.0666  0.0000
13.0707  0.0000  0.0666  -0.0666  0.0000
13.0770  0.0000  0.0666  -0.0666  0.0000
13.0837  0.0000  0.0666  -0.0666  0.0000
13.0899  0.0000  0.0666  -0.0666  0.0000
13.0962  0.0000  0.0665  -0.0665  0.0000
13.1021  0.0000  0.0665  -0.0665  0.0000
13.1077  0.0000  0.0665  -0.0665  0.0000
13.1135  0.0000  0.0665  -0.0665  0.0000
13.1193  0.0000  0.0665  -0.0665  0.0000
13.1257  0.0000  0.0665  -0.0665  0.0000
13.1352  0.0000  0.0665  -0.0665  0.0000
13.1432  0.0000  0.0666  -0.0666  0.0000
13.1492  0.0000  0.0666  -0.0666  0.0000
13.1550  0.0000  0.0665  -0.0665  0.0000
13.1609  0.0000  0.0665  -0.0665  0.0000
13.1666  0.0000  0.0666  -0.0666  0.0000
13.1731  0.0000  0.0666  -0.0666  0.0000
13.1790  0.0000  0.0666  -0.0666  0.0000
13.1846  0.0000  0.0665  -0.0665  0.0000
13.1905  0.0000  0.0665  -0.0665  0.0000
13.1962  0.0000  0.0665  -0.0665  0.0000
13.2028  0.0000  0.0665  -0.0665  0.0000
13.2086  0.0000  0.0665  -0.0665  0.0000
13.2145  0.0000  0.0666  -0.0666  0.0000
13.2206  0.0000  0.0666  -0.0666  0.0000
13.2265  0.0000  0.0665  -0.0665  0.0000
13.2322  0.0000  0.0665  -0.0665  0.0000
13.2379  0.0000  0.0665  -0.0665  0.0000
13.2437  0.0000  0.0665  -0.0665  0.0000
13.2495  0.0000  0.0665  -0.0665  0.0000
13.2557  0.0000  0.0665  -0.0665  0.0000
13.2616  0.0000  0.0665  -0.0665  0.0000
13.2661  0.0000  0.0665  -0.0665  0.0000
13.2722  0.0000  0.0665  -0.0665  0.0000
13.2768  0.0000  0.0665  -0.0665  0.0000
13.2829  0.0000  0.0665  -0.0665  0.0000
13.2887  0.0000  0.0665  -0.0665  0.0000
13.2936  0.0000  0.0665  -0.0665  0.0000
13.2994  0.0000  0.0665  -0.0665  0.0000
13.3052  0.0000  0.0665  -0.0665  0.0000
13.3098  0.0000  0.0665  -0.0665  0.0000
13.3162  0.0000  0.0666  -0.0666  0.0000
13.3220  0.0000  0.0665  -0.0665  0.0000
13.3265  0.0000  0.0666  -0.0666  0.0000
13.3326  0.0000  0.0666  -0.0666  0.0000
13.3391  0.0000  0.0666  -0.0666  0.0000
13.3457  0.0000  0.0666  -0.0666  0.0000
13.3518  0.0000  0.0666  -0.0666  0.0000
13.3570  0.0000  0.0666  -0.0666  0.0000
13.3629  0.0000  0.0666  -0.0666  0.0000
13.3687  0.0000  0.0666  -0.0666  0.0000
13.3746  0.0000  0.0665  -0.0665  0.0000
13.3805  0.0000  0.0665  -0.0665  0.0000
13.3862  0.0000  0.0665  -0.0665  0.0000
13.3922  0.0000  0.0665  -0.0665  0.0000
13.3980  0.0000  0.0665  -0.0665  0.0000
13.4039  0.0000  0.0665  -0.0665  0.0000
13.4098  0.0000  0.0665  -0.0665  0.0000
13.4163  0.0000  0.0665  -0.0665  0.0000
13.4222  0.0000  0.0666  -0.0666  0.0000
13.4279  0.0000  0.0665  -0.0665  0.0000
13.4338  0.0000  0.0665  -0.0665  0.0000
13.4398  0.0000  0.0666  -0.0666  0.0000
13.4457  0.0000  0.0666  -0.0666  0.0000
13.4516  0.0000  0.0666  -0.0666  0.0000
13.4590  0.0000  0.0666  -0.0666  0.0000
13.4649  0.0000  0.0666  -0.0666  0.0000
13.4709  0.0000  0.0666  -0.0666  0.0000
13.4770  0.0000  0.0666  -0.0666  0.0000
13.4830  0.0000  0.0666  -0.0666  0.0000
13.4890  0.0000  0.0666  -0.0666  0.0000
13.4949  0.0000  0.0666  -0.0666  0.0000
13.5009  0.0000  0.0666  -0.0666  0.0000
13.5067  0.0000  0.0666  -0.0666  0.0000
13.5129  0.0000  0.0666  -0.0666  0.0000
13.5189  0.0000  0.0666  -0.0666  0.0000
13.5249  0.0000  0.0666  -0.0666  0.0000
13.5308  0.0000  0.0666  -0.0666  0.0000
13.5373  0.0000  0.0666  -0.0666  0.0000
13.5479  0.0000  0.0666  -0.0666  0.0000
13.5546  0.0000  0.0666  -0.0666  0.0000
13.5619  0.0000  0.0666  -0.0666  0.0000
13.5685  0.0000  0.0666  -0.0666  0.0000
13.5762  0.0000  0.0666  -0.0666  0.0000
13.5828  0.0000  0.0666  -0.0666  0.0000
13.5887  0.0000  0.0666  -0.0666  0.0000
13.5952  0.0000  0.0666  -0.0666  0.0000
13.6014  0.0000  0.0666  -0.0666  0.0000
13.6078  0.0000  0.0666  -0.0666  0.0000
13.6140  0.0000  0.0666  -0.0666  0.0000
13.6197  0.0000  0.0666  -0.0666  0.0000
13.6253  0.0000  0.0666  -0.0666  0.0000
13.6309  0.0000  0.0666  -0.0666  0.0000
13.6407  0.0000  0.0666  -0.0666  0.0000
13.6490  0.0000  0.0666  -0.0666  0.0000
13.6537  0.0000  0.0666  -0.0666  0.0000
13.6596  0.0000  0.0666  -0.0666  0.0000
13.6657  0.0000  0.0666  -0.0666  0.0000
13.6704  0.0000  0.0666  -0.0666  0.0000
13.6766  0.0000  0.0666  -0.0666  0.0000
13.6830  0.0000  0.0667  -0.0667  0.0000
13.6920  0.0000  0.0666  -0.0666  0.0000
13.6976  0.0000  0.0667  -0.0667  0.0000
13.7032  0.0000  0.0667  -0.0667  0.0000
13.7085  0.0000  0.0666  -0.0666  0.0000
13.7157  0.0000  0.0666  -0.0666  0.0000
13.7206  0.0000  0.0666  -0.0666  0.0000
13.7256  0.0000  0.0666  -0.0666  0.0000
13.7296  0.0000  0.0666  -0.0666  0.0000
13.7347  0.0000  0.0666  -0.0666  0.0000
13.7395  0.0000  0.0666  -0.0666  0.0000
13.7445  0.0000  0.0666  -0.0666  0.0000
13.7494  0.0000  0.0666  -0.0666  0.0000
13.7542  0.0000  0.0666  -0.0666  0.0000
13.7594  0.0000  0.0666  -0.0666  0.0000
13.7652  0.0000  0.0667  -0.0667  0.0000
13.7721  0.0000  0.0667  -0.0667  0.0000
13.7775  0.0000  0.0667  -0.0667  0.0000
13.7831  0.0000  0.0667  -0.0667  0.0000
13.7885  0.0000  0.0667  -0.0667  0.0000
13.7942  0.0000  0.0667  -0.0667  0.0000
13.7997  0.0000  0.0667  -0.0667  0.0000
13.8054  0.0000  0.0666  -0.0666  0.0000
13.8113  0.0000  0.0666  -0.0666  0.0000
13.8177  0.0000  0.0666  -0.0666  0.0000
13.8235  0.0000  0.0666  -0.0666  0.0000
13.8289  0.0000  0.0666  -0.0666  0.0000
13.8346  0.0000  0.0667  -0.0667  0.0000
13.8405  0.0000  0.0667  -0.0667  0.0000
13.8453  0.0000  0.0667  -0.0667  0.0000
13.8513  0.0000  0.0666  -0.0666  0.0000
13.8564  0.0000  0.0666  -0.0666  0.0000
13.8624  0.0000  0.0666  -0.0666  0.0000
13.8678  0.0000  0.0666  -0.0666  0.0000
13.8735  0.0000  0.0665  -0.0665  0.0000
13.8786  0.0000  0.0666  -0.0666  0.0000
13.8838  0.0000  0.0666  -0.0666  0.0000
13.8890  0.0000  0.0666  -0.0666  0.0000
13.8951  0.0000  0.0666  -0.0666  0.0000
13.9002  0.0000  0.0666  -0.0666  0.0000
13.9053  0.0000  0.0666  -0.0666  0.0000
13.9106  0.0000  0.0666  -0.0666  0.0000
13.9160  0.0000  0.0666  -0.0666  0.0000
13.9215  0.0000  0.0666  -0.0666  0.0000
13.9268  0.0000  0.0666  -0.0666  0.0000
13.9337  0.0000  0.0666  -0.0666  0.0000
13.9390  0.0000  0.0666  -0.0666  0.0000
13.9445  0.0000  0.0666  -0.0666  0.0000
13.9498  0.0000  0.0666  -0.0666  0.0000
13.9553  0.0000  0.0666  -0.0666  0.0000
13.9607  0.0000  0.0666  -0.0666  0.0000
13.9674  0.0000  0.0666  -0.0666  0.0000
13.9728  0.0000  0.0666  -0.0666  0.0000
13.9782  0.0000  0.0666  -0.0666  0.0000
13.9835  0.0000  0.0666  -0.0666  0.0000
13.9885  0.0000  0.0666  -0.0666  0.0000
13.9939  0.0000  0.0666  -0.0666  0.0000
13.9993  0.0000  0.0666  -0.0666  0.0000
14.0048  0.0000  0.0666  -0.0666  0.0000
14.0103  0.0000  0.0666  -0.0666  0.0000
14.0210  0.0000  0.0666  -0.0666  0.0000
14.0264  0.0000  0.0666  -0.0666  0.0000
14.0318  0.0000  0.0666  -0.0666  0.0000
14.0370  0.0000  0.0666  -0.0666  0.0000
14.0421  0.0000  0.0666  -0.0666  0.0000
14.0518  0.0000  0.0666  -0.0666  0.0000
14.0572  0.0000  0.0666  -0.0666  0.0000
14.0627  0.0000  0.0666  -0.0666  0.0000
14.0687  0.0000  0.0666  -0.0666  0.0000
14.0742  0.0000  0.0666  -0.0666  0.0000
14.0801  0.0000  0.0666  -0.0666  0.0000
14.0843  0.0000  0.0666  -0.0666  0.0000
14.0902  0.0000  0.0666  -0.0666  0.0000
14.0960  0.0000  0.0665  -0.0665  0.0000
14.1012  0.0000  0.0665  -0.0665  0.0000
14.1066  0.0000  0.0665  -0.0665  0.0000
14.1121  0.0000  0.0665  -0.0665  0.0000
