0.0178  0.0000  -0.0006  0.0006  0.0000
0.0255  0.0000  -0.0006  0.0006  0.0000
0.0319  0.0000  -0.0006  0.0006  0.0000
0.0395  0.0000  -0.0005  0.0005  0.0000
0.0490  0.0000  -0.0005  0.0005  0.0000
0.0540  0.0000  -0.0005  0.0005  0.0000
0.0604  0.0000  -0.0005  0.0005  0.0000
0.0663  0.0000  -0.0005  0.0005  0.0000
0.0719  0.0000  -0.0005  0.0005  0.0000
0.0776  0.0000  -0.0005  0.0005  0.0000
0.0833  0.0000  -0.0005  0.0005  0.0000
0.0901  0.0000  -0.0005  0.0005  0.0000
0.0968  0.0000  -0.0005  0.0005  0.0000
0.1037  0.0000  -0.0005  0.0005  0.0000
0.1106  0.0000  -0.0004  0.0004  0.0000
0.1163  0.0000  -0.0004  0.0004  0.0000
0.1219  0.0000  -0.0004  0.0004  0.0000
0.1276  0.0000  -0.0004  0.0004  0.0000
0.1333  0.0000  -0.0004  0.0004  0.0000
0.1390  0.0000  -0.0004  0.0004  0.0000
0.1448  0.0000  -0.0004  0.0004  0.0000
0.1503  0.0000  -0.0005  0.0005  0.0000
0.1560  0.0000  -0.0004  0.0004  0.0000
0.1615  0.0000  -0.0004  0.0004  0.0000
0.1672  0.0000  -0.0004  0.0004  0.0000
0.1728  0.0000  -0.0004  0.0004  0.0000
0.1786  0.0000  -0.0004  0.0004  0.0000
0.1845  0.0000  -0.0004  0.0004  0.0000
0.1900  0.0000  -0.0004  0.0004  0.0000
0.1958  0.0000  -0.0005  0.0005  0.0000
0.2015  0.0000  -0.0005  0.0005  0.0000
0.2071  0.0000  -0.0005  0.0005  0.0000
0.2127  0.0000  -0.0005  0.0005  0.0000
0.2183  0.0000  -0.0004  0.0004  0.0000
0.2242  0.0000  -0.0005  0.0005  0.0000
0.2301  0.0000  -0.0005  0.0005  0.0000
0.2358  0.0000  -0.0005  0.0005  0.0000
0.2415  0.0000  -0.0005  0.0005  0.0000
0.2470  0.0000  -0.0006  0.0006  0.0000
0.2527  0.0000  -0.0006  0.0006  0.0000
0.2582  0.0000  -0.0006  0.0006  0.0000
0.2647  0.0000  -0.0006  0.0006  0.0000
0.2715  0.0000  -0.0006  0.0006  0.0000
0.2782  0.0000  -0.0006  0.0006  0.0000
0.2855  0.0000  -0.0006  0.0006  0.0000
0.2913  0.0000  -0.0006  0.0006  0.0000
0.2970  0.0000  -0.0006  0.0006  0.0000
0.3028  0.0000  -0.0005  0.0005  0.0000
0.3085  0.0000  -0.0006  0.0006  0.0000
0.3142  0.0000  -0.0006  0.0006  0.0000
0.3198  0.0000  -0.0006  0.0006  0.0000
0.3255  0.0000  -0.0006  0.0006  0.0000
0.3312  0.0000  -0.0006  0.0006  0.0000
0.3368  0.0000  -0.0007  0.0007  0.0000
0.3423  0.0000  -0.0007  0.0007  0.0000
0.3467  0.0000  -0.0007  0.0007  0.0000
0.3518  0.0000  -0.0007  0.0007  0.0000
0.3568  0.0000  -0.0007  0.0007  0.0000
0.3620  0.0000  -0.0007  0.0007  0.0000
0.3670  0.0000  -0.0007  0.0007  0.0000
0.3721  0.0000  -0.0008  0.0008  0.0000
0.3774  0.0000  -0.0008  0.0008  0.0000
0.3825  0.0000  -0.0008  0.0008  0.0000
0.3876  0.0000  -0.0008  0.0008  0.0000
0.3926  0.0000  -0.0008  0.0008  0.0000
0.3977  0.0000  -0.0008  0.0008  0.0000
0.4028  0.0000  -0.0009  0.0009  0.0000
0.4079  0.0000  -0.0009  0.0009  0.0000
0.4130  0.0000  -0.0009  0.0009  0.0000
0.4181  0.0000  -0.0009  0.0009  0.0000
0.4233  0.0000  -0.0009  0.0009  0.0000
0.4280  0.0000  -0.0009  0.0009  0.0000
0.4330  0.0000  -0.0009  0.0009  0.0000
0.4381  0.0000  -0.0009  0.0009  0.0000
0.4433  0.0000  -0.0009  0.0009  0.0000
0.4486  0.0000  -0.0009  0.0009  0.0000
0.4536  0.0000  -0.0009  0.0009  0.0000
0.4587  0.0000  -0.0009  0.0009  0.0000
0.4639  0.0000  -0.0009  0.0009  0.0000
0.4688  0.0000  -0.0009  0.0009  0.0000
0.4737  0.0000  -0.0009  0.0009  0.0000
0.4796  0.0000  -0.0009  0.0009  0.0000
0.4848  0.0000  -0.0009  0.0009  0.0000
0.4896  0.0000  -0.0009  0.0009  0.0000
0.4949  0.0000  -0.0009  0.0009  0.0000
0.4999  0.0000  -0.0009  0.0009  0.0000
0.5049  0.0000  -0.0010  0.0010  0.0000
0.5099  0.0000  -0.0010  0.0010  0.0000
0.5194  0.0000  -0.0010  0.0010  0.0000
0.5256  0.0000  -0.0010  0.0010  0.0000
0.5312  0.0000  -0.0010  0.0010  0.0000
0.5363  0.0000  -0.0010  0.0010  0.0000
0.5419  0.0000  -0.0011  0.0011  0.0000
0.5471  0.0000  -0.0010  0.0010  0.0000
0.5526  0.0000  -0.0010  0.0010  0.0000
0.5578  0.0000  -0.0010  0.0010  0.0000
0.5627  0.0000  -0.0010  0.0010  0.0000
0.5668  0.0000  -0.0010  0.0010  0.0000
0.5724  0.0000  -0.0010  0.0010  0.0000
0.5781  0.0000  -0.0010  0.0010  0.0000
0.5831  0.0000  -0.0011  0.0011  0.0000
0.5911  0.0000  -0.0011  0.0011  0.0000
0.5961  0.0000  -0.0011  0.0011  0.0000
0.6023  0.0000  -0.0011  0.0011  0.0000
0.6085  0.0000  -0.0011  0.0011  0.0000
0.6147  0.0000  -0.0012  0.0012  0.0000
0.6199  0.0000  -0.0012  0.0012  0.0000
0.6251  0.0000  -0.0012  0.0012  0.0000
0.6305  0.0000  -0.0012  0.0012  0.0000
0.6355  0.0000  -0.0012  0.0012  0.0000
0.6414  0.0000  -0.0012  0.0012  0.0000
0.6468  0.0000  -0.0012  0.0012  0.0000
0.6519  0.0000  -0.0013  0.0013  0.0000
0.6574  0.0000  -0.0013  0.0013  0.0000
0.6627  0.0000  -0.0013  0.0013  0.0000
0.6677  0.0000  -0.0013  0.0013  0.0000
0.6727  0.0000  -0.0013  0.0013  0.0000
0.6776  0.0000  -0.0013  0.0013  0.0000
0.6826  0.0000  -0.0014  0.0014  0.0000
0.6877  0.0000  -0.0014  0.0014  0.0000
0.6926  0.0000  -0.0014  0.0014  0.0000
0.6975  0.0000  -0.0014  0.0014  0.0000
0.7029  0.0000  -0.0014  0.0014  0.0000
0.7074  0.0000  -0.0014  0.0014  0.0000
0.7123  0.0000  -0.0014  0.0014  0.0000
0.7174  0.0000  -0.0014  0.0014  0.0000
0.7226  0.0000  -0.0014  0.0014  0.0000
0.7280  0.0000  -0.0014  0.0014  0.0000
0.7361  0.0000  -0.0014  0.0014  0.0000
0.7415  0.0000  -0.0015  0.0015  0.0000
0.7498  0.0000  -0.0015  0.0015  0.0000
0.7557  0.0000  -0.0015  0.0015  0.0000
0.7612  0.0000  -0.0015  0.0015  0.0000
0.7671  0.0000  -0.0015  0.0015  0.0000
0.7725  0.0000  -0.0015  0.0015  0.0000
0.7781  0.0000  -0.0015  0.0015  0.0000
0.7841  0.0000  -0.0015  0.0015  0.0000
0.7900  0.0000  -0.0015  0.0015  0.0000
0.7954  0.0000  -0.0015  0.0015  0.0000
0.8007  0.0000  -0.0015  0.0015  0.0000
0.8067  0.0000  -0.0015  0.0015  0.0000
0.8120  0.0000  -0.0015  0.0015  0.0000
0.8174  0.0000  -0.0015  0.0015  0.0000
0.8230  0.0000  -0.0015  0.0015  0.0000
0.8286  0.0000  -0.0015  0.0015  0.0000
0.8339  0.0000  -0.0016  0.0016  0.0000
0.8392  0.0000  -0.0016  0.0016  0.0000
0.8447  0.0000  -0.0016  0.0016  0.0000
0.8500  0.0000  -0.0016  0.0016  0.0000
0.8553  0.0000  -0.0016  0.0016  0.0000
0.8606  0.0000  -0.0016  0.0016  0.0000
0.8661  0.0000  -0.0016  0.0016  0.0000
0.8714  0.0000  -0.0016  0.0016  0.0000
0.8768  0.0000  -0.0016  0.0016  0.0000
0.8823  0.0000  -0.0016  0.0016  0.0000
0.8875  0.0000  -0.0017  0.0017  0.0000
0.8928  0.0000  -0.0017  0.0017  0.0000
0.8983  0.0000  -0.0017  0.0017  0.0000
0.9036  0.0000  -0.0017  0.0017  0.0000
0.9089  0.0000  -0.0017  0.0017  0.0000
0.9142  0.0000  -0.0017  0.0017  0.0000
0.9196  0.0000  -0.0017  0.0017  0.0000
0.9249  0.0000  -0.0018  0.0018  0.0000
0.9300  0.0000  -0.0018  0.0018  0.0000
0.9353  0.0000  -0.0018  0.0018  0.0000
0.9405  0.0000  -0.0018  0.0018  0.0000
0.9458  0.0000  -0.0018  0.0018  0.0000
0.9510  0.0000  -0.0018  0.0018  0.0000
0.9563  0.0000  -0.0018  0.0018  0.0000
0.9615  0.0000  -0.0018  0.0018  0.0000
0.9667  0.0000  -0.0018  0.0018  0.0000
0.9721  0.0000  -0.0018  0.0018  0.0000
0.9774  0.0000  -0.0019  0.0019  0.0000
0.9827  0.0000  -0.0019  0.0019  0.0000
0.9880  0.0000  -0.0019  0.0019  0.0000
0.9931  0.0000  -0.0020  0.0020  0.0000
0.9982  0.0000  -0.0020  0.0020  0.0000
1.0033  0.0000  -0.0020  0.0020  0.0000
1.0086  0.0000  -0.0020  0.0020  0.0000
1.0140  0.0000  -0.0020  0.0020  0.0000
1.0276  0.0000  -0.0020  0.0020  0.0000
1.0332  0.0000  -0.0020  0.0020  0.0000
1.0386  0.0000  -0.0020  0.0020  0.0000
1.0452  0.0000  -0.0020  0.0020  0.0000
1.0503  0.0000  -0.0020  0.0020  0.0000
1.0558  0.0000  -0.0020  0.0020  0.0000
1.0606  0.0000  -0.0020  0.0020  0.0000
1.0654  0.0000  -0.0020  0.0020  0.0000
1.0710  0.0000  -0.0020  0.0020  0.0000
1.0760  0.0000  -0.0020  0.0020  0.0000
1.0811  0.0000  -0.0020  0.0020  0.0000
1.0859  0.0000  -0.0020  0.0020  0.0000
1.0931  0.0000  -0.0020  0.0020  0.0000
1.0982  0.0000  -0.0020  0.0020  0.0000
1.1044  0.0000  -0.0020  0.0020  0.0000
1.1107  0.0000  -0.0020  0.0020  0.0000
1.1168  0.0000  -0.0020  0.0020  0.0000
1.1220  0.0000  -0.0021  0.0021  0.0000
1.1272  0.0000  -0.0021  0.0021  0.0000
1.1322  0.0000  -0.0021  0.0021  0.0000
1.1376  0.0000  -0.0021  0.0021  0.0000
1.1431  0.0000  -0.0021  0.0021  0.0000
1.1485  0.0000  -0.0021  0.0021  0.0000
1.1536  0.0000  -0.0021  0.0021  0.0000
1.1589  0.0000  -0.0021  0.0021  0.0000
1.1644  0.0000  -0.0021  0.0021  0.0000
1.1702  0.0000  -0.0021  0.0021  0.0000
1.1757  0.0000  -0.0021  0.0021  0.0000
1.1812  0.0000  -0.0021  0.0021  0.0000
1.1873  0.0000  -0.0021  0.0021  0.0000
1.1925  0.0000  -0.0021  0.0021  0.0000
1.1977  0.0000  -0.0021  0.0021  0.0000
1.2031  0.0000  -0.0023  0.0023  0.0000
1.2083  0.0000  -0.0023  0.0023  0.0000
1.2135  0.0000  -0.0023  0.0023  0.0000
1.2187  0.0000  -0.0023  0.0023  0.0000
1.2242  0.0000  -0.0023  0.0023  0.0000
1.2297  0.0000  -0.0023  0.0023  0.0000
1.2352  0.0000  -0.0023  0.0023  0.0000
1.2405  0.0000  -0.0023  0.0023  0.0000
1.2461  0.0000  -0.0023  0.0023  0.0000
1.2513  0.0000  -0.0024  0.0024  0.0000
1.2565  0.0000  -0.0024  0.0024  0.0000
1.2618  0.0000  -0.0024  0.0024  0.0000
1.2669  0.0000  -0.0024  0.0024  0.0000
1.2719  0.0000  -0.0024  0.0024  0.0000
1.2771  0.0000  -0.0024  0.0024  0.0000
1.2824  0.0000  -0.0024  0.0024  0.0000
1.2884  0.0000  -0.0024  0.0024  0.0000
1.2936  0.0000  -0.0025  0.0025  0.0000
1.2989  0.0000  -0.0025  0.0025  0.0000
1.3054  0.0000  -0.0025  0.0025  0.0000
1.3105  0.0000  -0.0025  0.0025  0.0000
1.3157  0.0000  -0.0025  0.0025  0.0000
1.3215  0.0000  -0.0025  0.0025  0.0000
1.3270  0.0000  -0.0025  0.0025  0.0000
1.3327  0.0000  -0.0025  0.0025  0.0000
1.3382  0.0000  -0.0025  0.0025  0.0000
1.3437  0.0000  -0.0025  0.0025  0.0000
1.3493  0.0000  -0.0025  0.0025  0.0000
1.3551  0.0000  -0.0025  0.0025  0.0000
1.3607  0.0000  -0.0026  0.0026  0.0000
1.3663  0.0000  -0.0025  0.0025  0.0000
1.3719  0.0000  -0.0026  0.0026  0.0000
1.3775  0.0000  -0.0026  0.0026  0.0000
1.3831  0.0000  -0.0026  0.0026  0.0000
1.3886  0.0000  -0.0026  0.0026  0.0000
1.3947  0.0000  -0.0026  0.0026  0.0000
1.4002  0.0000  -0.0026  0.0026  0.0000
1.4061  0.0000  -0.0026  0.0026  0.0000
1.4117  0.0000  -0.0026  0.0026  0.0000
1.4176  0.0000  -0.0026  0.0026  0.0000
1.4235  0.0000  -0.0027  0.0027  0.0000
1.4288  0.0000  -0.0027  0.0027  0.0000
1.4355  0.0000  -0.0027  0.0027  0.0000
1.4407  0.0000  -0.0027  0.0027  0.0000
1.4459  0.0000  -0.0027  0.0027  0.0000
1.4512  0.0000  -0.0027  0.0027  0.0000
1.4565  0.0000  -0.0027  0.0027  0.0000
1.4618  0.0000  -0.0027  0.0027  0.0000
1.4670  0.0000  -0.0028  0.0028  0.0000
1.4724  0.0000  -0.0028  0.0028  0.0000
1.4776  0.0000  -0.0028  0.0028  0.0000
1.4829  0.0000  -0.0028  0.0028  0.0000
1.4881  0.0000  -0.0028  0.0028  0.0000
1.4933  0.0000  -0.0028  0.0028  0.0000
1.4986  0.0000  -0.0028  0.0028  0.0000
1.5039  0.0000  -0.0029  0.0029  0.0000
1.5088  0.0000  -0.0029  0.0029  0.0000
1.5136  0.0000  -0.0029  0.0029  0.0000
1.5187  0.0000  -0.0029  0.0029  0.0000
1.5285  0.0000  -0.0030  0.0030  0.0000
1.5336  0.0000  -0.0029  0.0029  0.0000
1.5386  0.0000  -0.0029  0.0029  0.0000
1.5443  0.0000  -0.0029  0.0029  0.0000
1.5502  0.0000  -0.0030  0.0030  0.0000
1.5567  0.0000  -0.0030  0.0030  0.0000
1.5629  0.0000  -0.0030  0.0030  0.0000
1.5683  0.0000  -0.0030  0.0030  0.0000
1.5734  0.0000  -0.0030  0.0030  0.0000
1.5784  0.0000  -0.0030  0.0030  0.0000
1.5835  0.0000  -0.0030  0.0030  0.0000
1.5886  0.0000  -0.0031  0.0031  0.0000
1.5957  0.0000  -0.0031  0.0031  0.0000
1.6007  0.0000  -0.0031  0.0031  0.0000
1.6069  0.0000  -0.0031  0.0031  0.0000
1.6130  0.0000  -0.0031  0.0031  0.0000
1.6194  0.0000  -0.0032  0.0032  0.0000
1.6244  0.0000  -0.0032  0.0032  0.0000
1.6295  0.0000  -0.0032  0.0032  0.0000
1.6345  0.0000  -0.0032  0.0032  0.0000
1.6397  0.0000  -0.0032  0.0032  0.0000
1.6449  0.0000  -0.0032  0.0032  0.0000
1.6499  0.0000  -0.0032  0.0032  0.0000
1.6550  0.0000  -0.0032  0.0032  0.0000
1.6600  0.0000  -0.0032  0.0032  0.0000
1.6650  0.0000  -0.0033  0.0033  0.0000
1.6702  0.0000  -0.0033  0.0033  0.0000
1.6752  0.0000  -0.0033  0.0033  0.0000
1.6807  0.0000  -0.0033  0.0033  0.0000
1.6863  0.0000  -0.0033  0.0033  0.0000
1.6962  0.0000  -0.0033  0.0033  0.0000
1.7021  0.0000  -0.0033  0.0033  0.0000
1.7079  0.0000  -0.0033  0.0033  0.0000
1.7153  0.0000  -0.0033  0.0033  0.0000
1.7207  0.0000  -0.0033  0.0033  0.0000
1.7260  0.0000  -0.0033  0.0033  0.0000
1.7312  0.0000  -0.0033  0.0033  0.0000
1.7363  0.0000  -0.0033  0.0033  0.0000
1.7416  0.0000  -0.0033  0.0033  0.0000
1.7467  0.0000  -0.0033  0.0033  0.0000
1.7520  0.0000  -0.0034  0.0034  0.0000
1.7571  0.0000  -0.0034  0.0034  0.0000
1.7624  0.0000  -0.0034  0.0034  0.0000
1.7677  0.0000  -0.0034  0.0034  0.0000
1.7728  0.0000  -0.0034  0.0034  0.0000
1.7783  0.0000  -0.0034  0.0034  0.0000
1.7841  0.0000  -0.0034  0.0034  0.0000
1.7905  0.0000  -0.0034  0.0034  0.0000
1.7979  0.0000  -0.0034  0.0034  0.0000
1.8047  0.0000  -0.0034  0.0034  0.0000
1.8095  0.0000  -0.0035  0.0035  0.0000
1.8144  0.0000  -0.0035  0.0035  0.0000
1.8193  0.0000  -0.0035  0.0035  0.0000
1.8243  0.0000  -0.0035  0.0035  0.0000
1.8295  0.0000  -0.0035  0.0035  0.0000
1.8344  0.0000  -0.0035  0.0035  0.0000
1.8395  0.0000  -0.0035  0.0035  0.0000
1.8445  0.0000  -0.0036  0.0036  0.0000
1.8497  0.0000  -0.0036  0.0036  0.0000
1.8546  0.0000  -0.0036  0.0036  0.0000
1.8595  0.0000  -0.0036  0.0036  0.0000
1.8647  0.0000  -0.0036  0.0036  0.0000
1.8697  0.0000  -0.0036  0.0036  0.0000
1.8747  0.0000  -0.0036  0.0036  0.0000
1.8796  0.0000  -0.0036  0.0036  0.0000
1.8847  0.0000  -0.0036  0.0036  0.0000
1.8897  0.0000  -0.0036  0.0036  0.0000
1.8947  0.0000  -0.0036  0.0036  0.0000
1.8996  0.0000  -0.0036  0.0036  0.0000
1.9047  0.0000  -0.0036  0.0036  0.0000
1.9097  0.0000  -0.0036  0.0036  0.0000
1.9146  0.0000  -0.0037  0.0037  0.0000
1.9195  0.0000  -0.0036  0.0036  0.0000
1.9236  0.0000  -0.0037  0.0037  0.0000
1.9286  0.0000  -0.0037  0.0037  0.0000
1.9335  0.0000  -0.0037  0.0037  0.0000
1.9385  0.0000  -0.0037  0.0037  0.0000
1.9434  0.0000  -0.0037  0.0037  0.0000
1.9484  0.0000  -0.0037  0.0037  0.0000
1.9533  0.0000  -0.0037  0.0037  0.0000
1.9582  0.0000  -0.0037  0.0037  0.0000
1.9630  0.0000  -0.0038  0.0038  0.0000
1.9681  0.0000  -0.0038  0.0038  0.0000
1.9720  0.0000  -0.0038  0.0038  0.0000
1.9767  0.0000  -0.0038  0.0038  0.0000
1.9817  0.0000  -0.0038  0.0038  0.0000
1.9867  0.0000  -0.0038  0.0038  0.0000
1.9917  0.0000  -0.0038  0.0038  0.0000
1.9966  0.0000  -0.0039  0.0039  0.0000
2.0017  0.0000  -0.0039  0.0039  0.0000
2.0066  0.0000  -0.0039  0.0039  0.0000
2.0116  0.0000  -0.0039  0.0039  0.0000
2.0167  0.0000  -0.0039  0.0039  0.0000
2.0217  0.0000  -0.0039  0.0039  0.0000
2.0314  0.0000  -0.0039  0.0039  0.0000
2.0364  0.0000  -0.0039  0.0039  0.0000
2.0414  0.0000  -0.0039  0.0039  0.0000
2.0481  0.0000  -0.0039  0.0039  0.0000
2.0541  0.0000  -0.0039  0.0039  0.0000
2.0605  0.0000  -0.0039  0.0039  0.0000
2.0676  0.0000  -0.0039  0.0039  0.0000
2.0728  0.0000  -0.0039  0.0039  0.0000
2.0781  0.0000  -0.0039  0.0039  0.0000
2.0835  0.0000  -0.0039  0.0039  0.0000
2.0888  0.0000  -0.0040  0.0040  0.0000
2.0962  0.0000  -0.0040  0.0040  0.0000
2.1016  0.0000  -0.0040  0.0040  0.0000
2.1067  0.0000  -0.0040  0.0040  0.0000
2.1152  0.0000  -0.0040  0.0040  0.0000
2.1221  0.0000  -0.0040  0.0040  0.0000
2.1275  0.0000  -0.0040  0.0040  0.0000
2.1329  0.0000  -0.0040  0.0040  0.0000
2.1385  0.0000  -0.0041  0.0041  0.0000
2.1443  0.0000  -0.0041  0.0041  0.0000
2.1510  0.0000  -0.0041  0.0041  0.0000
2.1564  0.0000  -0.0041  0.0041  0.0000
2.1618  0.0000  -0.0041  0.0041  0.0000
2.1670  0.0000  -0.0041  0.0041  0.0000
2.1723  0.0000  -0.0041  0.0041  0.0000
2.1776  0.0000  -0.0041  0.0041  0.0000
2.1833  0.0000  -0.0041  0.0041  0.0000
2.1891  0.0000  -0.0041  0.0041  0.0000
2.1947  0.0000  -0.0041  0.0041  0.0000
2.2001  0.0000  -0.0041  0.0041  0.0000
2.2056  0.0000  -0.0041  0.0041  0.0000
2.2111  0.0000  -0.0042  0.0042  0.0000
2.2166  0.0000  -0.0042  0.0042  0.0000
2.2222  0.0000  -0.0043  0.0043  0.0000
2.2273  0.0000  -0.0043  0.0043  0.0000
2.2325  0.0000  -0.0043  0.0043  0.0000
2.2376  0.0000  -0.0043  0.0043  0.0000
2.2428  0.0000  -0.0043  0.0043  0.0000
2.2479  0.0000  -0.0043  0.0043  0.0000
2.2530  0.0000  -0.0043  0.0043  0.0000
2.2582  0.0000  -0.0043  0.0043  0.0000
2.2634  0.0000  -0.0043  0.0043  0.0000
2.2690  0.0000  -0.0043  0.0043  0.0000
2.2742  0.0000  -0.0043  0.0043  0.0000
2.2798  0.0000  -0.0044  0.0044  0.0000
2.2842  0.0000  -0.0043  0.0043  0.0000
2.2899  0.0000  -0.0044  0.0044  0.0000
2.2951  0.0000  -0.0044  0.0044  0.0000
2.3005  0.0000  -0.0044  0.0044  0.0000
2.3068  0.0000  -0.0044  0.0044  0.0000
2.3131  0.0000  -0.0044  0.0044  0.0000
2.3188  0.0000  -0.0044  0.0044  0.0000
2.3253  0.0000  -0.0044  0.0044  0.0000
2.3310  0.0000  -0.0044  0.0044  0.0000
2.3364  0.0000  -0.0045  0.0045  0.0000
2.3426  0.0000  -0.0045  0.0045  0.0000
2.3490  0.0000  -0.0045  0.0045  0.0000
2.3549  0.0000  -0.0045  0.0045  0.0000
2.3606  0.0000  -0.0045  0.0045  0.0000
2.3661  0.0000  -0.0045  0.0045  0.0000
2.3714  0.0000  -0.0045  0.0045  0.0000
2.3766  0.0000  -0.0045  0.0045  0.0000
2.3821  0.0000  -0.0045  0.0045  0.0000
2.3875  0.0000  -0.0045  0.0045  0.0000
2.3936  0.0000  -0.0045  0.0045  0.0000
2.3990  0.0000  -0.0045  0.0045  0.0000
2.4042  0.0000  -0.0045  0.0045  0.0000
2.4093  0.0000  -0.0045  0.0045  0.0000
2.4144  0.0000  -0.0045  0.0045  0.0000
2.4197  0.0000  -0.0045  0.0045  0.0000
2.4250  0.0000  -0.0045  0.0045  0.0000
2.4299  0.0000  -0.0046  0.0046  0.0000
2.4351  0.0000  -0.0046  0.0046  0.0000
2.4404  0.0000  -0.0046  0.0046  0.0000
2.4464  0.0000  -0.0046  0.0046  0.0000
2.4516  0.0000  -0.0046  0.0046  0.0000
2.4566  0.0000  -0.0046  0.0046  0.0000
2.4618  0.0000  -0.0046  0.0046  0.0000
2.4671  0.0000  -0.0047  0.0047  0.0000
2.4724  0.0000  -0.0047  0.0047  0.0000
2.4776  0.0000  -0.0047  0.0047  0.0000
2.4829  0.0000  -0.0047  0.0047  0.0000
2.4885  0.0000  -0.0047  0.0047  0.0000
2.4937  0.0000  -0.0047  0.0047  0.0000
2.4990  0.0000  -0.0047  0.0047  0.0000
2.5043  0.0000  -0.0047  0.0047  0.0000
2.5109  0.0000  -0.0047  0.0047  0.0000
2.5166  0.0000  -0.0047  0.0047  0.0000
2.5220  0.0000  -0.0048  0.0048  0.0000
2.5318  0.0000  -0.0048  0.0048  0.0000
2.5371  0.0000  -0.0048  0.0048  0.0000
2.5427  0.0000  -0.0048  0.0048  0.0000
2.5489  0.0000  -0.0048  0.0048  0.0000
2.5547  0.0000  -0.0048  0.0048  0.0000
2.5601  0.0000  -0.0048  0.0048  0.0000
2.5676  0.0000  -0.0049  0.0049  0.0000
2.5729  0.0000  -0.0049  0.0049  0.0000
2.5783  0.0000  -0.0049  0.0049  0.0000
2.5844  0.0000  -0.0049  0.0049  0.0000
2.5904  0.0000  -0.0049  0.0049  0.0000
2.5986  0.0000  -0.0049  0.0049  0.0000
2.6042  0.0000  -0.0049  0.0049  0.0000
2.6098  0.0000  -0.0049  0.0049  0.0000
2.6177  0.0000  -0.0049  0.0049  0.0000
2.6244  0.0000  -0.0049  0.0049  0.0000
2.6364  0.0000  -0.0049  0.0049  0.0000
2.6425  0.0000  -0.0050  0.0050  0.0000
2.6522  0.0000  -0.0050  0.0050  0.0000
2.6591  0.0000  -0.0050  0.0050  0.0000
2.6644  0.0000  -0.0050  0.0050  0.0000
2.6707  0.0000  -0.0050  0.0050  0.0000
2.6779  0.0000  -0.0050  0.0050  0.0000
2.6836  0.0000  -0.0050  0.0050  0.0000
2.6893  0.0000  -0.0050  0.0050  0.0000
2.6948  0.0000  -0.0051  0.0051  0.0000
2.7004  0.0000  -0.0052  0.0052  0.0000
2.7059  0.0000  -0.0052  0.0052  0.0000
2.7116  0.0000  -0.0052  0.0052  0.0000
2.7172  0.0000  -0.0052  0.0052  0.0000
2.7228  0.0000  -0.0052  0.0052  0.0000
2.7282  0.0000  -0.0052  0.0052  0.0000
2.7335  0.0000  -0.0052  0.0052  0.0000
2.7390  0.0000  -0.0052  0.0052  0.0000
2.7448  0.0000  -0.0052  0.0052  0.0000
2.7501  0.0000  -0.0052  0.0052  0.0000
2.7556  0.0000  -0.0052  0.0052  0.0000
2.7612  0.0000  -0.0052  0.0052  0.0000
2.7670  0.0000  -0.0052  0.0052  0.0000
2.7727  0.0000  -0.0053  0.0053  0.0000
2.7784  0.0000  -0.0053  0.0053  0.0000
2.7842  0.0000  -0.0052  0.0052  0.0000
2.7900  0.0000  -0.0052  0.0052  0.0000
2.7956  0.0000  -0.0053  0.0053  0.0000
2.8013  0.0000  -0.0053  0.0053  0.0000
2.8074  0.0000  -0.0053  0.0053  0.0000
2.8133  0.0000  -0.0053  0.0053  0.0000
2.8192  0.0000  -0.0053  0.0053  0.0000
2.8254  0.0000  -0.0053  0.0053  0.0000
2.8308  0.0000  -0.0053  0.0053  0.0000
2.8365  0.0000  -0.0053  0.0053  0.0000
2.8422  0.0000  -0.0053  0.0053  0.0000
2.8479  0.0000  -0.0053  0.0053  0.0000
2.8535  0.0000  -0.0054  0.0054  0.0000
2.8592  0.0000  -0.0054  0.0054  0.0000
2.8649  0.0000  -0.0054  0.0054  0.0000
2.8700  0.0000  -0.0054  0.0054  0.0000
2.8754  0.0000  -0.0054  0.0054  0.0000
2.8811  0.0000  -0.0055  0.0055  0.0000
2.8867  0.0000  -0.0055  0.0055  0.0000
2.8927  0.0000  -0.0055  0.0055  0.0000
2.8984  0.0000  -0.0055  0.0055  0.0000
2.9042  0.0000  -0.0055  0.0055  0.0000
2.9096  0.0000  -0.0055  0.0055  0.0000
2.9151  0.0000  -0.0055  0.0055  0.0000
2.9207  0.0000  -0.0055  0.0055  0.0000
2.9262  0.0000  -0.0055  0.0055  0.0000
2.9323  0.0000  -0.0056  0.0056  0.0000
2.9378  0.0000  -0.0056  0.0056  0.0000
2.9435  0.0000  -0.0056  0.0056  0.0000
2.9490  0.0000  -0.0056  0.0056  0.0000
2.9546  0.0000  -0.0056  0.0056  0.0000
2.9595  0.0000  -0.0056  0.0056  0.0000
2.9656  0.0000  -0.0056  0.0056  0.0000
2.9712  0.0000  -0.0056  0.0056  0.0000
2.9766  0.0000  -0.0056  0.0056  0.0000
2.9824  0.0000  -0.0056  0.0056  0.0000
2.9880  0.0000  -0.0056  0.0056  0.0000
2.9934  0.0000  -0.0056  0.0056  0.0000
2.9990  0.0000  -0.0057  0.0057  0.0000
3.0045  0.0000  -0.0057  0.0057  0.0000
3.0101  0.0000  -0.0057  0.0057  0.0000
3.0158  0.0000  -0.0057  0.0057  0.0000
3.0213  0.0000  -0.0057  0.0057  0.0000
3.0269  0.0000  -0.0057  0.0057  0.0000
3.0373  0.0000  -0.0057  0.0057  0.0000
3.0429  0.0000  -0.0057  0.0057  0.0000
3.0514  0.0000  -0.0057  0.0057  0.0000
3.0579  0.0000  -0.0058  0.0058  0.0000
3.0658  0.0000  -0.0058  0.0058  0.0000
3.0718  0.0000  -0.0058  0.0058  0.0000
3.0779  0.0000  -0.0058  0.0058  0.0000
3.0840  0.0000  -0.0058  0.0058  0.0000
3.0900  0.0000  -0.0058  0.0058  0.0000
3.0959  0.0000  -0.0058  0.0058  0.0000
3.1041  0.0000  -0.0058  0.0058  0.0000
3.1110  0.0000  -0.0058  0.0058  0.0000
3.1191  0.0000  -0.0058  0.0058  0.0000
3.1264  0.0000  -0.0058  0.0058  0.0000
3.1323  0.0000  -0.0058  0.0058  0.0000
3.1384  0.0000  -0.0058  0.0058  0.0000
3.1447  0.0000  -0.0059  0.0059  0.0000
3.1510  0.0000  -0.0059  0.0059  0.0000
3.1570  0.0000  -0.0059  0.0059  0.0000
3.1631  0.0000  -0.0059  0.0059  0.0000
3.1690  0.0000  -0.0059  0.0059  0.0000
3.1749  0.0000  -0.0059  0.0059  0.0000
3.1807  0.0000  -0.0059  0.0059  0.0000
3.1866  0.0000  -0.0060  0.0060  0.0000
3.1924  0.0000  -0.0060  0.0060  0.0000
3.1984  0.0000  -0.0060  0.0060  0.0000
3.2045  0.0000  -0.0060  0.0060  0.0000
3.2104  0.0000  -0.0060  0.0060  0.0000
3.2163  0.0000  -0.0060  0.0060  0.0000
3.2223  0.0000  -0.0060  0.0060  0.0000
3.2281  0.0000  -0.0060  0.0060  0.0000
3.2342  0.0000  -0.0060  0.0060  0.0000
3.2401  0.0000  -0.0060  0.0060  0.0000
3.2461  0.0000  -0.0060  0.0060  0.0000
3.2522  0.0000  -0.0060  0.0060  0.0000
3.2584  0.0000  -0.0060  0.0060  0.0000
3.2649  0.0000  -0.0060  0.0060  0.0000
3.2718  0.0000  -0.0060  0.0060  0.0000
3.2779  0.0000  -0.0061  0.0061  0.0000
3.2857  0.0000  -0.0062  0.0062  0.0000
3.2914  0.0000  -0.0062  0.0062  0.0000
3.2978  0.0000  -0.0062  0.0062  0.0000
3.3038  0.0000  -0.0062  0.0062  0.0000
3.3102  0.0000  -0.0062  0.0062  0.0000
3.3157  0.0000  -0.0062  0.0062  0.0000
3.3222  0.0000  -0.0062  0.0062  0.0000
3.3288  0.0000  -0.0062  0.0062  0.0000
3.3342  0.0000  -0.0062  0.0062  0.0000
3.3395  0.0000  -0.0062  0.0062  0.0000
3.3450  0.0000  -0.0062  0.0062  0.0000
3.3498  0.0000  -0.0062  0.0062  0.0000
3.3551  0.0000  -0.0062  0.0062  0.0000
3.3602  0.0000  -0.0062  0.0062  0.0000
3.3654  0.0000  -0.0062  0.0062  0.0000
3.3707  0.0000  -0.0062  0.0062  0.0000
3.3760  0.0000  -0.0062  0.0062  0.0000
3.3812  0.0000  -0.0063  0.0063  0.0000
3.3866  0.0000  -0.0063  0.0063  0.0000
3.3921  0.0000  -0.0064  0.0064  0.0000
3.3975  0.0000  -0.0064  0.0064  0.0000
3.4029  0.0000  -0.0064  0.0064  0.0000
3.4082  0.0000  -0.0064  0.0064  0.0000
3.4134  0.0000  -0.0064  0.0064  0.0000
3.4188  0.0000  -0.0064  0.0064  0.0000
3.4241  0.0000  -0.0064  0.0064  0.0000
3.4298  0.0000  -0.0064  0.0064  0.0000
3.4362  0.0000  -0.0064  0.0064  0.0000
3.4417  0.0000  -0.0064  0.0064  0.0000
3.4470  0.0000  -0.0064  0.0064  0.0000
3.4523  0.0000  -0.0064  0.0064  0.0000
3.4577  0.0000  -0.0064  0.0064  0.0000
3.4628  0.0000  -0.0064  0.0064  0.0000
3.4681  0.0000  -0.0064  0.0064  0.0000
3.4732  0.0000  -0.0064  0.0064  0.0000
3.4785  0.0000  -0.0064  0.0064  0.0000
3.4835  0.0000  -0.0065  0.0065  0.0000
3.4884  0.0000  -0.0065  0.0065  0.0000
3.4944  0.0000  -0.0065  0.0065  0.0000
3.4996  0.0000  -0.0065  0.0065  0.0000
3.5050  0.0000  -0.0065  0.0065  0.0000
3.5102  0.0000  -0.0065  0.0065  0.0000
3.5154  0.0000  -0.0065  0.0065  0.0000
3.5207  0.0000  -0.0065  0.0065  0.0000
3.5260  0.0000  -0.0066  0.0066  0.0000
3.5314  0.0000  -0.0066  0.0066  0.0000
3.5411  0.0000  -0.0066  0.0066  0.0000
3.5464  0.0000  -0.0066  0.0066  0.0000
3.5519  0.0000  -0.0066  0.0066  0.0000
3.5574  0.0000  -0.0066  0.0066  0.0000
3.5634  0.0000  -0.0066  0.0066  0.0000
3.5710  0.0000  -0.0066  0.0066  0.0000
3.5768  0.0000  -0.0066  0.0066  0.0000
3.5843  0.0000  -0.0066  0.0066  0.0000
3.5899  0.0000  -0.0066  0.0066  0.0000
3.5955  0.0000  -0.0066  0.0066  0.0000
3.6010  0.0000  -0.0067  0.0067  0.0000
3.6088  0.0000  -0.0067  0.0067  0.0000
3.6144  0.0000  -0.0068  0.0068  0.0000
3.6224  0.0000  -0.0068  0.0068  0.0000
3.6316  0.0000  -0.0068  0.0068  0.0000
3.6379  0.0000  -0.0068  0.0068  0.0000
3.6442  0.0000  -0.0068  0.0068  0.0000
3.6531  0.0000  -0.0068  0.0068  0.0000
3.6604  0.0000  -0.0068  0.0068  0.0000
3.6665  0.0000  -0.0068  0.0068  0.0000
3.6722  0.0000  -0.0068  0.0068  0.0000
3.6773  0.0000  -0.0068  0.0068  0.0000
3.6826  0.0000  -0.0068  0.0068  0.0000
3.6879  0.0000  -0.0069  0.0069  0.0000
3.6932  0.0000  -0.0069  0.0069  0.0000
3.6984  0.0000  -0.0069  0.0069  0.0000
3.7039  0.0000  -0.0069  0.0069  0.0000
3.7097  0.0000  -0.0070  0.0070  0.0000
3.7149  0.0000  -0.0070  0.0070  0.0000
3.7201  0.0000  -0.0070  0.0070  0.0000
3.7254  0.0000  -0.0070  0.0070  0.0000
3.7306  0.0000  -0.0070  0.0070  0.0000
3.7356  0.0000  -0.0070  0.0070  0.0000
3.7407  0.0000  -0.0070  0.0070  0.0000
3.7458  0.0000  -0.0070  0.0070  0.0000
3.7509  0.0000  -0.0070  0.0070  0.0000
3.7560  0.0000  -0.0070  0.0070  0.0000
3.7611  0.0000  -0.0070  0.0070  0.0000
3.7661  0.0000  -0.0070  0.0070  0.0000
3.7713  0.0000  -0.0070  0.0070  0.0000
3.7766  0.0000  -0.0070  0.0070  0.0000
3.7809  0.0000  -0.0070  0.0070  0.0000
3.7868  0.0000  -0.0071  0.0071  0.0000
3.7922  0.0000  -0.0070  0.0070  0.0000
3.7979  0.0000  -0.0070  0.0070  0.0000
3.8043  0.0000  -0.0070  0.0070  0.0000
3.8108  0.0000  -0.0070  0.0070  0.0000
3.8165  0.0000  -0.0071  0.0071  0.0000
3.8240  0.0000  -0.0071  0.0071  0.0000
3.8295  0.0000  -0.0071  0.0071  0.0000
3.8353  0.0000  -0.0071  0.0071  0.0000
3.8404  0.0000  -0.0071  0.0071  0.0000
3.8457  0.0000  -0.0071  0.0071  0.0000
3.8509  0.0000  -0.0071  0.0071  0.0000
3.8562  0.0000  -0.0071  0.0071  0.0000
3.8616  0.0000  -0.0071  0.0071  0.0000
3.8666  0.0000  -0.0071  0.0071  0.0000
3.8718  0.0000  -0.0071  0.0071  0.0000
3.8769  0.0000  -0.0071  0.0071  0.0000
3.8824  0.0000  -0.0071  0.0071  0.0000
3.8883  0.0000  -0.0071  0.0071  0.0000
3.8940  0.0000  -0.0071  0.0071  0.0000
3.8996  0.0000  -0.0072  0.0072  0.0000
3.9051  0.0000  -0.0072  0.0072  0.0000
3.9105  0.0000  -0.0072  0.0072  0.0000
3.9159  0.0000  -0.0073  0.0073  0.0000
3.9213  0.0000  -0.0072  0.0072  0.0000
3.9269  0.0000  -0.0073  0.0073  0.0000
3.9322  0.0000  -0.0073  0.0073  0.0000
3.9376  0.0000  -0.0072  0.0072  0.0000
3.9430  0.0000  -0.0072  0.0072  0.0000
3.9486  0.0000  -0.0073  0.0073  0.0000
3.9541  0.0000  -0.0073  0.0073  0.0000
3.9595  0.0000  -0.0073  0.0073  0.0000
3.9650  0.0000  -0.0073  0.0073  0.0000
3.9705  0.0000  -0.0073  0.0073  0.0000
3.9759  0.0000  -0.0073  0.0073  0.0000
3.9813  0.0000  -0.0073  0.0073  0.0000
3.9868  0.0000  -0.0073  0.0073  0.0000
3.9922  0.0000  -0.0074  0.0074  0.0000
3.9978  0.0000  -0.0074  0.0074  0.0000
4.0031  0.0000  -0.0074  0.0074  0.0000
4.0084  0.0000  -0.0074  0.0074  0.0000
4.0140  0.0000  -0.0074  0.0074  0.0000
4.0194  0.0000  -0.0075  0.0075  0.0000
4.0251  0.0000  -0.0075  0.0075  0.0000
4.0304  0.0000  -0.0075  0.0075  0.0000
4.0360  0.0000  -0.0075  0.0075  0.0000
4.0456  0.0000  -0.0075  0.0075  0.0000
4.0530  0.0000  -0.0075  0.0075  0.0000
4.0584  0.0000  -0.0075  0.0075  0.0000
4.0646  0.0000  -0.0075  0.0075  0.0000
4.0706  0.0000  -0.0075  0.0075  0.0000
4.0770  0.0000  -0.0075  0.0075  0.0000
4.0842  0.0000  -0.0075  0.0075  0.0000
4.0895  0.0000  -0.0075  0.0075  0.0000
4.0949  0.0000  -0.0075  0.0075  0.0000
4.1002  0.0000  -0.0075  0.0075  0.0000
4.1060  0.0000  -0.0075  0.0075  0.0000
4.1140  0.0000  -0.0076  0.0076  0.0000
4.1194  0.0000  -0.0076  0.0076  0.0000
4.1275  0.0000  -0.0076  0.0076  0.0000
4.1341  0.0000  -0.0076  0.0076  0.0000
4.1393  0.0000  -0.0077  0.0077  0.0000
4.1447  0.0000  -0.0077  0.0077  0.0000
4.1499  0.0000  -0.0077  0.0077  0.0000
4.1553  0.0000  -0.0077  0.0077  0.0000
4.1608  0.0000  -0.0077  0.0077  0.0000
4.1664  0.0000  -0.0077  0.0077  0.0000
4.1716  0.0000  -0.0077  0.0077  0.0000
4.1768  0.0000  -0.0077  0.0077  0.0000
4.1823  0.0000  -0.0077  0.0077  0.0000
4.1878  0.0000  -0.0077  0.0077  0.0000
4.1930  0.0000  -0.0077  0.0077  0.0000
4.1982  0.0000  -0.0077  0.0077  0.0000
4.2035  0.0000  -0.0077  0.0077  0.0000
4.2088  0.0000  -0.0077  0.0077  0.0000
4.2141  0.0000  -0.0077  0.0077  0.0000
4.2193  0.0000  -0.0077  0.0077  0.0000
4.2244  0.0000  -0.0077  0.0077  0.0000
4.2296  0.0000  -0.0077  0.0077  0.0000
4.2350  0.0000  -0.0077  0.0077  0.0000
4.2407  0.0000  -0.0077  0.0077  0.0000
4.2460  0.0000  -0.0077  0.0077  0.0000
4.2512  0.0000  -0.0077  0.0077  0.0000
4.2564  0.0000  -0.0077  0.0077  0.0000
4.2616  0.0000  -0.0077  0.0077  0.0000
4.2669  0.0000  -0.0078  0.0078  0.0000
4.2721  0.0000  -0.0078  0.0078  0.0000
4.2775  0.0000  -0.0078  0.0078  0.0000
4.2829  0.0000  -0.0078  0.0078  0.0000
4.2883  0.0000  -0.0078  0.0078  0.0000
4.2946  0.0000  -0.0078  0.0078  0.0000
4.3020  0.0000  -0.0078  0.0078  0.0000
4.3089  0.0000  -0.0078  0.0078  0.0000
4.3157  0.0000  -0.0078  0.0078  0.0000
4.3231  0.0000  -0.0079  0.0079  0.0000
4.3290  0.0000  -0.0079  0.0079  0.0000
4.3350  0.0000  -0.0080  0.0080  0.0000
4.3409  0.0000  -0.0080  0.0080  0.0000
4.3465  0.0000  -0.0080  0.0080  0.0000
4.3522  0.0000  -0.0080  0.0080  0.0000
4.3577  0.0000  -0.0080  0.0080  0.0000
4.3631  0.0000  -0.0080  0.0080  0.0000
4.3690  0.0000  -0.0080  0.0080  0.0000
4.3747  0.0000  -0.0080  0.0080  0.0000
4.3803  0.0000  -0.0080  0.0080  0.0000
4.3859  0.0000  -0.0080  0.0080  0.0000
4.3915  0.0000  -0.0080  0.0080  0.0000
4.3969  0.0000  -0.0080  0.0080  0.0000
4.4026  0.0000  -0.0080  0.0080  0.0000
4.4080  0.0000  -0.0080  0.0080  0.0000
4.4135  0.0000  -0.0080  0.0080  0.0000
4.4190  0.0000  -0.0081  0.0081  0.0000
4.4246  0.0000  -0.0080  0.0080  0.0000
4.4295  0.0000  -0.0081  0.0081  0.0000
4.4350  0.0000  -0.0081  0.0081  0.0000
4.4406  0.0000  -0.0082  0.0082  0.0000
4.4462  0.0000  -0.0082  0.0082  0.0000
4.4517  0.0000  -0.0082  0.0082  0.0000
4.4573  0.0000  -0.0082  0.0082  0.0000
4.4628  0.0000  -0.0082  0.0082  0.0000
4.4683  0.0000  -0.0082  0.0082  0.0000
4.4740  0.0000  -0.0082  0.0082  0.0000
4.4799  0.0000  -0.0082  0.0082  0.0000
4.4855  0.0000  -0.0082  0.0082  0.0000
4.4911  0.0000  -0.0082  0.0082  0.0000
4.4967  0.0000  -0.0082  0.0082  0.0000
4.5023  0.0000  -0.0082  0.0082  0.0000
4.5077  0.0000  -0.0082  0.0082  0.0000
4.5131  0.0000  -0.0082  0.0082  0.0000
4.5191  0.0000  -0.0082  0.0082  0.0000
4.5250  0.0000  -0.0083  0.0083  0.0000
4.5309  0.0000  -0.0083  0.0083  0.0000
4.5372  0.0000  -0.0083  0.0083  0.0000
4.5477  0.0000  -0.0083  0.0083  0.0000
4.5535  0.0000  -0.0083  0.0083  0.0000
4.5588  0.0000  -0.0083  0.0083  0.0000
4.5655  0.0000  -0.0083  0.0083  0.0000
4.5714  0.0000  -0.0083  0.0083  0.0000
4.5789  0.0000  -0.0083  0.0083  0.0000
4.5857  0.0000  -0.0083  0.0083  0.0000
4.5921  0.0000  -0.0083  0.0083  0.0000
4.5984  0.0000  -0.0083  0.0083  0.0000
4.6033  0.0000  -0.0083  0.0083  0.0000
4.6144  0.0000  -0.0084  0.0084  0.0000
4.6204  0.0000  -0.0084  0.0084  0.0000
4.6263  0.0000  -0.0084  0.0084  0.0000
4.6337  0.0000  -0.0084  0.0084  0.0000
4.6397  0.0000  -0.0084  0.0084  0.0000
4.6448  0.0000  -0.0085  0.0085  0.0000
4.6498  0.0000  -0.0085  0.0085  0.0000
4.6547  0.0000  -0.0085  0.0085  0.0000
4.6597  0.0000  -0.0085  0.0085  0.0000
4.6647  0.0000  -0.0085  0.0085  0.0000
4.6706  0.0000  -0.0085  0.0085  0.0000
4.6755  0.0000  -0.0085  0.0085  0.0000
4.6805  0.0000  -0.0085  0.0085  0.0000
4.6858  0.0000  -0.0085  0.0085  0.0000
4.6913  0.0000  -0.0085  0.0085  0.0000
4.6965  0.0000  -0.0085  0.0085  0.0000
4.7018  0.0000  -0.0085  0.0085  0.0000
4.7070  0.0000  -0.0085  0.0085  0.0000
4.7121  0.0000  -0.0085  0.0085  0.0000
4.7170  0.0000  -0.0085  0.0085  0.0000
4.7219  0.0000  -0.0086  0.0086  0.0000
4.7270  0.0000  -0.0086  0.0086  0.0000
4.7320  0.0000  -0.0086  0.0086  0.0000
4.7369  0.0000  -0.0086  0.0086  0.0000
4.7424  0.0000  -0.0086  0.0086  0.0000
4.7476  0.0000  -0.0086  0.0086  0.0000
4.7528  0.0000  -0.0086  0.0086  0.0000
4.7579  0.0000  -0.0086  0.0086  0.0000
4.7634  0.0000  -0.0086  0.0086  0.0000
4.7691  0.0000  -0.0086  0.0086  0.0000
4.7745  0.0000  -0.0086  0.0086  0.0000
4.7809  0.0000  -0.0086  0.0086  0.0000
4.7869  0.0000  -0.0086  0.0086  0.0000
4.7921  0.0000  -0.0086  0.0086  0.0000
4.7974  0.0000  -0.0086  0.0086  0.0000
4.8027  0.0000  -0.0086  0.0086  0.0000
4.8079  0.0000  -0.0088  0.0088  0.0000
4.8137  0.0000  -0.0088  0.0088  0.0000
4.8190  0.0000  -0.0088  0.0088  0.0000
4.8263  0.0000  -0.0087  0.0087  0.0000
4.8325  0.0000  -0.0088  0.0088  0.0000
4.8383  0.0000  -0.0088  0.0088  0.0000
4.8441  0.0000  -0.0088  0.0088  0.0000
4.8494  0.0000  -0.0087  0.0087  0.0000
4.8545  0.0000  -0.0088  0.0088  0.0000
4.8597  0.0000  -0.0088  0.0088  0.0000
4.8653  0.0000  -0.0088  0.0088  0.0000
4.8706  0.0000  -0.0088  0.0088  0.0000
4.8759  0.0000  -0.0089  0.0089  0.0000
4.8812  0.0000  -0.0089  0.0089  0.0000
4.8867  0.0000  -0.0089  0.0089  0.0000
4.8919  0.0000  -0.0089  0.0089  0.0000
4.8972  0.0000  -0.0089  0.0089  0.0000
4.9026  0.0000  -0.0089  0.0089  0.0000
4.9077  0.0000  -0.0089  0.0089  0.0000
4.9139  0.0000  -0.0089  0.0089  0.0000
4.9192  0.0000  -0.0089  0.0089  0.0000
4.9248  0.0000  -0.0089  0.0089  0.0000
4.9300  0.0000  -0.0089  0.0089  0.0000
4.9354  0.0000  -0.0089  0.0089  0.0000
4.9407  0.0000  -0.0089  0.0089  0.0000
4.9463  0.0000  -0.0089  0.0089  0.0000
4.9516  0.0000  -0.0090  0.0090  0.0000
4.9568  0.0000  -0.0090  0.0090  0.0000
4.9624  0.0000  -0.0090  0.0090  0.0000
4.9676  0.0000  -0.0090  0.0090  0.0000
4.9728  0.0000  -0.0090  0.0090  0.0000
4.9781  0.0000  -0.0090  0.0090  0.0000
4.9835  0.0000  -0.0090  0.0090  0.0000
4.9887  0.0000  -0.0090  0.0090  0.0000
4.9940  0.0000  -0.0090  0.0090  0.0000
5.0000  0.0000  -0.0090  0.0090  0.0000
5.0136  0.0000  -0.0090  0.0090  0.0125
5.0209  0.0000  -0.0090  0.0090  0.0128
5.0292  0.0000  -0.0090  0.0090  0.0131
5.0365  0.0000  -0.0090  0.0090  0.0133
5.0440  0.0000  -0.0091  0.0091  0.0151
5.0516  0.0000  -0.0091  0.0091  0.0139
5.0615  0.0000  -0.0091  0.0091  0.0142
5.0694  0.0000  -0.0092  0.0092  0.0157
5.0787  0.0000  -0.0091  0.0091  0.0135
5.0884  0.0000  -0.0091  0.0091  0.0153
5.0965  0.0000  -0.0083  0.0083  0.0037
5.1061  0.0000  -0.0084  0.0084  0.0170
5.1152  0.0000  -0.0087  0.0087  0.0191
5.1252  0.0000  -0.0086  0.0086  0.0146
5.1331  0.0000  -0.0085  0.0085  0.0138
5.1441  0.0000  -0.0081  0.0081  0.0102
5.1530  0.0000  -0.0070  0.0070  0.0011
5.1635  0.0000  -0.0057  0.0057  -0.0033
5.1710  0.0000  -0.0043  0.0043  -0.0072
5.1797  0.0000  -0.0034  0.0034  -0.0042
5.1887  0.0000  -0.0019  0.0019  -0.0123
5.1965  0.0000  -0.0007  0.0007  -0.0106
5.2040  0.0000  0.0002  -0.0002  -0.0085
5.2130  0.0000  0.0008  -0.0008  -0.0068
5.2203  0.0000  0.0012  -0.0012  -0.0015
5.2286  0.0000  0.0013  -0.0013  0.0013
5.2372  0.0000  0.0018  -0.0018  -0.0039
5.2457  0.0000  0.0027  -0.0027  -0.0122
5.2530  0.0000  0.0036  -0.0036  -0.0135
5.2611  0.0000  0.0047  -0.0047  -0.0193
5.2701  0.0000  0.0058  -0.0058  -0.0197
5.2773  0.0000  0.0069  -0.0069  -0.0202
5.2857  0.0000  0.0079  -0.0079  -0.0233
5.2943  0.0000  0.0086  -0.0086  -0.0176
5.3031  0.0000  0.0096  -0.0096  -0.0238
5.3118  0.0000  0.0106  -0.0106  -0.0239
5.3201  0.0000  0.0108  -0.0108  -0.0144
5.3316  0.0000  0.0104  -0.0104  -0.0081
5.3398  0.0000  0.0109  -0.0109  -0.0210
5.3490  0.0000  0.0115  -0.0115  -0.0222
5.3588  0.0000  0.0120  -0.0120  -0.0205
5.3673  0.0000  0.0130  -0.0130  -0.0295
5.3758  0.0000  0.0137  -0.0137  -0.0270
5.3841  0.0000  0.0146  -0.0146  -0.0334
5.3923  0.0000  0.0149  -0.0149  -0.0262
5.4018  0.0000  0.0144  -0.0144  -0.0120
5.4100  0.0000  0.0131  -0.0131  -0.0018
5.4197  0.0000  0.0111  -0.0111  0.0130
5.4299  0.0000  0.0093  -0.0093  0.0085
5.4392  0.0000  0.0082  -0.0082  0.0002
5.4484  0.0000  0.0086  -0.0086  -0.0205
5.4566  0.0000  0.0097  -0.0097  -0.0304
5.4651  0.0000  0.0112  -0.0112  -0.0396
5.4724  0.0000  0.0121  -0.0121  -0.0357
5.4806  0.0000  0.0126  -0.0126  -0.0277
5.4894  0.0000  0.0122  -0.0122  -0.0162
5.4985  0.0000  0.0117  -0.0117  -0.0128
5.5080  0.0000  0.0106  -0.0106  -0.0050
5.5177  0.0000  0.0101  -0.0101  -0.0125
5.5276  0.0000  0.0095  -0.0095  -0.0105
5.5366  0.0000  0.0090  -0.0090  -0.0126
5.5451  0.0000  0.0078  -0.0078  -0.0010
5.5558  0.0000  0.0063  -0.0063  0.0072
5.5663  0.0000  0.0039  -0.0039  0.0161
5.5747  0.0000  0.0021  -0.0021  0.0106
5.5840  0.0000  0.0009  -0.0009  0.0087
5.5919  0.0000  -0.0003  0.0003  0.0109
5.6007  0.0000  -0.0014  0.0014  0.0127
5.6090  0.0000  -0.0030  0.0030  0.0183
5.6185  0.0000  -0.0044  0.0044  0.0205
5.6290  0.0000  -0.0053  0.0053  0.0120
5.6373  0.0000  -0.0057  0.0057  0.0062
5.6501  0.0000  -0.0052  0.0052  -0.0062
5.6597  0.0000  -0.0051  0.0051  0.0002
5.6691  0.0000  -0.0043  0.0043  -0.0112
5.6776  0.0000  -0.0032  0.0032  -0.0178
5.6868  0.0000  -0.0012  0.0012  -0.0284
5.6952  0.0000  0.0017  -0.0017  -0.0462
5.7043  0.0000  0.0039  -0.0039  -0.0420
5.7141  0.0000  0.0062  -0.0062  -0.0445
5.7232  0.0000  0.0084  -0.0084  -0.0472
5.7315  0.0000  0.0099  -0.0099  -0.0392
5.7397  0.0000  0.0110  -0.0110  -0.0389
5.7484  0.0000  0.0124  -0.0124  -0.0435
5.7556  0.0000  0.0135  -0.0135  -0.0442
5.7643  0.0000  0.0150  -0.0150  -0.0510
5.7790  0.0000  0.0156  -0.0156  -0.0363
5.7884  0.0000  0.0161  -0.0161  -0.0365
5.7968  0.0000  0.0162  -0.0162  -0.0321
5.8041  0.0000  0.0161  -0.0161  -0.0310
5.8112  0.0000  0.0161  -0.0161  -0.0322
5.8183  0.0000  0.0157  -0.0157  -0.0251
5.8282  0.0000  0.0153  -0.0153  -0.0260
5.8370  0.0000  0.0150  -0.0150  -0.0287
5.8470  0.0000  0.0136  -0.0136  -0.0144
5.8552  0.0000  0.0114  -0.0114  0.0031
5.8620  0.0000  0.0091  -0.0091  0.0107
5.8708  0.0000  0.0065  -0.0065  0.0194
5.8789  0.0000  0.0024  -0.0024  0.0449
5.8866  0.0000  -0.0019  0.0019  0.0529
5.8938  0.0000  -0.0043  0.0043  0.0315
5.9007  0.0000  -0.0069  0.0069  0.0420
5.9077  0.0000  -0.0086  0.0086  0.0290
5.9147  0.0000  -0.0105  0.0105  0.0346
5.9219  0.0000  -0.0116  0.0116  0.0220
5.9301  0.0000  -0.0129  0.0129  0.0264
5.9386  0.0000  -0.0143  0.0143  0.0288
5.9462  0.0000  -0.0157  0.0157  0.0293
5.9536  0.0000  -0.0170  0.0170  0.0342
5.9621  0.0000  -0.0183  0.0183  0.0356
5.9708  0.0000  -0.0203  0.0203  0.0459
5.9797  0.0000  -0.0215  0.0215  0.0373
5.9890  0.0000  -0.0220  0.0220  0.0284
5.9964  0.0000  -0.0225  0.0225  0.0300
6.0040  0.0000  -0.0233  0.0233  0.0370
6.0114  0.0000  -0.0242  0.0242  0.0416
6.0188  0.0000  -0.0254  0.0254  0.0502
6.0264  0.0000  -0.0261  0.0261  0.0419
6.0342  0.0000  -0.0258  0.0258  0.0250
6.0419  0.0000  -0.0256  0.0256  0.0289
6.0507  0.0000  -0.0245  0.0245  0.0130
6.0601  0.0000  -0.0235  0.0235  0.0160
6.0705  0.0000  -0.0211  0.0211  -0.0022
6.0805  0.0000  -0.0185  0.0185  -0.0047
6.0915  0.0000  -0.0164  0.0164  -0.0023
6.1009  0.0000  -0.0149  0.0149  0.0026
6.1078  0.0000  -0.0147  0.0147  0.0193
6.1173  0.0000  -0.0148  0.0148  0.0229
6.1251  0.0000  -0.0150  0.0150  0.0263
6.1360  0.0000  -0.0130  0.0130  -0.0094
6.1449  0.0000  -0.0103  0.0103  -0.0138
6.1562  0.0000  -0.0075  0.0075  -0.0284
6.1643  0.0000  -0.0032  0.0032  -0.0364
6.1722  0.0000  -0.0012  0.0012  -0.0266
6.1802  0.0000  0.0008  -0.0008  -0.0287
6.1883  0.0000  0.0029  -0.0029  -0.0311
6.1966  0.0000  0.0050  -0.0050  -0.0375
6.2042  0.0000  0.0062  -0.0062  -0.0221
6.2117  0.0000  0.0082  -0.0082  -0.0413
6.2196  0.0000  0.0100  -0.0100  -0.0402
6.2281  0.0000  0.0118  -0.0118  -0.0401
6.2355  0.0000  0.0134  -0.0134  -0.0413
6.2430  0.0000  0.0139  -0.0139  -0.0254
6.2508  0.0000  0.0148  -0.0148  -0.0317
6.2589  0.0000  0.0152  -0.0152  -0.0269
6.2668  0.0000  0.0159  -0.0159  -0.0324
6.2749  0.0000  0.0165  -0.0165  -0.0313
6.2830  0.0000  0.0167  -0.0167  -0.0266
6.2924  0.0000  0.0173  -0.0173  -0.0340
6.3019  0.0000  0.0179  -0.0179  -0.0330
6.3100  0.0000  0.0180  -0.0180  -0.0278
6.3181  0.0000  0.0177  -0.0177  -0.0227
6.3266  0.0000  0.0177  -0.0177  -0.0281
6.3347  0.0000  0.0174  -0.0174  -0.0229
6.3460  0.0000  0.0172  -0.0172  -0.0246
6.3551  0.0000  0.0166  -0.0166  -0.0220
6.3661  0.0000  0.0161  -0.0161  -0.0208
6.3741  0.0000  0.0150  -0.0150  -0.0132
6.3821  0.0000  0.0138  -0.0138  -0.0074
6.3901  0.0000  0.0128  -0.0128  -0.0090
6.3980  0.0000  0.0118  -0.0118  -0.0080
6.4059  0.0000  0.0109  -0.0109  -0.0083
6.4136  0.0000  0.0101  -0.0101  -0.0105
6.4221  0.0000  0.0098  -0.0098  -0.0160
6.4310  0.0000  0.0095  -0.0095  -0.0176
6.4386  0.0000  0.0101  -0.0101  -0.0308
6.4476  0.0000  0.0094  -0.0094  -0.0123
6.4565  0.0000  0.0091  -0.0091  -0.0176
6.4654  0.0000  0.0081  -0.0081  -0.0080
6.4741  0.0000  0.0062  -0.0062  0.0072
6.4829  0.0000  0.0053  -0.0053  -0.0031
6.4911  0.0000  0.0041  -0.0041  0.0005
6.5008  0.0000  0.0037  -0.0037  -0.0104
6.5095  0.0000  0.0033  -0.0033  -0.0101
6.5175  0.0000  0.0034  -0.0034  -0.0176
6.5254  0.0000  0.0032  -0.0032  -0.0122
6.5345  0.0000  0.0028  -0.0028  -0.0091
6.5435  0.0000  0.0016  -0.0016  0.0034
6.5524  0.0000  0.0007  -0.0007  0.0004
6.5617  0.0000  -0.0017  0.0017  0.0233
6.5696  0.0000  -0.0042  0.0042  0.0280
6.5805  0.0000  -0.0065  0.0065  0.0333
6.5911  0.0000  -0.0097  0.0097  0.0328
6.6003  0.0000  -0.0124  0.0124  0.0471
6.6090  0.0000  -0.0142  0.0142  0.0325
6.6162  0.0000  -0.0164  0.0164  0.0498
6.6237  0.0000  -0.0178  0.0178  0.0388
6.6311  0.0000  -0.0202  0.0202  0.0573
6.6395  0.0000  -0.0223  0.0223  0.0583
6.6471  0.0000  -0.0246  0.0246  0.0601
6.6568  0.0000  -0.0252  0.0252  0.0378
6.6672  0.0000  -0.0263  0.0263  0.0441
6.6757  0.0000  -0.0261  0.0261  0.0289
6.6832  0.0000  -0.0255  0.0255  0.0235
6.6908  0.0000  -0.0254  0.0254  0.0310
6.6995  0.0000  -0.0255  0.0255  0.0330
6.7089  0.0000  -0.0257  0.0257  0.0365
6.7182  0.0000  -0.0251  0.0251  0.0264
6.7282  0.0000  -0.0241  0.0241  0.0217
6.7375  0.0000  -0.0217  0.0217  -0.0020
6.7453  0.0000  -0.0193  0.0193  -0.0031
6.7546  0.0000  -0.0172  0.0172  -0.0059
6.7630  0.0000  -0.0145  0.0145  -0.0129
6.7720  0.0000  -0.0127  0.0127  -0.0031
6.7826  0.0000  -0.0106  0.0106  -0.0088
6.7930  0.0000  -0.0088  0.0088  -0.0052
6.8036  0.0000  -0.0058  0.0058  -0.0227
6.8143  0.0000  -0.0035  0.0035  -0.0164
6.8254  0.0000  -0.0009  0.0009  -0.0235
6.8369  0.0000  0.0006  -0.0006  -0.0115
6.8475  0.0000  0.0013  -0.0013  -0.0048
6.8560  0.0000  0.0026  -0.0026  -0.0159
6.8668  0.0000  0.0036  -0.0036  -0.0119
6.8753  0.0000  0.0046  -0.0046  -0.0161
6.8852  0.0000  0.0052  -0.0052  -0.0102
6.8946  0.0000  0.0052  -0.0052  -0.0035
6.9029  0.0000  0.0061  -0.0061  -0.0163
6.9107  0.0000  0.0068  -0.0068  -0.0160
6.9188  0.0000  0.0074  -0.0074  -0.0155
6.9285  0.0000  0.0087  -0.0087  -0.0280
6.9378  0.0000  0.0095  -0.0095  -0.0199
6.9458  0.0000  0.0107  -0.0107  -0.0278
6.9541  0.0000  0.0118  -0.0118  -0.0307
6.9635  0.0000  0.0128  -0.0128  -0.0298
6.9730  0.0000  0.0141  -0.0141  -0.0341
6.9811  0.0000  0.0154  -0.0154  -0.0378
6.9893  0.0000  0.0162  -0.0162  -0.0335
6.9976  0.0000  0.0179  -0.0179  -0.0495
7.0055  0.0000  0.0187  -0.0187  -0.0387
7.0141  0.0000  0.0198  -0.0198  -0.0440
7.0234  0.0000  0.0208  -0.0208  -0.0443
7.0331  0.0000  0.0213  -0.0213  -0.0387
7.0413  0.0000  0.0222  -0.0222  -0.0448
7.0496  0.0000  0.0227  -0.0227  -0.0432
7.0578  0.0000  0.0231  -0.0231  -0.0413
7.0662  0.0000  0.0234  -0.0234  -0.0417
7.0764  0.0000  0.0230  -0.0230  -0.0326
7.0935  0.0000  0.0213  -0.0213  -0.0219
7.1052  0.0000  0.0187  -0.0187  -0.0109
7.1169  0.0000  0.0158  -0.0158  -0.0012
7.1284  0.0000  0.0126  -0.0126  0.0074
7.1375  0.0000  0.0099  -0.0099  0.0112
7.1474  0.0000  0.0065  -0.0065  0.0265
7.1563  0.0000  0.0026  -0.0026  0.0353
7.1701  0.0000  -0.0014  0.0014  0.0403
7.1776  0.0000  -0.0072  0.0072  0.0557
7.1862  0.0000  -0.0100  0.0100  0.0506
7.1941  0.0000  -0.0132  0.0132  0.0537
7.2018  0.0000  -0.0156  0.0156  0.0507
7.2100  0.0000  -0.0183  0.0183  0.0585
7.2183  0.0000  -0.0207  0.0207  0.0561
7.2269  0.0000  -0.0222  0.0222  0.0439
7.2352  0.0000  -0.0237  0.0237  0.0489
7.2428  0.0000  -0.0250  0.0250  0.0463
7.2502  0.0000  -0.0255  0.0255  0.0382
7.2577  0.0000  -0.0261  0.0261  0.0410
7.2661  0.0000  -0.0266  0.0266  0.0403
7.2741  0.0000  -0.0267  0.0267  0.0360
7.2812  0.0000  -0.0273  0.0273  0.0445
7.2886  0.0000  -0.0275  0.0275  0.0396
7.2957  0.0000  -0.0280  0.0280  0.0451
7.3031  0.0000  -0.0281  0.0281  0.0395
7.3113  0.0000  -0.0281  0.0281  0.0400
7.3202  0.0000  -0.0278  0.0278  0.0359
7.3294  0.0000  -0.0276  0.0276  0.0365
7.3378  0.0000  -0.0274  0.0274  0.0383
7.3484  0.0000  -0.0274  0.0274  0.0426
7.3576  0.0000  -0.0270  0.0270  0.0383
7.3663  0.0000  -0.0267  0.0267  0.0379
7.3744  0.0000  -0.0261  0.0261  0.0341
7.3825  0.0000  -0.0253  0.0253  0.0310
7.3912  0.0000  -0.0247  0.0247  0.0334
7.3992  0.0000  -0.0239  0.0239  0.0304
7.4085  0.0000  -0.0230  0.0230  0.0277
7.4180  0.0000  -0.0216  0.0216  0.0228
7.4287  0.0000  -0.0198  0.0198  0.0158
7.4378  0.0000  -0.0170  0.0170  0.0020
7.4474  0.0000  -0.0148  0.0148  0.0042
7.4566  0.0000  -0.0123  0.0123  -0.0009
7.4661  0.0000  -0.0101  0.0101  -0.0015
7.4744  0.0000  -0.0067  0.0067  -0.0208
7.4829  0.0000  -0.0041  0.0041  -0.0196
7.4908  0.0000  -0.0009  0.0009  -0.0318
7.4995  0.0000  0.0023  -0.0023  -0.0338
7.5089  0.0000  0.0054  -0.0054  -0.0389
7.5187  0.0000  0.0085  -0.0085  -0.0394
7.5279  0.0000  0.0120  -0.0120  -0.0461
7.5374  0.0000  0.0148  -0.0148  -0.0436
7.5455  0.0000  0.0175  -0.0175  -0.0461
7.5544  0.0000  0.0193  -0.0193  -0.0403
7.5624  0.0000  0.0214  -0.0214  -0.0500
7.5716  0.0000  0.0229  -0.0229  -0.0427
7.5819  0.0000  0.0242  -0.0242  -0.0407
7.5925  0.0000  0.0254  -0.0254  -0.0394
7.6025  0.0000  0.0258  -0.0258  -0.0320
7.6121  0.0000  0.0259  -0.0259  -0.0303
7.6206  0.0000  0.0256  -0.0256  -0.0237
7.6295  0.0000  0.0255  -0.0255  -0.0288
7.6381  0.0000  0.0249  -0.0249  -0.0210
7.6492  0.0000  0.0244  -0.0244  -0.0222
7.6586  0.0000  0.0236  -0.0236  -0.0196
7.6677  0.0000  0.0222  -0.0222  -0.0107
7.6796  0.0000  0.0209  -0.0209  -0.0106
7.6876  0.0000  0.0195  -0.0195  -0.0120
7.6942  0.0000  0.0189  -0.0189  -0.0136
7.7034  0.0000  0.0178  -0.0178  -0.0084
7.7120  0.0000  0.0170  -0.0170  -0.0135
7.7211  0.0000  0.0158  -0.0158  -0.0079
7.7301  0.0000  0.0139  -0.0139  0.0064
7.7391  0.0000  0.0126  -0.0126  -0.0024
7.7481  0.0000  0.0108  -0.0108  0.0066
7.7559  0.0000  0.0093  -0.0093  0.0044
7.7657  0.0000  0.0075  -0.0075  0.0133
7.7739  0.0000  0.0059  -0.0059  0.0082
7.7818  0.0000  0.0043  -0.0043  0.0148
7.7916  0.0000  0.0027  -0.0027  0.0138
7.8002  0.0000  0.0008  -0.0008  0.0224
7.8080  0.0000  -0.0010  0.0010  0.0222
7.8158  0.0000  -0.0026  0.0026  0.0242
7.8243  0.0000  -0.0049  0.0049  0.0398
7.8329  0.0000  -0.0077  0.0077  0.0464
7.8404  0.0000  -0.0102  0.0102  0.0461
7.8479  0.0000  -0.0116  0.0116  0.0353
7.8565  0.0000  -0.0134  0.0134  0.0414
7.8660  0.0000  -0.0153  0.0153  0.0463
7.8742  0.0000  -0.0171  0.0171  0.0452
7.8845  0.0000  -0.0180  0.0180  0.0369
7.8928  0.0000  -0.0188  0.0188  0.0353
7.9021  0.0000  -0.0191  0.0191  0.0300
7.9122  0.0000  -0.0188  0.0188  0.0227
7.9217  0.0000  -0.0183  0.0183  0.0201
7.9308  0.0000  -0.0174  0.0174  0.0126
7.9403  0.0000  -0.0157  0.0157  0.0016
7.9490  0.0000  -0.0136  0.0136  -0.0062
7.9564  0.0000  -0.0122  0.0122  -0.0003
7.9650  0.0000  -0.0102  0.0102  -0.0117
7.9728  0.0000  -0.0077  0.0077  -0.0271
7.9803  0.0000  -0.0060  0.0060  -0.0138
7.9877  0.0000  -0.0037  0.0037  -0.0294
7.9956  0.0000  -0.0014  0.0014  -0.0305
8.0059  0.0000  0.0003  -0.0003  -0.0209
8.0150  0.0000  0.0027  -0.0027  -0.0290
8.0240  0.0000  0.0050  -0.0050  -0.0358
8.0320  0.0000  0.0073  -0.0073  -0.0387
8.0404  0.0000  0.0088  -0.0088  -0.0290
8.0490  0.0000  0.0108  -0.0108  -0.0405
8.0574  0.0000  0.0122  -0.0122  -0.0334
8.0651  0.0000  0.0131  -0.0131  -0.0289
8.0728  0.0000  0.0137  -0.0137  -0.0266
8.0802  0.0000  0.0140  -0.0140  -0.0217
8.0877  0.0000  0.0142  -0.0142  -0.0213
8.0963  0.0000  0.0144  -0.0144  -0.0217
8.1075  0.0000  0.0139  -0.0139  -0.0112
8.1166  0.0000  0.0133  -0.0133  -0.0120
8.1264  0.0000  0.0125  -0.0125  -0.0074
8.1341  0.0000  0.0114  -0.0114  -0.0007
8.1429  0.0000  0.0107  -0.0107  -0.0035
8.1524  0.0000  0.0098  -0.0098  -0.0029
8.1617  0.0000  0.0087  -0.0087  0.0003
8.1712  0.0000  0.0074  -0.0074  0.0062
8.1807  0.0000  0.0057  -0.0057  0.0116
8.1894  0.0000  0.0044  -0.0044  0.0083
8.1979  0.0000  0.0029  -0.0029  0.0149
8.2061  0.0000  0.0017  -0.0017  0.0125
8.2145  0.0000  0.0004  -0.0004  0.0156
8.2230  0.0000  -0.0009  0.0009  0.0180
8.2312  0.0000  -0.0020  0.0020  0.0165
8.2384  0.0000  -0.0032  0.0032  0.0190
8.2456  0.0000  -0.0044  0.0044  0.0234
8.2528  0.0000  -0.0058  0.0058  0.0313
8.2608  0.0000  -0.0068  0.0068  0.0232
8.2702  0.0000  -0.0079  0.0079  0.0243
8.2792  0.0000  -0.0091  0.0091  0.0283
8.2867  0.0000  -0.0102  0.0102  0.0265
8.2938  0.0000  -0.0112  0.0112  0.0316
8.3009  0.0000  -0.0121  0.0121  0.0312
8.3083  0.0000  -0.0127  0.0127  0.0280
8.3153  0.0000  -0.0131  0.0131  0.0251
8.3228  0.0000  -0.0138  0.0138  0.0299
8.3304  0.0000  -0.0142  0.0142  0.0267
8.3377  0.0000  -0.0145  0.0145  0.0256
8.3457  0.0000  -0.0147  0.0147  0.0245
8.3535  0.0000  -0.0145  0.0145  0.0197
8.3625  0.0000  -0.0143  0.0143  0.0191
8.3733  0.0000  -0.0138  0.0138  0.0158
8.3826  0.0000  -0.0127  0.0127  0.0068
8.3942  0.0000  -0.0116  0.0116  0.0084
8.4033  0.0000  -0.0100  0.0100  -0.0037
8.4153  0.0000  -0.0085  0.0085  -0.0044
8.4226  0.0000  -0.0058  0.0058  -0.0180
8.4319  0.0000  -0.0042  0.0042  -0.0117
8.4407  0.0000  -0.0018  0.0018  -0.0221
8.4482  0.0000  0.0002  -0.0002  -0.0278
8.4567  0.0000  0.0017  -0.0017  -0.0217
8.4642  0.0000  0.0035  -0.0035  -0.0266
8.4724  0.0000  0.0049  -0.0049  -0.0254
8.4797  0.0000  0.0065  -0.0065  -0.0275
8.4872  0.0000  0.0078  -0.0078  -0.0275
8.4946  0.0000  0.0095  -0.0095  -0.0366
8.5018  0.0000  0.0107  -0.0107  -0.0306
8.5105  0.0000  0.0121  -0.0121  -0.0361
8.5189  0.0000  0.0136  -0.0136  -0.0375
8.5262  0.0000  0.0144  -0.0144  -0.0281
8.5335  0.0000  0.0154  -0.0154  -0.0358
8.5408  0.0000  0.0161  -0.0161  -0.0313
8.5483  0.0000  0.0166  -0.0166  -0.0292
8.5558  0.0000  0.0177  -0.0177  -0.0410
8.5630  0.0000  0.0184  -0.0184  -0.0366
8.5703  0.0000  0.0187  -0.0187  -0.0304
8.5776  0.0000  0.0195  -0.0195  -0.0402
8.5859  0.0000  0.0197  -0.0197  -0.0317
8.5936  0.0000  0.0200  -0.0200  -0.0332
8.6033  0.0000  0.0200  -0.0200  -0.0287
8.6111  0.0000  0.0196  -0.0196  -0.0243
8.6211  0.0000  0.0195  -0.0195  -0.0283
8.6299  0.0000  0.0188  -0.0188  -0.0212
8.6384  0.0000  0.0184  -0.0184  -0.0239
8.6462  0.0000  0.0176  -0.0176  -0.0188
8.6549  0.0000  0.0166  -0.0166  -0.0127
8.6621  0.0000  0.0155  -0.0155  -0.0108
8.6707  0.0000  0.0139  -0.0139  0.0004
8.6815  0.0000  0.0122  -0.0122  0.0008
8.6921  0.0000  0.0095  -0.0095  0.0100
8.7007  0.0000  0.0076  -0.0076  0.0036
8.7095  0.0000  0.0057  -0.0057  0.0111
8.7173  0.0000  0.0035  -0.0035  0.0177
8.7248  0.0000  0.0016  -0.0016  0.0207
8.7324  0.0000  -0.0006  0.0006  0.0275
8.7401  0.0000  -0.0030  0.0030  0.0340
8.7487  0.0000  -0.0046  0.0046  0.0242
8.7562  0.0000  -0.0061  0.0061  0.0217
8.7652  0.0000  -0.0074  0.0074  0.0228
8.7739  0.0000  -0.0083  0.0083  0.0174
8.7818  0.0000  -0.0097  0.0097  0.0247
8.7908  0.0000  -0.0101  0.0101  0.0139
8.8000  0.0000  -0.0109  0.0109  0.0190
8.8077  0.0000  -0.0118  0.0118  0.0220
8.8155  0.0000  -0.0123  0.0123  0.0191
8.8232  0.0000  -0.0128  0.0128  0.0203
8.8324  0.0000  -0.0128  0.0128  0.0119
8.8409  0.0000  -0.0129  0.0129  0.0141
8.8488  0.0000  -0.0128  0.0128  0.0122
8.8569  0.0000  -0.0131  0.0131  0.0182
8.8662  0.0000  -0.0127  0.0127  0.0073
8.8732  0.0000  -0.0127  0.0127  0.0145
8.8809  0.0000  -0.0129  0.0129  0.0173
8.8897  0.0000  -0.0125  0.0125  0.0089
8.8983  0.0000  -0.0121  0.0121  0.0092
8.9062  0.0000  -0.0115  0.0115  0.0057
8.9149  0.0000  -0.0108  0.0108  0.0014
8.9233  0.0000  -0.0101  0.0101  0.0026
8.9318  0.0000  -0.0092  0.0092  -0.0006
8.9397  0.0000  -0.0085  0.0085  0.0006
8.9479  0.0000  -0.0079  0.0079  0.0010
8.9569  0.0000  -0.0064  0.0064  -0.0115
8.9641  0.0000  -0.0056  0.0056  -0.0046
8.9727  0.0000  -0.0041  0.0041  -0.0176
8.9822  0.0000  -0.0029  0.0029  -0.0129
8.9913  0.0000  -0.0007  0.0007  -0.0257
8.9994  0.0000  0.0010  -0.0010  -0.0247
9.0082  0.0000  0.0029  -0.0029  -0.0304
9.0229  0.0000  0.0050  -0.0050  0.0000
9.0286  0.0000  0.0062  -0.0062  0.0000
9.0344  0.0000  0.0072  -0.0072  0.0000
9.0401  0.0000  0.0079  -0.0079  0.0000
9.0460  0.0000  0.0087  -0.0087  0.0000
9.0518  0.0000  0.0092  -0.0092  0.0000
9.0578  0.0000  0.0097  -0.0097  0.0000
9.0635  0.0000  0.0104  -0.0104  0.0000
9.0696  0.0000  0.0105  -0.0105  0.0000
9.0753  0.0000  0.0105  -0.0105  0.0000
9.0812  0.0000  0.0101  -0.0101  0.0000
9.0869  0.0000  0.0102  -0.0102  0.0000
9.0929  0.0000  0.0101  -0.0101  0.0000
9.0988  0.0000  0.0104  -0.0104  0.0000
9.1040  0.0000  0.0100  -0.0100  0.0000
9.1097  0.0000  0.0099  -0.0099  0.0000
9.1154  0.0000  0.0099  -0.0099  0.0000
9.1212  0.0000  0.0092  -0.0092  0.0000
9.1275  0.0000  0.0087  -0.0087  0.0000
9.1340  0.0000  0.0077  -0.0077  0.0000
9.1397  0.0000  0.0081  -0.0081  0.0000
9.1450  0.0000  0.0078  -0.0078  0.0000
9.1503  0.0000  0.0085  -0.0085  0.0000
9.1558  0.0000  0.0086  -0.0086  0.0000
9.1599  0.0000  0.0078  -0.0078  0.0000
9.1661  0.0000  0.0077  -0.0077  0.0000
9.1723  0.0000  0.0076  -0.0076  0.0000
9.1792  0.0000  0.0070  -0.0070  0.0000
9.1843  0.0000  0.0067  -0.0067  0.0000
9.1904  0.0000  0.0058  -0.0058  0.0000
9.1966  0.0000  0.0053  -0.0053  0.0000
9.2019  0.0000  0.0050  -0.0050  0.0000
9.2069  0.0000  0.0047  -0.0047  0.0000
9.2120  0.0000  0.0042  -0.0042  0.0000
9.2171  0.0000  0.0031  -0.0031  0.0000
9.2224  0.0000  0.0023  -0.0023  0.0000
9.2284  0.0000  0.0019  -0.0019  0.0000
9.2337  0.0000  0.0010  -0.0010  0.0000
9.2392  0.0000  0.0006  -0.0006  0.0000
9.2446  0.0000  0.0001  -0.0001  0.0000
9.2499  0.0000  -0.0002  0.0002  0.0000
9.2551  0.0000  -0.0014  0.0014  0.0000
9.2603  0.0000  -0.0022  0.0022  0.0000
9.2653  0.0000  -0.0028  0.0028  0.0000
9.2704  0.0000  -0.0039  0.0039  0.0000
9.2755  0.0000  -0.0042  0.0042  0.0000
9.2806  0.0000  -0.0051  0.0051  0.0000
9.2860  0.0000  -0.0058  0.0058  0.0000
9.2911  0.0000  -0.0072  0.0072  0.0000
9.2961  0.0000  -0.0087  0.0087  0.0000
9.3012  0.0000  -0.0096  0.0096  0.0000
9.3064  0.0000  -0.0110  0.0110  0.0000
9.3115  0.0000  -0.0119  0.0119  0.0000
9.3165  0.0000  -0.0134  0.0134  0.0000
9.3218  0.0000  -0.0145  0.0145  0.0000
9.3268  0.0000  -0.0153  0.0153  0.0000
9.3320  0.0000  -0.0166  0.0166  0.0000
9.3371  0.0000  -0.0175  0.0175  0.0000
9.3424  0.0000  -0.0187  0.0187  0.0000
9.3483  0.0000  -0.0196  0.0196  0.0000
9.3536  0.0000  -0.0210  0.0210  0.0000
9.3582  0.0000  -0.0220  0.0220  0.0000
9.3644  0.0000  -0.0232  0.0232  0.0000
9.3711  0.0000  -0.0242  0.0242  0.0000
9.3766  0.0000  -0.0257  0.0257  0.0000
9.3822  0.0000  -0.0269  0.0269  0.0000
9.3876  0.0000  -0.0281  0.0281  0.0000
9.3929  0.0000  -0.0291  0.0291  0.0000
9.3982  0.0000  -0.0299  0.0299  0.0000
9.4037  0.0000  -0.0309  0.0309  0.0000
9.4091  0.0000  -0.0316  0.0316  0.0000
9.4144  0.0000  -0.0328  0.0328  0.0000
9.4197  0.0000  -0.0338  0.0338  0.0000
9.4250  0.0000  -0.0347  0.0347  0.0000
9.4304  0.0000  -0.0358  0.0358  0.0000
9.4361  0.0000  -0.0369  0.0369  0.0000
9.4414  0.0000  -0.0377  0.0377  0.0000
9.4467  0.0000  -0.0384  0.0384  0.0000
9.4523  0.0000  -0.0391  0.0391  0.0000
9.4580  0.0000  -0.0397  0.0397  0.0000
9.4637  0.0000  -0.0405  0.0405  0.0000
9.4696  0.0000  -0.0413  0.0413  0.0000
9.4769  0.0000  -0.0420  0.0420  0.0000
9.4830  0.0000  -0.0427  0.0427  0.0000
9.4891  0.0000  -0.0431  0.0431  0.0000
9.4959  0.0000  -0.0434  0.0434  0.0000
9.5012  0.0000  -0.0439  0.0439  0.0000
9.5069  0.0000  -0.0440  0.0440  0.0000
9.5125  0.0000  -0.0440  0.0440  0.0000
9.5177  0.0000  -0.0441  0.0441  0.0000
9.5297  0.0000  -0.0444  0.0444  0.0000
9.5352  0.0000  -0.0447  0.0447  0.0000
9.5401  0.0000  -0.0448  0.0448  0.0000
9.5453  0.0000  -0.0448  0.0448  0.0000
9.5503  0.0000  -0.0448  0.0448  0.0000
9.5553  0.0000  -0.0447  0.0447  0.0000
9.5602  0.0000  -0.0447  0.0447  0.0000
9.5652  0.0000  -0.0446  0.0446  0.0000
9.5702  0.0000  -0.0444  0.0444  0.0000
9.5754  0.0000  -0.0443  0.0443  0.0000
9.5809  0.0000  -0.0442  0.0442  0.0000
9.5862  0.0000  -0.0438  0.0438  0.0000
9.5914  0.0000  -0.0435  0.0435  0.0000
9.5954  0.0000  -0.0430  0.0430  0.0000
9.6005  0.0000  -0.0426  0.0426  0.0000
9.6055  0.0000  -0.0424  0.0424  0.0000
9.6113  0.0000  -0.0419  0.0419  0.0000
9.6164  0.0000  -0.0412  0.0412  0.0000
9.6220  0.0000  -0.0409  0.0409  0.0000
9.6284  0.0000  -0.0404  0.0404  0.0000
9.6340  0.0000  -0.0400  0.0400  0.0000
9.6395  0.0000  -0.0395  0.0395  0.0000
9.6454  0.0000  -0.0392  0.0392  0.0000
9.6506  0.0000  -0.0387  0.0387  0.0000
9.6557  0.0000  -0.0382  0.0382  0.0000
9.6608  0.0000  -0.0378  0.0378  0.0000
9.6660  0.0000  -0.0372  0.0372  0.0000
9.6710  0.0000  -0.0368  0.0368  0.0000
9.6760  0.0000  -0.0364  0.0364  0.0000
9.6822  0.0000  -0.0358  0.0358  0.0000
9.6875  0.0000  -0.0352  0.0352  0.0000
9.6937  0.0000  -0.0347  0.0347  0.0000
9.7004  0.0000  -0.0340  0.0340  0.0000
9.7056  0.0000  -0.0333  0.0333  0.0000
9.7106  0.0000  -0.0328  0.0328  0.0000
9.7156  0.0000  -0.0322  0.0322  0.0000
9.7209  0.0000  -0.0317  0.0317  0.0000
9.7264  0.0000  -0.0313  0.0313  0.0000
9.7317  0.0000  -0.0310  0.0310  0.0000
9.7372  0.0000  -0.0306  0.0306  0.0000
9.7426  0.0000  -0.0305  0.0305  0.0000
9.7481  0.0000  -0.0301  0.0301  0.0000
9.7537  0.0000  -0.0299  0.0299  0.0000
9.7593  0.0000  -0.0297  0.0297  0.0000
9.7647  0.0000  -0.0296  0.0296  0.0000
9.7700  0.0000  -0.0294  0.0294  0.0000
9.7753  0.0000  -0.0295  0.0295  0.0000
9.7809  0.0000  -0.0295  0.0295  0.0000
9.7862  0.0000  -0.0295  0.0295  0.0000
9.7916  0.0000  -0.0296  0.0296  0.0000
9.7969  0.0000  -0.0297  0.0297  0.0000
9.8024  0.0000  -0.0299  0.0299  0.0000
9.8078  0.0000  -0.0302  0.0302  0.0000
9.8132  0.0000  -0.0304  0.0304  0.0000
9.8187  0.0000  -0.0309  0.0309  0.0000
9.8244  0.0000  -0.0311  0.0311  0.0000
9.8299  0.0000  -0.0316  0.0316  0.0000
9.8354  0.0000  -0.0321  0.0321  0.0000
9.8410  0.0000  -0.0325  0.0325  0.0000
9.8464  0.0000  -0.0331  0.0331  0.0000
9.8519  0.0000  -0.0336  0.0336  0.0000
9.8574  0.0000  -0.0341  0.0341  0.0000
9.8631  0.0000  -0.0348  0.0348  0.0000
9.8700  0.0000  -0.0358  0.0358  0.0000
9.8760  0.0000  -0.0365  0.0365  0.0000
9.8816  0.0000  -0.0374  0.0374  0.0000
9.8880  0.0000  -0.0381  0.0381  0.0000
9.8946  0.0000  -0.0391  0.0391  0.0000
9.9007  0.0000  -0.0401  0.0401  0.0000
9.9077  0.0000  -0.0411  0.0411  0.0000
9.9131  0.0000  -0.0419  0.0419  0.0000
9.9186  0.0000  -0.0426  0.0426  0.0000
9.9241  0.0000  -0.0434  0.0434  0.0000
9.9297  0.0000  -0.0443  0.0443  0.0000
9.9350  0.0000  -0.0451  0.0451  0.0000
9.9403  0.0000  -0.0461  0.0461  0.0000
9.9454  0.0000  -0.0467  0.0467  0.0000
9.9514  0.0000  -0.0475  0.0475  0.0000
9.9564  0.0000  -0.0481  0.0481  0.0000
9.9618  0.0000  -0.0486  0.0486  0.0000
9.9668  0.0000  -0.0491  0.0491  0.0000
9.9720  0.0000  -0.0495  0.0495  0.0000
9.9771  0.0000  -0.0499  0.0499  0.0000
9.9824  0.0000  -0.0503  0.0503  0.0000
9.9876  0.0000  -0.0506  0.0506  0.0000
9.9927  0.0000  -0.0510  0.0510  0.0000
9.9981  0.0000  -0.0513  0.0513  0.0000
10.0029  0.0000  -0.0513  0.0513  0.0000
10.0078  0.0000  -0.0515  0.0515  0.0000
10.0127  0.0000  -0.0515  0.0515  0.0000
10.0176  0.0000  -0.0516  0.0516  0.0000
10.0226  0.0000  -0.0516  0.0516  0.0000
10.0338  0.0000  -0.0515  0.0515  0.0000
10.0387  0.0000  -0.0513  0.0513  0.0000
10.0437  0.0000  -0.0511  0.0511  0.0000
10.0488  0.0000  -0.0508  0.0508  0.0000
10.0537  0.0000  -0.0507  0.0507  0.0000
10.0591  0.0000  -0.0504  0.0504  0.0000
10.0641  0.0000  -0.0502  0.0502  0.0000
10.0697  0.0000  -0.0501  0.0501  0.0000
10.0748  0.0000  -0.0500  0.0500  0.0000
10.0797  0.0000  -0.0498  0.0498  0.0000
10.0848  0.0000  -0.0498  0.0498  0.0000
10.0897  0.0000  -0.0496  0.0496  0.0000
10.0948  0.0000  -0.0495  0.0495  0.0000
10.0997  0.0000  -0.0496  0.0496  0.0000
10.1048  0.0000  -0.0496  0.0496  0.0000
10.1102  0.0000  -0.0496  0.0496  0.0000
10.1152  0.0000  -0.0496  0.0496  0.0000
10.1203  0.0000  -0.0498  0.0498  0.0000
10.1258  0.0000  -0.0498  0.0498  0.0000
10.1310  0.0000  -0.0499  0.0499  0.0000
10.1363  0.0000  -0.0500  0.0500  0.0000
10.1431  0.0000  -0.0501  0.0501  0.0000
10.1480  0.0000  -0.0502  0.0502  0.0000
10.1528  0.0000  -0.0503  0.0503  0.0000
10.1577  0.0000  -0.0504  0.0504  0.0000
10.1628  0.0000  -0.0504  0.0504  0.0000
10.1685  0.0000  -0.0506  0.0506  0.0000
10.1738  0.0000  -0.0506  0.0506  0.0000
10.1793  0.0000  -0.0506  0.0506  0.0000
10.1858  0.0000  -0.0506  0.0506  0.0000
10.1902  0.0000  -0.0506  0.0506  0.0000
10.1966  0.0000  -0.0507  0.0507  0.0000
10.2031  0.0000  -0.0507  0.0507  0.0000
10.2086  0.0000  -0.0507  0.0507  0.0000
10.2141  0.0000  -0.0507  0.0507  0.0000
10.2194  0.0000  -0.0507  0.0507  0.0000
10.2248  0.0000  -0.0506  0.0506  0.0000
10.2302  0.0000  -0.0506  0.0506  0.0000
10.2356  0.0000  -0.0506  0.0506  0.0000
10.2411  0.0000  -0.0506  0.0506  0.0000
10.2463  0.0000  -0.0506  0.0506  0.0000
10.2514  0.0000  -0.0506  0.0506  0.0000
10.2564  0.0000  -0.0506  0.0506  0.0000
10.2618  0.0000  -0.0506  0.0506  0.0000
10.2671  0.0000  -0.0507  0.0507  0.0000
10.2724  0.0000  -0.0506  0.0506  0.0000
10.2778  0.0000  -0.0506  0.0506  0.0000
10.2832  0.0000  -0.0506  0.0506  0.0000
10.2887  0.0000  -0.0506  0.0506  0.0000
10.2941  0.0000  -0.0508  0.0508  0.0000
10.2999  0.0000  -0.0508  0.0508  0.0000
10.3057  0.0000  -0.0508  0.0508  0.0000
10.3121  0.0000  -0.0508  0.0508  0.0000
10.3179  0.0000  -0.0508  0.0508  0.0000
10.3226  0.0000  -0.0508  0.0508  0.0000
10.3287  0.0000  -0.0509  0.0509  0.0000
10.3334  0.0000  -0.0509  0.0509  0.0000
10.3396  0.0000  -0.0509  0.0509  0.0000
10.3460  0.0000  -0.0509  0.0509  0.0000
10.3554  0.0000  -0.0508  0.0508  0.0000
10.3624  0.0000  -0.0508  0.0508  0.0000
10.3681  0.0000  -0.0508  0.0508  0.0000
10.3734  0.0000  -0.0508  0.0508  0.0000
10.3785  0.0000  -0.0509  0.0509  0.0000
10.3852  0.0000  -0.0509  0.0509  0.0000
10.3895  0.0000  -0.0509  0.0509  0.0000
10.3950  0.0000  -0.0509  0.0509  0.0000
10.4006  0.0000  -0.0509  0.0509  0.0000
10.4074  0.0000  -0.0509  0.0509  0.0000
10.4125  0.0000  -0.0509  0.0509  0.0000
10.4180  0.0000  -0.0509  0.0509  0.0000
10.4230  0.0000  -0.0509  0.0509  0.0000
10.4290  0.0000  -0.0509  0.0509  0.0000
10.4341  0.0000  -0.0509  0.0509  0.0000
10.4392  0.0000  -0.0509  0.0509  0.0000
10.4439  0.0000  -0.0509  0.0509  0.0000
10.4490  0.0000  -0.0509  0.0509  0.0000
10.4540  0.0000  -0.0509  0.0509  0.0000
10.4591  0.0000  -0.0509  0.0509  0.0000
10.4639  0.0000  -0.0509  0.0509  0.0000
10.4690  0.0000  -0.0510  0.0510  0.0000
10.4729  0.0000  -0.0510  0.0510  0.0000
10.4779  0.0000  -0.0510  0.0510  0.0000
10.4829  0.0000  -0.0510  0.0510  0.0000
10.4881  0.0000  -0.0510  0.0510  0.0000
10.4930  0.0000  -0.0510  0.0510  0.0000
10.4983  0.0000  -0.0511  0.0511  0.0000
10.5036  0.0000  -0.0511  0.0511  0.0000
10.5089  0.0000  -0.0511  0.0511  0.0000
10.5141  0.0000  -0.0511  0.0511  0.0000
10.5194  0.0000  -0.0511  0.0511  0.0000
10.5246  0.0000  -0.0511  0.0511  0.0000
10.5365  0.0000  -0.0511  0.0511  0.0000
10.5418  0.0000  -0.0511  0.0511  0.0000
10.5478  0.0000  -0.0511  0.0511  0.0000
10.5532  0.0000  -0.0511  0.0511  0.0000
10.5587  0.0000  -0.0512  0.0512  0.0000
10.5642  0.0000  -0.0512  0.0512  0.0000
10.5696  0.0000  -0.0512  0.0512  0.0000
10.5751  0.0000  -0.0512  0.0512  0.0000
10.5805  0.0000  -0.0512  0.0512  0.0000
10.5861  0.0000  -0.0512  0.0512  0.0000
10.5915  0.0000  -0.0512  0.0512  0.0000
10.5968  0.0000  -0.0512  0.0512  0.0000
10.6027  0.0000  -0.0512  0.0512  0.0000
10.6083  0.0000  -0.0512  0.0512  0.0000
10.6145  0.0000  -0.0512  0.0512  0.0000
10.6203  0.0000  -0.0512  0.0512  0.0000
10.6275  0.0000  -0.0512  0.0512  0.0000
10.6343  0.0000  -0.0512  0.0512  0.0000
10.6416  0.0000  -0.0513  0.0513  0.0000
10.6480  0.0000  -0.0513  0.0513  0.0000
10.6537  0.0000  -0.0513  0.0513  0.0000
10.6596  0.0000  -0.0513  0.0513  0.0000
10.6654  0.0000  -0.0513  0.0513  0.0000
10.6715  0.0000  -0.0513  0.0513  0.0000
10.6777  0.0000  -0.0513  0.0513  0.0000
10.6831  0.0000  -0.0513  0.0513  0.0000
10.6897  0.0000  -0.0513  0.0513  0.0000
10.6951  0.0000  -0.0513  0.0513  0.0000
10.7020  0.0000  -0.0513  0.0513  0.0000
10.7083  0.0000  -0.0513  0.0513  0.0000
10.7135  0.0000  -0.0513  0.0513  0.0000
10.7185  0.0000  -0.0513  0.0513  0.0000
10.7239  0.0000  -0.0513  0.0513  0.0000
10.7292  0.0000  -0.0513  0.0513  0.0000
10.7344  0.0000  -0.0513  0.0513  0.0000
10.7397  0.0000  -0.0513  0.0513  0.0000
10.7449  0.0000  -0.0513  0.0513  0.0000
10.7500  0.0000  -0.0514  0.0514  0.0000
10.7550  0.0000  -0.0515  0.0515  0.0000
10.7603  0.0000  -0.0515  0.0515  0.0000
10.7654  0.0000  -0.0515  0.0515  0.0000
10.7716  0.0000  -0.0515  0.0515  0.0000
10.7768  0.0000  -0.0515  0.0515  0.0000
10.7820  0.0000  -0.0515  0.0515  0.0000
10.7878  0.0000  -0.0515  0.0515  0.0000
10.7930  0.0000  -0.0515  0.0515  0.0000
10.7984  0.0000  -0.0515  0.0515  0.0000
10.8039  0.0000  -0.0515  0.0515  0.0000
10.8094  0.0000  -0.0515  0.0515  0.0000
10.8148  0.0000  -0.0515  0.0515  0.0000
10.8205  0.0000  -0.0515  0.0515  0.0000
10.8262  0.0000  -0.0516  0.0516  0.0000
10.8316  0.0000  -0.0517  0.0517  0.0000
10.8371  0.0000  -0.0517  0.0517  0.0000
10.8425  0.0000  -0.0517  0.0517  0.0000
10.8476  0.0000  -0.0517  0.0517  0.0000
10.8529  0.0000  -0.0517  0.0517  0.0000
10.8580  0.0000  -0.0517  0.0517  0.0000
10.8630  0.0000  -0.0517  0.0517  0.0000
10.8682  0.0000  -0.0517  0.0517  0.0000
10.8734  0.0000  -0.0517  0.0517  0.0000
10.8786  0.0000  -0.0517  0.0517  0.0000
10.8849  0.0000  -0.0517  0.0517  0.0000
10.8923  0.0000  -0.0517  0.0517  0.0000
10.8981  0.0000  -0.0517  0.0517  0.0000
10.9047  0.0000  -0.0517  0.0517  0.0000
10.9088  0.0000  -0.0517  0.0517  0.0000
10.9140  0.0000  -0.0517  0.0517  0.0000
10.9192  0.0000  -0.0517  0.0517  0.0000
10.9244  0.0000  -0.0517  0.0517  0.0000
10.9296  0.0000  -0.0517  0.0517  0.0000
10.9351  0.0000  -0.0518  0.0518  0.0000
10.9402  0.0000  -0.0518  0.0518  0.0000
10.9459  0.0000  -0.0518  0.0518  0.0000
10.9515  0.0000  -0.0517  0.0517  0.0000
10.9569  0.0000  -0.0518  0.0518  0.0000
10.9623  0.0000  -0.0518  0.0518  0.0000
10.9677  0.0000  -0.0518  0.0518  0.0000
10.9730  0.0000  -0.0518  0.0518  0.0000
10.9785  0.0000  -0.0518  0.0518  0.0000
10.9840  0.0000  -0.0518  0.0518  0.0000
10.9895  0.0000  -0.0518  0.0518  0.0000
10.9950  0.0000  -0.0518  0.0518  0.0000
11.0007  0.0000  -0.0518  0.0518  0.0000
11.0061  0.0000  -0.0518  0.0518  0.0000
11.0119  0.0000  -0.0518  0.0518  0.0000
11.0180  0.0000  -0.0518  0.0518  0.0000
11.0242  0.0000  -0.0518  0.0518  0.0000
11.0295  0.0000  -0.0519  0.0519  0.0000
11.0421  0.0000  -0.0518  0.0518  0.0000
11.0479  0.0000  -0.0519  0.0519  0.0000
11.0537  0.0000  -0.0519  0.0519  0.0000
11.0596  0.0000  -0.0519  0.0519  0.0000
11.0655  0.0000  -0.0520  0.0520  0.0000
11.0712  0.0000  -0.0520  0.0520  0.0000
11.0769  0.0000  -0.0520  0.0520  0.0000
11.0828  0.0000  -0.0520  0.0520  0.0000
11.0885  0.0000  -0.0520  0.0520  0.0000
11.0943  0.0000  -0.0520  0.0520  0.0000
11.1004  0.0000  -0.0520  0.0520  0.0000
11.1060  0.0000  -0.0520  0.0520  0.0000
11.1113  0.0000  -0.0520  0.0520  0.0000
11.1172  0.0000  -0.0520  0.0520  0.0000
11.1228  0.0000  -0.0520  0.0520  0.0000
11.1285  0.0000  -0.0520  0.0520  0.0000
11.1339  0.0000  -0.0520  0.0520  0.0000
11.1392  0.0000  -0.0521  0.0521  0.0000
11.1463  0.0000  -0.0521  0.0521  0.0000
11.1510  0.0000  -0.0521  0.0521  0.0000
11.1567  0.0000  -0.0522  0.0522  0.0000
11.1635  0.0000  -0.0522  0.0522  0.0000
11.1688  0.0000  -0.0522  0.0522  0.0000
11.1743  0.0000  -0.0522  0.0522  0.0000
11.1797  0.0000  -0.0522  0.0522  0.0000
11.1853  0.0000  -0.0522  0.0522  0.0000
11.1918  0.0000  -0.0522  0.0522  0.0000
11.1969  0.0000  -0.0522  0.0522  0.0000
11.2039  0.0000  -0.0522  0.0522  0.0000
11.2109  0.0000  -0.0522  0.0522  0.0000
11.2175  0.0000  -0.0522  0.0522  0.0000
11.2237  0.0000  -0.0522  0.0522  0.0000
11.2297  0.0000  -0.0522  0.0522  0.0000
11.2373  0.0000  -0.0522  0.0522  0.0000
11.2429  0.0000  -0.0523  0.0523  0.0000
11.2486  0.0000  -0.0523  0.0523  0.0000
11.2542  0.0000  -0.0523  0.0523  0.0000
11.2594  0.0000  -0.0523  0.0523  0.0000
11.2641  0.0000  -0.0523  0.0523  0.0000
11.2679  0.0000  -0.0523  0.0523  0.0000
11.2726  0.0000  -0.0523  0.0523  0.0000
11.2774  0.0000  -0.0523  0.0523  0.0000
11.2826  0.0000  -0.0523  0.0523  0.0000
11.2877  0.0000  -0.0523  0.0523  0.0000
11.2925  0.0000  -0.0523  0.0523  0.0000
11.2977  0.0000  -0.0523  0.0523  0.0000
11.3027  0.0000  -0.0524  0.0524  0.0000
11.3079  0.0000  -0.0524  0.0524  0.0000
11.3126  0.0000  -0.0524  0.0524  0.0000
11.3175  0.0000  -0.0524  0.0524  0.0000
11.3224  0.0000  -0.0524  0.0524  0.0000
11.3273  0.0000  -0.0524  0.0524  0.0000
11.3324  0.0000  -0.0524  0.0524  0.0000
11.3371  0.0000  -0.0524  0.0524  0.0000
11.3421  0.0000  -0.0524  0.0524  0.0000
11.3472  0.0000  -0.0524  0.0524  0.0000
11.3520  0.0000  -0.0524  0.0524  0.0000
11.3571  0.0000  -0.0525  0.0525  0.0000
11.3624  0.0000  -0.0525  0.0525  0.0000
11.3675  0.0000  -0.0525  0.0525  0.0000
11.3725  0.0000  -0.0525  0.0525  0.0000
11.3774  0.0000  -0.0525  0.0525  0.0000
11.3821  0.0000  -0.0525  0.0525  0.0000
11.3884  0.0000  -0.0526  0.0526  0.0000
11.3937  0.0000  -0.0526  0.0526  0.0000
11.4001  0.0000  -0.0526  0.0526  0.0000
11.4047  0.0000  -0.0526  0.0526  0.0000
11.4097  0.0000  -0.0526  0.0526  0.0000
11.4148  0.0000  -0.0526  0.0526  0.0000
11.4200  0.0000  -0.0526  0.0526  0.0000
11.4254  0.0000  -0.0526  0.0526  0.0000
11.4307  0.0000  -0.0526  0.0526  0.0000
11.4369  0.0000  -0.0526  0.0526  0.0000
11.4421  0.0000  -0.0526  0.0526  0.0000
11.4470  0.0000  -0.0526  0.0526  0.0000
11.4523  0.0000  -0.0526  0.0526  0.0000
11.4575  0.0000  -0.0526  0.0526  0.0000
11.4627  0.0000  -0.0526  0.0526  0.0000
11.4676  0.0000  -0.0526  0.0526  0.0000
11.4728  0.0000  -0.0526  0.0526  0.0000
11.4778  0.0000  -0.0527  0.0527  0.0000
11.4828  0.0000  -0.0527  0.0527  0.0000
11.4878  0.0000  -0.0527  0.0527  0.0000
11.4927  0.0000  -0.0527  0.0527  0.0000
11.4981  0.0000  -0.0527  0.0527  0.0000
11.5033  0.0000  -0.0527  0.0527  0.0000
11.5088  0.0000  -0.0527  0.0527  0.0000
11.5141  0.0000  -0.0527  0.0527  0.0000
11.5194  0.0000  -0.0527  0.0527  0.0000
11.5244  0.0000  -0.0527  0.0527  0.0000
11.5294  0.0000  -0.0527  0.0527  0.0000
11.5348  0.0000  -0.0527  0.0527  0.0000
11.5460  0.0000  -0.0527  0.0527  0.0000
11.5510  0.0000  -0.0527  0.0527  0.0000
11.5562  0.0000  -0.0527  0.0527  0.0000
11.5615  0.0000  -0.0527  0.0527  0.0000
11.5666  0.0000  -0.0527  0.0527  0.0000
11.5718  0.0000  -0.0527  0.0527  0.0000
11.5770  0.0000  -0.0528  0.0528  0.0000
11.5824  0.0000  -0.0528  0.0528  0.0000
11.5875  0.0000  -0.0528  0.0528  0.0000
11.5927  0.0000  -0.0528  0.0528  0.0000
11.5978  0.0000  -0.0528  0.0528  0.0000
11.6029  0.0000  -0.0528  0.0528  0.0000
11.6079  0.0000  -0.0528  0.0528  0.0000
11.6127  0.0000  -0.0528  0.0528  0.0000
11.6187  0.0000  -0.0528  0.0528  0.0000
11.6244  0.0000  -0.0529  0.0529  0.0000
11.6299  0.0000  -0.0529  0.0529  0.0000
11.6361  0.0000  -0.0529  0.0529  0.0000
11.6417  0.0000  -0.0529  0.0529  0.0000
11.6491  0.0000  -0.0529  0.0529  0.0000
11.6550  0.0000  -0.0529  0.0529  0.0000
11.6611  0.0000  -0.0530  0.0530  0.0000
11.6668  0.0000  -0.0529  0.0529  0.0000
11.6723  0.0000  -0.0530  0.0530  0.0000
11.6779  0.0000  -0.0530  0.0530  0.0000
11.6833  0.0000  -0.0530  0.0530  0.0000
11.6890  0.0000  -0.0530  0.0530  0.0000
11.6956  0.0000  -0.0530  0.0530  0.0000
11.7015  0.0000  -0.0530  0.0530  0.0000
11.7081  0.0000  -0.0530  0.0530  0.0000
11.7143  0.0000  -0.0530  0.0530  0.0000
11.7194  0.0000  -0.0531  0.0531  0.0000
11.7245  0.0000  -0.0531  0.0531  0.0000
11.7296  0.0000  -0.0531  0.0531  0.0000
11.7350  0.0000  -0.0531  0.0531  0.0000
11.7401  0.0000  -0.0531  0.0531  0.0000
11.7453  0.0000  -0.0531  0.0531  0.0000
11.7505  0.0000  -0.0531  0.0531  0.0000
11.7557  0.0000  -0.0531  0.0531  0.0000
11.7607  0.0000  -0.0531  0.0531  0.0000
11.7658  0.0000  -0.0531  0.0531  0.0000
11.7707  0.0000  -0.0531  0.0531  0.0000
11.7757  0.0000  -0.0532  0.0532  0.0000
11.7809  0.0000  -0.0532  0.0532  0.0000
11.7859  0.0000  -0.0532  0.0532  0.0000
11.7910  0.0000  -0.0532  0.0532  0.0000
11.7966  0.0000  -0.0532  0.0532  0.0000
11.8021  0.0000  -0.0532  0.0532  0.0000
11.8076  0.0000  -0.0532  0.0532  0.0000
11.8129  0.0000  -0.0532  0.0532  0.0000
11.8184  0.0000  -0.0532  0.0532  0.0000
11.8236  0.0000  -0.0532  0.0532  0.0000
11.8293  0.0000  -0.0532  0.0532  0.0000
11.8346  0.0000  -0.0532  0.0532  0.0000
11.8401  0.0000  -0.0532  0.0532  0.0000
11.8455  0.0000  -0.0532  0.0532  0.0000
11.8511  0.0000  -0.0532  0.0532  0.0000
11.8564  0.0000  -0.0533  0.0533  0.0000
11.8620  0.0000  -0.0533  0.0533  0.0000
11.8680  0.0000  -0.0533  0.0533  0.0000
11.8734  0.0000  -0.0533  0.0533  0.0000
11.8790  0.0000  -0.0533  0.0533  0.0000
11.8844  0.0000  -0.0533  0.0533  0.0000
11.8904  0.0000  -0.0533  0.0533  0.0000
11.8960  0.0000  -0.0533  0.0533  0.0000
11.9014  0.0000  -0.0533  0.0533  0.0000
11.9103  0.0000  -0.0533  0.0533  0.0000
11.9166  0.0000  -0.0533  0.0533  0.0000
11.9212  0.0000  -0.0533  0.0533  0.0000
11.9269  0.0000  -0.0533  0.0533  0.0000
11.9322  0.0000  -0.0533  0.0533  0.0000
11.9379  0.0000  -0.0534  0.0534  0.0000
11.9435  0.0000  -0.0534  0.0534  0.0000
11.9494  0.0000  -0.0534  0.0534  0.0000
11.9548  0.0000  -0.0535  0.0535  0.0000
11.9600  0.0000  -0.0535  0.0535  0.0000
11.9655  0.0000  -0.0535  0.0535  0.0000
11.9711  0.0000  -0.0535  0.0535  0.0000
11.9765  0.0000  -0.0535  0.0535  0.0000
11.9820  0.0000  -0.0535  0.0535  0.0000
11.9874  0.0000  -0.0535  0.0535  0.0000
11.9929  0.0000  -0.0535  0.0535  0.0000
11.9974  0.0000  -0.0535  0.0535  0.0000
12.0029  0.0000  -0.0535  0.0535  0.0000
12.0086  0.0000  -0.0535  0.0535  0.0000
12.0141  0.0000  -0.0536  0.0536  0.0000
12.0196  0.0000  -0.0536  0.0536  0.0000
12.0252  0.0000  -0.0536  0.0536  0.0000
12.0306  0.0000  -0.0536  0.0536  0.0000
12.0363  0.0000  -0.0536  0.0536  0.0000
12.0483  0.0000  -0.0536  0.0536  0.0000
12.0536  0.0000  -0.0536  0.0536  0.0000
12.0598  0.0000  -0.0536  0.0536  0.0000
12.0656  0.0000  -0.0536  0.0536  0.0000
12.0712  0.0000  -0.0536  0.0536  0.0000
12.0817  0.0000  -0.0536  0.0536  0.0000
12.0877  0.0000  -0.0537  0.0537  0.0000
12.0951  0.0000  -0.0537  0.0537  0.0000
12.1009  0.0000  -0.0537  0.0537  0.0000
12.1058  0.0000  -0.0538  0.0538  0.0000
12.1109  0.0000  -0.0538  0.0538  0.0000
12.1160  0.0000  -0.0538  0.0538  0.0000
12.1217  0.0000  -0.0538  0.0538  0.0000
12.1268  0.0000  -0.0538  0.0538  0.0000
12.1317  0.0000  -0.0538  0.0538  0.0000
12.1367  0.0000  -0.0538  0.0538  0.0000
12.1440  0.0000  -0.0538  0.0538  0.0000
12.1496  0.0000  -0.0538  0.0538  0.0000
12.1549  0.0000  -0.0538  0.0538  0.0000
12.1634  0.0000  -0.0538  0.0538  0.0000
12.1683  0.0000  -0.0538  0.0538  0.0000
12.1733  0.0000  -0.0538  0.0538  0.0000
12.1782  0.0000  -0.0538  0.0538  0.0000
12.1833  0.0000  -0.0538  0.0538  0.0000
12.1884  0.0000  -0.0538  0.0538  0.0000
12.1934  0.0000  -0.0538  0.0538  0.0000
12.1993  0.0000  -0.0538  0.0538  0.0000
12.2044  0.0000  -0.0539  0.0539  0.0000
12.2102  0.0000  -0.0538  0.0538  0.0000
12.2164  0.0000  -0.0539  0.0539  0.0000
12.2214  0.0000  -0.0539  0.0539  0.0000
12.2272  0.0000  -0.0539  0.0539  0.0000
12.2323  0.0000  -0.0539  0.0539  0.0000
12.2373  0.0000  -0.0539  0.0539  0.0000
12.2427  0.0000  -0.0539  0.0539  0.0000
12.2477  0.0000  -0.0539  0.0539  0.0000
12.2534  0.0000  -0.0540  0.0540  0.0000
12.2589  0.0000  -0.0540  0.0540  0.0000
12.2643  0.0000  -0.0540  0.0540  0.0000
12.2696  0.0000  -0.0540  0.0540  0.0000
12.2751  0.0000  -0.0540  0.0540  0.0000
12.2804  0.0000  -0.0540  0.0540  0.0000
12.2860  0.0000  -0.0540  0.0540  0.0000
12.2913  0.0000  -0.0540  0.0540  0.0000
12.2966  0.0000  -0.0541  0.0541  0.0000
12.3022  0.0000  -0.0541  0.0541  0.0000
12.3077  0.0000  -0.0541  0.0541  0.0000
12.3131  0.0000  -0.0541  0.0541  0.0000
12.3185  0.0000  -0.0541  0.0541  0.0000
12.3240  0.0000  -0.0541  0.0541  0.0000
12.3295  0.0000  -0.0541  0.0541  0.0000
12.3350  0.0000  -0.0541  0.0541  0.0000
12.3403  0.0000  -0.0541  0.0541  0.0000
12.3467  0.0000  -0.0541  0.0541  0.0000
12.3519  0.0000  -0.0541  0.0541  0.0000
12.3572  0.0000  -0.0541  0.0541  0.0000
12.3627  0.0000  -0.0541  0.0541  0.0000
12.3678  0.0000  -0.0541  0.0541  0.0000
12.3731  0.0000  -0.0541  0.0541  0.0000
12.3785  0.0000  -0.0541  0.0541  0.0000
12.3842  0.0000  -0.0541  0.0541  0.0000
12.3894  0.0000  -0.0541  0.0541  0.0000
12.3949  0.0000  -0.0541  0.0541  0.0000
12.4003  0.0000  -0.0542  0.0542  0.0000
12.4065  0.0000  -0.0542  0.0542  0.0000
12.4110  0.0000  -0.0542  0.0542  0.0000
12.4192  0.0000  -0.0542  0.0542  0.0000
12.4253  0.0000  -0.0542  0.0542  0.0000
12.4308  0.0000  -0.0542  0.0542  0.0000
12.4362  0.0000  -0.0542  0.0542  0.0000
12.4417  0.0000  -0.0542  0.0542  0.0000
12.4471  0.0000  -0.0543  0.0543  0.0000
12.4527  0.0000  -0.0543  0.0543  0.0000
12.4580  0.0000  -0.0543  0.0543  0.0000
12.4635  0.0000  -0.0543  0.0543  0.0000
12.4690  0.0000  -0.0543  0.0543  0.0000
12.4743  0.0000  -0.0543  0.0543  0.0000
12.4797  0.0000  -0.0543  0.0543  0.0000
12.4853  0.0000  -0.0543  0.0543  0.0000
12.4907  0.0000  -0.0543  0.0543  0.0000
12.4961  0.0000  -0.0544  0.0544  0.0000
12.5013  0.0000  -0.0544  0.0544  0.0000
12.5069  0.0000  -0.0544  0.0544  0.0000
12.5140  0.0000  -0.0544  0.0544  0.0000
12.5199  0.0000  -0.0544  0.0544  0.0000
12.5256  0.0000  -0.0544  0.0544  0.0000
12.5313  0.0000  -0.0544  0.0544  0.0000
12.5369  0.0000  -0.0544  0.0544  0.0000
12.5497  0.0000  -0.0544  0.0544  0.0000
12.5554  0.0000  -0.0544  0.0544  0.0000
12.5613  0.0000  -0.0544  0.0544  0.0000
12.5672  0.0000  -0.0544  0.0544  0.0000
12.5728  0.0000  -0.0544  0.0544  0.0000
12.5786  0.0000  -0.0544  0.0544  0.0000
12.5845  0.0000  -0.0544  0.0544  0.0000
12.5894  0.0000  -0.0544  0.0544  0.0000
12.5951  0.0000  -0.0544  0.0544  0.0000
12.6010  0.0000  -0.0544  0.0544  0.0000
12.6067  0.0000  -0.0544  0.0544  0.0000
12.6124  0.0000  -0.0544  0.0544  0.0000
12.6181  0.0000  -0.0544  0.0544  0.0000
12.6246  0.0000  -0.0544  0.0544  0.0000
12.6302  0.0000  -0.0544  0.0544  0.0000
12.6363  0.0000  -0.0544  0.0544  0.0000
12.6423  0.0000  -0.0544  0.0544  0.0000
12.6482  0.0000  -0.0545  0.0545  0.0000
12.6538  0.0000  -0.0545  0.0545  0.0000
12.6595  0.0000  -0.0545  0.0545  0.0000
12.6693  0.0000  -0.0545  0.0545  0.0000
12.6755  0.0000  -0.0545  0.0545  0.0000
12.6820  0.0000  -0.0546  0.0546  0.0000
12.6868  0.0000  -0.0546  0.0546  0.0000
12.6926  0.0000  -0.0546  0.0546  0.0000
12.6983  0.0000  -0.0546  0.0546  0.0000
12.7040  0.0000  -0.0546  0.0546  0.0000
12.7099  0.0000  -0.0546  0.0546  0.0000
12.7181  0.0000  -0.0546  0.0546  0.0000
12.7241  0.0000  -0.0546  0.0546  0.0000
12.7297  0.0000  -0.0546  0.0546  0.0000
12.7352  0.0000  -0.0546  0.0546  0.0000
12.7410  0.0000  -0.0546  0.0546  0.0000
12.7469  0.0000  -0.0546  0.0546  0.0000
12.7527  0.0000  -0.0546  0.0546  0.0000
12.7584  0.0000  -0.0547  0.0547  0.0000
12.7643  0.0000  -0.0548  0.0548  0.0000
12.7701  0.0000  -0.0547  0.0547  0.0000
12.7757  0.0000  -0.0548  0.0548  0.0000
12.7817  0.0000  -0.0548  0.0548  0.0000
12.7874  0.0000  -0.0548  0.0548  0.0000
12.7930  0.0000  -0.0548  0.0548  0.0000
12.7986  0.0000  -0.0548  0.0548  0.0000
12.8045  0.0000  -0.0548  0.0548  0.0000
12.8103  0.0000  -0.0548  0.0548  0.0000
12.8163  0.0000  -0.0548  0.0548  0.0000
12.8222  0.0000  -0.0548  0.0548  0.0000
12.8280  0.0000  -0.0548  0.0548  0.0000
12.8337  0.0000  -0.0548  0.0548  0.0000
12.8398  0.0000  -0.0548  0.0548  0.0000
12.8456  0.0000  -0.0548  0.0548  0.0000
12.8512  0.0000  -0.0548  0.0548  0.0000
12.8569  0.0000  -0.0549  0.0549  0.0000
12.8628  0.0000  -0.0548  0.0548  0.0000
12.8687  0.0000  -0.0548  0.0548  0.0000
12.8743  0.0000  -0.0549  0.0549  0.0000
12.8802  0.0000  -0.0549  0.0549  0.0000
12.8862  0.0000  -0.0549  0.0549  0.0000
12.8919  0.0000  -0.0549  0.0549  0.0000
12.8981  0.0000  -0.0550  0.0550  0.0000
12.9070  0.0000  -0.0550  0.0550  0.0000
12.9130  0.0000  -0.0549  0.0549  0.0000
12.9190  0.0000  -0.0550  0.0550  0.0000
12.9260  0.0000  -0.0550  0.0550  0.0000
12.9312  0.0000  -0.0550  0.0550  0.0000
12.9368  0.0000  -0.0550  0.0550  0.0000
12.9425  0.0000  -0.0550  0.0550  0.0000
12.9487  0.0000  -0.0550  0.0550  0.0000
12.9564  0.0000  -0.0550  0.0550  0.0000
12.9630  0.0000  -0.0550  0.0550  0.0000
12.9689  0.0000  -0.0550  0.0550  0.0000
12.9747  0.0000  -0.0550  0.0550  0.0000
12.9798  0.0000  -0.0550  0.0550  0.0000
12.9850  0.0000  -0.0550  0.0550  0.0000
12.9901  0.0000  -0.0550  0.0550  0.0000
12.9953  0.0000  -0.0550  0.0550  0.0000
13.0004  0.0000  -0.0551  0.0551  0.0000
13.0058  0.0000  -0.0550  0.0550  0.0000
13.0113  0.0000  -0.0550  0.0550  0.0000
13.0166  0.0000  -0.0550  0.0550  0.0000
13.0223  0.0000  -0.0551  0.0551  0.0000
13.0276  0.0000  -0.0551  0.0551  0.0000
13.0328  0.0000  -0.0551  0.0551  0.0000
13.0380  0.0000  -0.0551  0.0551  0.0000
13.0466  0.0000  -0.0551  0.0551  0.0000
13.0543  0.0000  -0.0551  0.0551  0.0000
13.0597  0.0000  -0.0551  0.0551  0.0000
13.0651  0.0000  -0.0552  0.0552  0.0000
13.0706  0.0000  -0.0551  0.0551  0.0000
13.0759  0.0000  -0.0551  0.0551  0.0000
13.0813  0.0000  -0.0551  0.0551  0.0000
13.0865  0.0000  -0.0551  0.0551  0.0000
13.0921  0.0000  -0.0552  0.0552  0.0000
13.0978  0.0000  -0.0552  0.0552  0.0000
13.1036  0.0000  -0.0552  0.0552  0.0000
13.1095  0.0000  -0.0552  0.0552  0.0000
13.1153  0.0000  -0.0552  0.0552  0.0000
13.1210  0.0000  -0.0552  0.0552  0.0000
13.1274  0.0000  -0.0552  0.0552  0.0000
13.1329  0.0000  -0.0553  0.0553  0.0000
13.1384  0.0000  -0.0553  0.0553  0.0000
13.1440  0.0000  -0.0553  0.0553  0.0000
13.1508  0.0000  -0.0553  0.0553  0.0000
13.1564  0.0000  -0.0553  0.0553  0.0000
13.1624  0.0000  -0.0553  0.0553  0.0000
13.1690  0.0000  -0.0553  0.0553  0.0000
13.1773  0.0000  -0.0553  0.0553  0.0000
13.1849  0.0000  -0.0553  0.0553  0.0000
13.1911  0.0000  -0.0554  0.0554  0.0000
13.1967  0.0000  -0.0554  0.0554  0.0000
13.2025  0.0000  -0.0554  0.0554  0.0000
13.2094  0.0000  -0.0554  0.0554  0.0000
13.2152  0.0000  -0.0555  0.0555  0.0000
13.2233  0.0000  -0.0555  0.0555  0.0000
13.2293  0.0000  -0.0555  0.0555  0.0000
13.2353  0.0000  -0.0555  0.0555  0.0000
13.2410  0.0000  -0.0555  0.0555  0.0000
13.2467  0.0000  -0.0555  0.0555  0.0000
13.2524  0.0000  -0.0555  0.0555  0.0000
13.2580  0.0000  -0.0555  0.0555  0.0000
13.2644  0.0000  -0.0555  0.0555  0.0000
13.2700  0.0000  -0.0555  0.0555  0.0000
13.2757  0.0000  -0.0556  0.0556  0.0000
13.2816  0.0000  -0.0556  0.0556  0.0000
13.2874  0.0000  -0.0555  0.0555  0.0000
13.2936  0.0000  -0.0556  0.0556  0.0000
13.2996  0.0000  -0.0555  0.0555  0.0000
13.3059  0.0000  -0.0556  0.0556  0.0000
13.3122  0.0000  -0.0556  0.0556  0.0000
13.3186  0.0000  -0.0556  0.0556  0.0000
13.3247  0.0000  -0.0556  0.0556  0.0000
13.3304  0.0000  -0.0556  0.0556  0.0000
13.3360  0.0000  -0.0556  0.0556  0.0000
13.3416  0.0000  -0.0556  0.0556  0.0000
13.3468  0.0000  -0.0556  0.0556  0.0000
13.3522  0.0000  -0.0556  0.0556  0.0000
13.3578  0.0000  -0.0556  0.0556  0.0000
13.3630  0.0000  -0.0556  0.0556  0.0000
13.3684  0.0000  -0.0556  0.0556  0.0000
13.3739  0.0000  -0.0556  0.0556  0.0000
13.3793  0.0000  -0.0556  0.0556  0.0000
13.3847  0.0000  -0.0556  0.0556  0.0000
13.3901  0.0000  -0.0556  0.0556  0.0000
13.3954  0.0000  -0.0556  0.0556  0.0000
13.4017  0.0000  -0.0556  0.0556  0.0000
13.4088  0.0000  -0.0556  0.0556  0.0000
13.4131  0.0000  -0.0556  0.0556  0.0000
13.4189  0.0000  -0.0556  0.0556  0.0000
13.4246  0.0000  -0.0556  0.0556  0.0000
13.4302  0.0000  -0.0556  0.0556  0.0000
13.4352  0.0000  -0.0556  0.0556  0.0000
13.4406  0.0000  -0.0557  0.0557  0.0000
13.4464  0.0000  -0.0557  0.0557  0.0000
13.4519  0.0000  -0.0558  0.0558  0.0000
13.4572  0.0000  -0.0558  0.0558  0.0000
13.4629  0.0000  -0.0558  0.0558  0.0000
13.4683  0.0000  -0.0558  0.0558  0.0000
13.4737  0.0000  -0.0558  0.0558  0.0000
13.4792  0.0000  -0.0558  0.0558  0.0000
13.4847  0.0000  -0.0558  0.0558  0.0000
13.4901  0.0000  -0.0558  0.0558  0.0000
13.4954  0.0000  -0.0558  0.0558  0.0000
13.5008  0.0000  -0.0558  0.0558  0.0000
13.5062  0.0000  -0.0558  0.0558  0.0000
13.5115  0.0000  -0.0558  0.0558  0.0000
13.5170  0.0000  -0.0558  0.0558  0.0000
13.5223  0.0000  -0.0558  0.0558  0.0000
13.5278  0.0000  -0.0558  0.0558  0.0000
13.5331  0.0000  -0.0558  0.0558  0.0000
13.5383  0.0000  -0.0558  0.0558  0.0000
13.5481  0.0000  -0.0558  0.0558  0.0000
13.5555  0.0000  -0.0558  0.0558  0.0000
13.5609  0.0000  -0.0559  0.0559  0.0000
13.5664  0.0000  -0.0559  0.0559  0.0000
13.5718  0.0000  -0.0559  0.0559  0.0000
13.5774  0.0000  -0.0559  0.0559  0.0000
13.5829  0.0000  -0.0559  0.0559  0.0000
13.5886  0.0000  -0.0560  0.0560  0.0000
13.5945  0.0000  -0.0560  0.0560  0.0000
13.6001  0.0000  -0.0560  0.0560  0.0000
13.6059  0.0000  -0.0560  0.0560  0.0000
13.6115  0.0000  -0.0560  0.0560  0.0000
13.6170  0.0000  -0.0560  0.0560  0.0000
13.6225  0.0000  -0.0560  0.0560  0.0000
13.6286  0.0000  -0.0560  0.0560  0.0000
13.6339  0.0000  -0.0560  0.0560  0.0000
13.6392  0.0000  -0.0560  0.0560  0.0000
13.6450  0.0000  -0.0560  0.0560  0.0000
13.6503  0.0000  -0.0560  0.0560  0.0000
13.6583  0.0000  -0.0560  0.0560  0.0000
13.6661  0.0000  -0.0560  0.0560  0.0000
13.6713  0.0000  -0.0560  0.0560  0.0000
13.6772  0.0000  -0.0560  0.0560  0.0000
13.6856  0.0000  -0.0560  0.0560  0.0000
13.6912  0.0000  -0.0561  0.0561  0.0000
13.6966  0.0000  -0.0561  0.0561  0.0000
13.7026  0.0000  -0.0561  0.0561  0.0000
13.7079  0.0000  -0.0561  0.0561  0.0000
13.7150  0.0000  -0.0561  0.0561  0.0000
13.7207  0.0000  -0.0562  0.0562  0.0000
13.7288  0.0000  -0.0562  0.0562  0.0000
13.7345  0.0000  -0.0562  0.0562  0.0000
13.7401  0.0000  -0.0562  0.0562  0.0000
13.7461  0.0000  -0.0562  0.0562  0.0000
13.7518  0.0000  -0.0562  0.0562  0.0000
13.7575  0.0000  -0.0562  0.0562  0.0000
13.7632  0.0000  -0.0562  0.0562  0.0000
13.7692  0.0000  -0.0562  0.0562  0.0000
13.7750  0.0000  -0.0562  0.0562  0.0000
13.7809  0.0000  -0.0562  0.0562  0.0000
13.7867  0.0000  -0.0562  0.0562  0.0000
13.7925  0.0000  -0.0562  0.0562  0.0000
13.7981  0.0000  -0.0562  0.0562  0.0000
13.8044  0.0000  -0.0562  0.0562  0.0000
13.8103  0.0000  -0.0562  0.0562  0.0000
13.8163  0.0000  -0.0562  0.0562  0.0000
13.8263  0.0000  -0.0562  0.0562  0.0000
13.8324  0.0000  -0.0562  0.0562  0.0000
13.8383  0.0000  -0.0563  0.0563  0.0000
13.8437  0.0000  -0.0563  0.0563  0.0000
13.8489  0.0000  -0.0563  0.0563  0.0000
13.8536  0.0000  -0.0563  0.0563  0.0000
13.8585  0.0000  -0.0563  0.0563  0.0000
13.8633  0.0000  -0.0563  0.0563  0.0000
13.8681  0.0000  -0.0563  0.0563  0.0000
13.8728  0.0000  -0.0563  0.0563  0.0000
13.8776  0.0000  -0.0563  0.0563  0.0000
13.8827  0.0000  -0.0563  0.0563  0.0000
13.8874  0.0000  -0.0563  0.0563  0.0000
13.8926  0.0000  -0.0563  0.0563  0.0000
13.8974  0.0000  -0.0563  0.0563  0.0000
13.9025  0.0000  -0.0563  0.0563  0.0000
13.9077  0.0000  -0.0563  0.0563  0.0000
13.9127  0.0000  -0.0564  0.0564  0.0000
13.9182  0.0000  -0.0564  0.0564  0.0000
13.9241  0.0000  -0.0564  0.0564  0.0000
13.9314  0.0000  -0.0564  0.0564  0.0000
13.9385  0.0000  -0.0564  0.0564  0.0000
13.9440  0.0000  -0.0565  0.0565  0.0000
13.9496  0.0000  -0.0565  0.0565  0.0000
13.9552  0.0000  -0.0565  0.0565  0.0000
13.9607  0.0000  -0.0565  0.0565  0.0000
13.9661  0.0000  -0.0565  0.0565  0.0000
13.9715  0.0000  -0.0565  0.0565  0.0000
13.9767  0.0000  -0.0565  0.0565  0.0000
13.9819  0.0000  -0.0565  0.0565  0.0000
13.9869  0.0000  -0.0565  0.0565  0.0000
13.9923  0.0000  -0.0565  0.0565  0.0000
13.9975  0.0000  -0.0565  0.0565  0.0000
14.0026  0.0000  -0.0565  0.0565  0.0000
14.0077  0.0000  -0.0566  0.0566  0.0000
14.0128  0.0000  -0.0566  0.0566  0.0000
14.0243  0.0000  -0.0566  0.0566  0.0000
14.0297  0.0000  -0.0566  0.0566  0.0000
14.0348  0.0000  -0.0566  0.0566  0.0000
14.0398  0.0000  -0.0565  0.0565  0.0000
14.0490  0.0000  -0.0566  0.0566  0.0000
14.0561  0.0000  -0.0566  0.0566  0.0000
14.0612  0.0000  -0.0567  0.0567  0.0000
14.0664  0.0000  -0.0566  0.0566  0.0000
14.0715  0.0000  -0.0567  0.0567  0.0000
14.0765  0.0000  -0.0567  0.0567  0.0000
14.0819  0.0000  -0.0567  0.0567  0.0000
14.0870  0.0000  -0.0567  0.0567  0.0000
14.0921  0.0000  -0.0567  0.0567  0.0000
14.0972  0.0000  -0.0567  0.0567  0.0000
14.1025  0.0000  -0.0567  0.0567  0.0000
14.1075  0.0000  -0.0567  0.0567  0.0000
14.1126  0.0000  -0.0567  0.0567  0.0000
14.1176  0.0000  -0.0567  0.0567  0.0000
