0.0344  0.0000  0.0029  -0.0029  0.0000  -0.0007  0.0007  0.0000
0.0461  0.0000  0.0000  0.0000  0.0000  -0.0007  0.0007  0.0000
0.0567  0.0000  0.0000  0.0000  0.0000  -0.0007  0.0007  0.0000
0.0690  0.0000  -0.0015  0.0015  0.0000  -0.0007  0.0007  0.0000
0.0804  0.0000  0.0015  -0.0015  0.0000  -0.0007  0.0007  0.0000
0.0904  0.0000  -0.0015  0.0015  0.0000  -0.0007  0.0007  0.0000
0.0999  0.0000  0.0015  -0.0015  0.0000  -0.0007  0.0007  0.0000
0.1101  0.0000  -0.0015  0.0015  0.0000  -0.0007  0.0007  0.0000
0.1202  0.0000  -0.0015  0.0015  0.0000  -0.0007  0.0007  0.0000
0.1302  0.0000  0.0000  0.0000  0.0000  -0.0007  0.0007  0.0000
0.1402  0.0000  -0.0015  0.0015  0.0000  -0.0007  0.0007  0.0000
0.1501  0.0000  0.0000  0.0000  0.0000  -0.0007  0.0007  0.0000
0.1598  0.0000  0.0000  0.0000  0.0000  -0.0007  0.0007  0.0000
0.1701  0.0000  0.0029  -0.0029  0.0000  -0.0007  0.0007  0.0000
0.1795  0.0000  0.0000  0.0000  0.0000  -0.0007  0.0007  0.0000
0.1913  0.0000  -0.0015  0.0015  0.0000  -0.0007  0.0007  0.0000
0.2024  0.0000  0.0000  0.0000  0.0000  -0.0007  0.0007  0.0000
0.2130  0.0000  0.0015  -0.0015  0.0000  -0.0007  0.0007  0.0000
0.2233  0.0000  -0.0015  0.0015  0.0000  -0.0007  0.0007  0.0000
0.2337  0.0000  0.0000  0.0000  0.0000  -0.0007  0.0007  0.0000
0.2471  0.0000  0.0015  -0.0015  0.0000  -0.0007  0.0007  0.0000
0.2578  0.0000  -0.0015  0.0015  0.0000  -0.0007  0.0007  0.0000
0.2704  0.0000  0.0015  -0.0015  0.0000  -0.0007  0.0007  0.0000
0.2822  0.0000  0.0000  0.0000  0.0000  -0.0007  0.0007  0.0000
0.2932  0.0000  0.0029  -0.0029  0.0000  -0.0007  0.0007  0.0000
0.3038  0.0000  0.0059  -0.0059  0.0000  -0.0007  0.0007  0.0000
0.3141  0.0000  0.0000  0.0000  0.0000  -0.0007  0.0007  0.0000
0.3248  0.0000  0.0000  0.0000  0.0000  -0.0007  0.0007  0.0000
0.3357  0.0000  0.0000  0.0000  0.0000  -0.0007  0.0007  0.0000
0.3460  0.0000  -0.0015  0.0015  0.0000  -0.0007  0.0007  0.0000
0.3553  0.0000  0.0015  -0.0015  0.0000  -0.0007  0.0007  0.0000
0.3650  0.0000  -0.0015  0.0015  0.0000  -0.0007  0.0007  0.0000
0.3746  0.0000  0.0000  0.0000  0.0000  -0.0007  0.0007  0.0000
0.3838  0.0000  0.0000  0.0000  0.0000  -0.0007  0.0007  0.0000
0.3932  0.0000  0.0015  -0.0015  0.0000  -0.0007  0.0007  0.0000
0.4027  0.0000  -0.0015  0.0015  0.0000  -0.0007  0.0007  0.0000
0.4122  0.0000  0.0015  -0.0015  0.0000  -0.0007  0.0007  0.0000
0.4223  0.0000  0.0015  -0.0015  0.0000  -0.0007  0.0007  0.0000
0.4316  0.0000  0.0000  0.0000  0.0000  -0.0007  0.0007  0.0000
0.4414  0.0000  0.0000  0.0000  0.0000  -0.0007  0.0007  0.0000
0.4509  0.0000  0.0000  0.0000  0.0000  -0.0007  0.0007  0.0000
0.4607  0.0000  0.0044  -0.0044  0.0000  -0.0007  0.0007  0.0000
0.4703  0.0000  0.0000  0.0000  0.0000  -0.0007  0.0007  0.0000
0.4797  0.0000  -0.0015  0.0015  0.0000  -0.0007  0.0007  0.0000
0.4897  0.0000  -0.0015  0.0015  0.0000  -0.0007  0.0007  0.0000
0.4997  0.0000  0.0000  0.0000  0.0000  -0.0007  0.0007  0.0000
0.5104  0.0000  0.0015  -0.0015  0.0000  -0.0007  0.0007  0.0000
0.5227  0.0000  -0.0015  0.0015  0.0000  -0.0007  0.0007  0.0000
0.5431  0.0000  0.0000  0.0000  0.0000  -0.0007  0.0007  0.0000
0.5531  0.0000  0.0015  -0.0015  0.0000  -0.0007  0.0007  0.0000
0.5636  0.0000  -0.0015  0.0015  0.0000  -0.0007  0.0007  0.0000
0.5748  0.0000  0.0015  -0.0015  0.0000  -0.0007  0.0007  0.0000
0.5883  0.0000  0.0015  -0.0015  0.0000  -0.0007  0.0007  0.0000
0.6018  0.0000  -0.0015  0.0015  0.0000  -0.0007  0.0007  0.0000
0.6136  0.0000  0.0015  -0.0015  0.0000  -0.0007  0.0007  0.0000
0.6252  0.0000  -0.0015  0.0015  0.0000  -0.0007  0.0007  0.0000
0.6358  0.0000  -0.0015  0.0015  0.0000  -0.0007  0.0007  0.0000
0.6465  0.0000  0.0029  -0.0029  0.0000  -0.0007  0.0007  0.0000
0.6571  0.0000  0.0015  -0.0015  0.0000  -0.0007  0.0007  0.0000
0.6685  0.0000  -0.0015  0.0015  0.0000  -0.0007  0.0007  0.0000
0.6806  0.0000  0.0029  -0.0029  0.0000  -0.0007  0.0007  0.0000
0.6917  0.0000  0.0000  0.0000  0.0000  -0.0007  0.0007  0.0000
0.7025  0.0000  -0.0015  0.0015  0.0000  -0.0007  0.0007  0.0000
0.7122  0.0000  0.0000  0.0000  0.0000  -0.0007  0.0007  0.0000
0.7222  0.0000  0.0015  -0.0015  0.0000  -0.0007  0.0007  0.0000
0.7320  0.0000  0.0015  -0.0015  0.0000  -0.0007  0.0007  0.0000
0.7418  0.0000  0.0000  0.0000  0.0000  -0.0007  0.0007  0.0000
0.7514  0.0000  0.0000  0.0000  0.0000  -0.0007  0.0007  0.0000
0.7612  0.0000  0.0015  -0.0015  0.0000  -0.0007  0.0007  0.0000
0.7716  0.0000  0.0000  0.0000  0.0000  -0.0007  0.0007  0.0000
0.7819  0.0000  -0.0015  0.0015  0.0000  -0.0007  0.0007  0.0000
0.7931  0.0000  0.0015  -0.0015  0.0000  -0.0007  0.0007  0.0000
0.8042  0.0000  -0.0015  0.0015  0.0000  -0.0007  0.0007  0.0000
0.8151  0.0000  0.0015  -0.0015  0.0000  -0.0007  0.0007  0.0000
0.8275  0.0000  -0.0015  0.0015  0.0000  -0.0007  0.0007  0.0000
0.8394  0.0000  0.0000  0.0000  0.0000  -0.0007  0.0007  0.0000
0.8524  0.0000  0.0015  -0.0015  0.0000  -0.0007  0.0007  0.0000
0.8634  0.0000  0.0000  0.0000  0.0000  -0.0007  0.0007  0.0000
0.8748  0.0000  0.0015  -0.0015  0.0000  -0.0007  0.0007  0.0000
0.8859  0.0000  -0.0015  0.0015  0.0000  -0.0007  0.0007  0.0000
0.8964  0.0000  0.0015  -0.0015  0.0000  -0.0007  0.0007  0.0000
0.9073  0.0000  0.0000  0.0000  0.0000  -0.0007  0.0007  0.0000
0.9203  0.0000  -0.0015  0.0015  0.0000  -0.0007  0.0007  0.0000
0.9309  0.0000  0.0029  -0.0029  0.0000  -0.0007  0.0007  0.0000
0.9415  0.0000  -0.0015  0.0015  0.0000  -0.0006  0.0006  0.0000
0.9518  0.0000  0.0000  0.0000  0.0000  -0.0006  0.0006  0.0000
0.9623  0.0000  0.0015  -0.0015  0.0000  -0.0007  0.0007  0.0000
0.9727  0.0000  0.0000  0.0000  0.0000  -0.0006  0.0006  0.0000
0.9833  0.0000  -0.0015  0.0015  0.0000  -0.0006  0.0006  0.0000
0.9931  0.0000  0.0000  0.0000  0.0000  -0.0007  0.0007  0.0000
1.0029  0.0000  0.0000  0.0000  0.0000  -0.0007  0.0007  0.0000
1.0134  0.0000  -0.0015  0.0015  0.0000  -0.0007  0.0007  0.0000
1.0249  0.0000  0.0000  0.0000  0.0000  -0.0007  0.0007  0.0000
1.0456  0.0000  0.0000  0.0000  0.0000  -0.0007  0.0007  0.0000
1.0566  0.0000  0.0000  0.0000  0.0000  -0.0007  0.0007  0.0000
1.0676  0.0000  -0.0015  0.0015  0.0000  -0.0007  0.0007  0.0000
1.0783  0.0000  -0.0015  0.0015  0.0000  -0.0007  0.0007  0.0000
1.0888  0.0000  -0.0015  0.0015  0.0000  -0.0007  0.0007  0.0000
1.1003  0.0000  0.0015  -0.0015  0.0000  -0.0007  0.0007  0.0000
1.1134  0.0000  -0.0015  0.0015  0.0000  -0.0007  0.0007  0.0000
1.1249  0.0000  0.0015  -0.0015  0.0000  -0.0007  0.0007  0.0000
1.1362  0.0000  0.0015  -0.0015  0.0000  -0.0008  0.0008  0.0000
1.1470  0.0000  -0.0015  0.0015  0.0000  -0.0008  0.0008  0.0000
1.1574  0.0000  -0.0015  0.0015  0.0000  -0.0007  0.0007  0.0000
1.1677  0.0000  0.0015  -0.0015  0.0000  -0.0007  0.0007  0.0000
1.1780  0.0000  0.0000  0.0000  0.0000  -0.0008  0.0008  0.0000
1.1886  0.0000  0.0015  -0.0015  0.0000  -0.0008  0.0008  0.0000
1.1993  0.0000  -0.0015  0.0015  0.0000  -0.0008  0.0008  0.0000
1.2108  0.0000  0.0015  -0.0015  0.0000  -0.0008  0.0008  0.0000
1.2258  0.0000  -0.0015  0.0015  0.0000  -0.0008  0.0008  0.0000
1.2374  0.0000  0.0015  -0.0015  0.0000  -0.0008  0.0008  0.0000
1.2477  0.0000  -0.0015  0.0015  0.0000  -0.0007  0.0007  0.0000
1.2577  0.0000  0.0015  -0.0015  0.0000  -0.0007  0.0007  0.0000
1.2677  0.0000  0.0015  -0.0015  0.0000  -0.0007  0.0007  0.0000
1.2785  0.0000  0.0000  0.0000  0.0000  -0.0007  0.0007  0.0000
1.2885  0.0000  0.0000  0.0000  0.0000  -0.0007  0.0007  0.0000
1.2984  0.0000  -0.0015  0.0015  0.0000  -0.0007  0.0007  0.0000
1.3087  0.0000  0.0000  0.0000  0.0000  -0.0007  0.0007  0.0000
1.3186  0.0000  -0.0015  0.0015  0.0000  -0.0007  0.0007  0.0000
1.3287  0.0000  -0.0015  0.0015  0.0000  -0.0007  0.0007  0.0000
1.3392  0.0000  0.0000  0.0000  0.0000  -0.0007  0.0007  0.0000
1.3511  0.0000  0.0015  -0.0015  0.0000  -0.0007  0.0007  0.0000
1.3634  0.0000  -0.0015  0.0015  0.0000  -0.0007  0.0007  0.0000
1.3729  0.0000  0.0000  0.0000  0.0000  -0.0007  0.0007  0.0000
1.3839  0.0000  0.0044  -0.0044  0.0000  -0.0007  0.0007  0.0000
1.3951  0.0000  0.0000  0.0000  0.0000  -0.0007  0.0007  0.0000
1.4059  0.0000  -0.0029  0.0029  0.0000  -0.0007  0.0007  0.0000
1.4169  0.0000  -0.0015  0.0015  0.0000  -0.0007  0.0007  0.0000
1.4280  0.0000  -0.0015  0.0015  0.0000  -0.0007  0.0007  0.0000
1.4387  0.0000  0.0015  -0.0015  0.0000  -0.0007  0.0007  0.0000
1.4496  0.0000  0.0029  -0.0029  0.0000  -0.0007  0.0007  0.0000
1.4609  0.0000  0.0000  0.0000  0.0000  -0.0007  0.0007  0.0000
1.4717  0.0000  -0.0015  0.0015  0.0000  -0.0008  0.0008  0.0000
1.4816  0.0000  -0.0015  0.0015  0.0000  -0.0007  0.0007  0.0000
1.4926  0.0000  -0.0015  0.0015  0.0000  -0.0007  0.0007  0.0000
1.5038  0.0000  0.0000  0.0000  0.0000  -0.0007  0.0007  0.0000
1.5164  0.0000  -0.0015  0.0015  0.0000  -0.0007  0.0007  0.0000
1.5282  0.0000  -0.0015  0.0015  0.0000  -0.0007  0.0007  0.0000
1.5521  0.0000  0.0000  0.0000  0.0000  -0.0007  0.0007  0.0000
1.5633  0.0000  0.0015  -0.0015  0.0000  -0.0007  0.0007  0.0000
1.5745  0.0000  0.0029  -0.0029  0.0000  -0.0007  0.0007  0.0000
1.5857  0.0000  0.0044  -0.0044  0.0000  -0.0007  0.0007  0.0000
1.5967  0.0000  -0.0015  0.0015  0.0000  -0.0006  0.0006  0.0000
1.6086  0.0000  -0.0015  0.0015  0.0000  -0.0007  0.0007  0.0000
1.6193  0.0000  -0.0015  0.0015  0.0000  -0.0007  0.0007  0.0000
1.6305  0.0000  -0.0015  0.0015  0.0000  -0.0007  0.0007  0.0000
1.6421  0.0000  0.0000  0.0000  0.0000  -0.0007  0.0007  0.0000
1.6535  0.0000  -0.0015  0.0015  0.0000  -0.0008  0.0008  0.0000
1.6632  0.0000  0.0000  0.0000  0.0000  -0.0008  0.0008  0.0000
1.6744  0.0000  0.0015  -0.0015  0.0000  -0.0007  0.0007  0.0000
1.6855  0.0000  0.0015  -0.0015  0.0000  -0.0006  0.0006  0.0000
1.6948  0.0000  -0.0015  0.0015  0.0000  -0.0007  0.0007  0.0000
1.7061  0.0000  -0.0015  0.0015  0.0000  -0.0007  0.0007  0.0000
1.7171  0.0000  0.0000  0.0000  0.0000  -0.0006  0.0006  0.0000
1.7283  0.0000  0.0000  0.0000  0.0000  -0.0006  0.0006  0.0000
1.7395  0.0000  0.0029  -0.0029  0.0000  -0.0007  0.0007  0.0000
1.7493  0.0000  0.0000  0.0000  0.0000  -0.0006  0.0006  0.0000
1.7588  0.0000  0.0015  -0.0015  0.0000  -0.0007  0.0007  0.0000
1.7694  0.0000  0.0000  0.0000  0.0000  -0.0006  0.0006  0.0000
1.7797  0.0000  0.0000  0.0000  0.0000  -0.0007  0.0007  0.0000
1.7908  0.0000  0.0029  -0.0029  0.0000  -0.0007  0.0007  0.0000
1.8013  0.0000  0.0015  -0.0015  0.0000  -0.0006  0.0006  0.0000
1.8115  0.0000  0.0029  -0.0029  0.0000  -0.0006  0.0006  0.0000
1.8219  0.0000  0.0000  0.0000  0.0000  -0.0006  0.0006  0.0000
1.8324  0.0000  -0.0015  0.0015  0.0000  -0.0006  0.0006  0.0000
1.8432  0.0000  0.0015  -0.0015  0.0000  -0.0006  0.0006  0.0000
1.8551  0.0000  -0.0015  0.0015  0.0000  -0.0006  0.0006  0.0000
1.8637  0.0000  -0.0015  0.0015  0.0000  -0.0007  0.0007  0.0000
1.8737  0.0000  -0.0015  0.0015  0.0000  -0.0007  0.0007  0.0000
1.8837  0.0000  0.0044  -0.0044  0.0000  -0.0007  0.0007  0.0000
1.8939  0.0000  0.0000  0.0000  0.0000  -0.0007  0.0007  0.0000
1.9040  0.0000  -0.0015  0.0015  0.0000  -0.0007  0.0007  0.0000
1.9139  0.0000  -0.0015  0.0015  0.0000  -0.0007  0.0007  0.0000
1.9249  0.0000  0.0029  -0.0029  0.0000  -0.0007  0.0007  0.0000
1.9349  0.0000  0.0000  0.0000  0.0000  -0.0007  0.0007  0.0000
1.9449  0.0000  -0.0015  0.0015  0.0000  -0.0007  0.0007  0.0000
1.9549  0.0000  0.0000  0.0000  0.0000  -0.0006  0.0006  0.0000
1.9650  0.0000  -0.0015  0.0015  0.0000  -0.0006  0.0006  0.0000
1.9754  0.0000  -0.0029  0.0029  0.0000  -0.0006  0.0006  0.0000
1.9866  0.0000  0.0000  0.0000  0.0000  -0.0007  0.0007  0.0000
1.9956  0.0000  0.0015  -0.0015  0.0000  -0.0007  0.0007  0.0000
2.0062  0.0000  -0.0015  0.0015  0.0000  -0.0007  0.0007  0.0000
2.0178  0.0000  0.0000  0.0000  0.0000  -0.0007  0.0007  0.0000
2.0279  0.0000  -0.0015  0.0015  0.0000  -0.0007  0.0007  0.0000
2.0391  0.0000  -0.0015  0.0015  0.0000  -0.0007  0.0007  0.0000
2.0623  0.0000  0.0015  -0.0015  0.0000  -0.0007  0.0007  0.0000
2.0724  0.0000  0.0000  0.0000  0.0000  -0.0007  0.0007  0.0000
2.0824  0.0000  -0.0015  0.0015  0.0000  -0.0007  0.0007  0.0000
2.0930  0.0000  -0.0015  0.0015  0.0000  -0.0007  0.0007  0.0000
2.1048  0.0000  0.0015  -0.0015  0.0000  -0.0007  0.0007  0.0000
2.1170  0.0000  0.0015  -0.0015  0.0000  -0.0007  0.0007  0.0000
2.1282  0.0000  0.0000  0.0000  0.0000  -0.0006  0.0006  0.0000
2.1386  0.0000  -0.0015  0.0015  0.0000  -0.0006  0.0006  0.0000
2.1507  0.0000  0.0000  0.0000  0.0000  -0.0006  0.0006  0.0000
2.1630  0.0000  -0.0015  0.0015  0.0000  -0.0006  0.0006  0.0000
2.1780  0.0000  0.0015  -0.0015  0.0000  -0.0006  0.0006  0.0000
2.1887  0.0000  -0.0015  0.0015  0.0000  -0.0006  0.0006  0.0000
2.1990  0.0000  0.0000  0.0000  0.0000  -0.0006  0.0006  0.0000
2.2091  0.0000  0.0000  0.0000  0.0000  -0.0006  0.0006  0.0000
2.2188  0.0000  -0.0015  0.0015  0.0000  -0.0006  0.0006  0.0000
2.2290  0.0000  0.0015  -0.0015  0.0000  -0.0006  0.0006  0.0000
2.2392  0.0000  -0.0015  0.0015  0.0000  -0.0006  0.0006  0.0000
2.2491  0.0000  -0.0015  0.0015  0.0000  -0.0006  0.0006  0.0000
2.2592  0.0000  -0.0015  0.0015  0.0000  -0.0006  0.0006  0.0000
2.2701  0.0000  0.0000  0.0000  0.0000  -0.0007  0.0007  0.0000
2.2809  0.0000  0.0000  0.0000  0.0000  -0.0007  0.0007  0.0000
2.2905  0.0000  0.0015  -0.0015  0.0000  -0.0007  0.0007  0.0000
2.3019  0.0000  -0.0015  0.0015  0.0000  -0.0007  0.0007  0.0000
2.3126  0.0000  -0.0015  0.0015  0.0000  -0.0007  0.0007  0.0000
2.3233  0.0000  0.0000  0.0000  0.0000  -0.0007  0.0007  0.0000
2.3342  0.0000  0.0015  -0.0015  0.0000  -0.0007  0.0007  0.0000
2.3443  0.0000  -0.0015  0.0015  0.0000  -0.0007  0.0007  0.0000
2.3571  0.0000  0.0000  0.0000  0.0000  -0.0007  0.0007  0.0000
2.3692  0.0000  0.0000  0.0000  0.0000  -0.0007  0.0007  0.0000
2.3801  0.0000  -0.0015  0.0015  0.0000  -0.0007  0.0007  0.0000
2.3910  0.0000  0.0015  -0.0015  0.0000  -0.0007  0.0007  0.0000
2.4016  0.0000  0.0000  0.0000  0.0000  -0.0007  0.0007  0.0000
2.4131  0.0000  0.0000  0.0000  0.0000  -0.0007  0.0007  0.0000
2.4246  0.0000  0.0044  -0.0044  0.0000  -0.0006  0.0006  0.0000
2.4364  0.0000  0.0000  0.0000  0.0000  -0.0006  0.0006  0.0000
2.4474  0.0000  0.0000  0.0000  0.0000  -0.0006  0.0006  0.0000
2.4579  0.0000  0.0000  0.0000  0.0000  -0.0006  0.0006  0.0000
2.4690  0.0000  0.0000  0.0000  0.0000  -0.0006  0.0006  0.0000
2.4798  0.0000  0.0015  -0.0015  0.0000  -0.0006  0.0006  0.0000
2.4909  0.0000  0.0000  0.0000  0.0000  -0.0006  0.0006  0.0000
2.5019  0.0000  0.0000  0.0000  0.0000  -0.0006  0.0006  0.0000
2.5128  0.0000  0.0015  -0.0015  0.0000  -0.0006  0.0006  0.0000
2.5245  0.0000  0.0000  0.0000  0.0000  -0.0006  0.0006  0.0000
2.5359  0.0000  0.0029  -0.0029  0.0000  -0.0006  0.0006  0.0000
2.5468  0.0000  0.0015  -0.0015  0.0000  -0.0006  0.0006  0.0000
2.5696  0.0000  -0.0015  0.0015  0.0000  -0.0006  0.0006  0.0000
2.5805  0.0000  0.0000  0.0000  0.0000  -0.0005  0.0005  0.0000
2.5943  0.0000  0.0000  0.0000  0.0000  -0.0006  0.0006  0.0000
2.6060  0.0000  0.0015  -0.0015  0.0000  -0.0005  0.0005  0.0000
2.6164  0.0000  0.0000  0.0000  0.0000  -0.0005  0.0005  0.0000
2.6282  0.0000  -0.0015  0.0015  0.0000  -0.0005  0.0005  0.0000
2.6389  0.0000  0.0015  -0.0015  0.0000  -0.0005  0.0005  0.0000
2.6495  0.0000  -0.0015  0.0015  0.0000  -0.0005  0.0005  0.0000
2.6597  0.0000  0.0015  -0.0015  0.0000  -0.0006  0.0006  0.0000
2.6701  0.0000  0.0000  0.0000  0.0000  -0.0006  0.0006  0.0000
2.6798  0.0000  -0.0059  0.0059  0.0000  -0.0006  0.0006  0.0000
2.6901  0.0000  -0.0015  0.0015  0.0000  -0.0006  0.0006  0.0000
2.6996  0.0000  -0.0015  0.0015  0.0000  -0.0006  0.0006  0.0000
2.7106  0.0000  0.0000  0.0000  0.0000  -0.0006  0.0006  0.0000
2.7214  0.0000  0.0000  0.0000  0.0000  -0.0006  0.0006  0.0000
2.7323  0.0000  -0.0015  0.0015  0.0000  -0.0006  0.0006  0.0000
2.7434  0.0000  0.0029  -0.0029  0.0000  -0.0006  0.0006  0.0000
2.7543  0.0000  0.0000  0.0000  0.0000  -0.0006  0.0006  0.0000
2.7652  0.0000  0.0000  0.0000  0.0000  -0.0006  0.0006  0.0000
2.7757  0.0000  -0.0015  0.0015  0.0000  -0.0006  0.0006  0.0000
2.7861  0.0000  0.0015  -0.0015  0.0000  -0.0006  0.0006  0.0000
2.7963  0.0000  0.0029  -0.0029  0.0000  -0.0006  0.0006  0.0000
2.8067  0.0000  0.0015  -0.0015  0.0000  -0.0006  0.0006  0.0000
2.8190  0.0000  0.0029  -0.0029  0.0000  -0.0006  0.0006  0.0000
2.8301  0.0000  0.0000  0.0000  0.0000  -0.0006  0.0006  0.0000
2.8414  0.0000  -0.0015  0.0015  0.0000  -0.0006  0.0006  0.0000
2.8527  0.0000  0.0000  0.0000  0.0000  -0.0006  0.0006  0.0000
2.8650  0.0000  0.0015  -0.0015  0.0000  -0.0006  0.0006  0.0000
2.8768  0.0000  0.0015  -0.0015  0.0000  -0.0006  0.0006  0.0000
2.8885  0.0000  0.0000  0.0000  0.0000  -0.0006  0.0006  0.0000
2.8988  0.0000  0.0000  0.0000  0.0000  -0.0006  0.0006  0.0000
2.9080  0.0000  -0.0015  0.0015  0.0000  -0.0006  0.0006  0.0000
2.9186  0.0000  0.0015  -0.0015  0.0000  -0.0006  0.0006  0.0000
2.9288  0.0000  0.0000  0.0000  0.0000  -0.0006  0.0006  0.0000
2.9393  0.0000  -0.0015  0.0015  0.0000  -0.0006  0.0006  0.0000
2.9514  0.0000  0.0015  -0.0015  0.0000  -0.0006  0.0006  0.0000
2.9625  0.0000  0.0000  0.0000  0.0000  -0.0006  0.0006  0.0000
2.9735  0.0000  0.0000  0.0000  0.0000  -0.0006  0.0006  0.0000
2.9847  0.0000  0.0000  0.0000  0.0000  -0.0006  0.0006  0.0000
2.9958  0.0000  0.0000  0.0000  0.0000  -0.0006  0.0006  0.0000
3.0068  0.0000  0.0000  0.0000  0.0000  -0.0006  0.0006  0.0000
3.0173  0.0000  -0.0015  0.0015  0.0000  -0.0006  0.0006  0.0000
3.0280  0.0000  0.0015  -0.0015  0.0000  -0.0006  0.0006  0.0000
3.0390  0.0000  -0.0015  0.0015  0.0000  -0.0006  0.0006  0.0000
3.0493  0.0000  0.0015  -0.0015  0.0000  -0.0006  0.0006  0.0000
3.0597  0.0000  0.0029  -0.0029  0.0000  -0.0006  0.0006  0.0000
3.0804  0.0000  0.0000  0.0000  0.0000  -0.0006  0.0006  0.0000
3.0908  0.0000  -0.0015  0.0015  0.0000  -0.0006  0.0006  0.0000
3.1051  0.0000  0.0000  0.0000  0.0000  -0.0007  0.0007  0.0000
3.1177  0.0000  0.0000  0.0000  0.0000  -0.0007  0.0007  0.0000
3.1312  0.0000  -0.0015  0.0015  0.0000  -0.0007  0.0007  0.0000
3.1453  0.0000  -0.0015  0.0015  0.0000  -0.0006  0.0006  0.0000
3.1559  0.0000  0.0000  0.0000  0.0000  -0.0006  0.0006  0.0000
3.1667  0.0000  0.0015  -0.0015  0.0000  -0.0006  0.0006  0.0000
3.1775  0.0000  0.0000  0.0000  0.0000  -0.0006  0.0006  0.0000
3.1905  0.0000  0.0015  -0.0015  0.0000  -0.0006  0.0006  0.0000
3.2010  0.0000  0.0000  0.0000  0.0000  -0.0006  0.0006  0.0000
3.2116  0.0000  0.0015  -0.0015  0.0000  -0.0006  0.0006  0.0000
3.2223  0.0000  0.0000  0.0000  0.0000  -0.0006  0.0006  0.0000
3.2328  0.0000  -0.0015  0.0015  0.0000  -0.0006  0.0006  0.0000
3.2422  0.0000  0.0000  0.0000  0.0000  -0.0006  0.0006  0.0000
3.2527  0.0000  0.0000  0.0000  0.0000  -0.0006  0.0006  0.0000
3.2633  0.0000  0.0015  -0.0015  0.0000  -0.0006  0.0006  0.0000
3.2742  0.0000  0.0000  0.0000  0.0000  -0.0006  0.0006  0.0000
3.2848  0.0000  0.0000  0.0000  0.0000  -0.0006  0.0006  0.0000
3.2956  0.0000  0.0015  -0.0015  0.0000  -0.0007  0.0007  0.0000
3.3065  0.0000  -0.0015  0.0015  0.0000  -0.0007  0.0007  0.0000
3.3180  0.0000  -0.0015  0.0015  0.0000  -0.0007  0.0007  0.0000
3.3290  0.0000  0.0029  -0.0029  0.0000  -0.0007  0.0007  0.0000
3.3395  0.0000  -0.0015  0.0015  0.0000  -0.0007  0.0007  0.0000
3.3507  0.0000  0.0000  0.0000  0.0000  -0.0007  0.0007  0.0000
3.3617  0.0000  -0.0015  0.0015  0.0000  -0.0007  0.0007  0.0000
3.3727  0.0000  0.0015  -0.0015  0.0000  -0.0007  0.0007  0.0000
3.3838  0.0000  0.0000  0.0000  0.0000  -0.0007  0.0007  0.0000
3.3944  0.0000  -0.0015  0.0015  0.0000  -0.0007  0.0007  0.0000
3.4055  0.0000  0.0044  -0.0044  0.0000  -0.0007  0.0007  0.0000
3.4153  0.0000  0.0000  0.0000  0.0000  -0.0007  0.0007  0.0000
3.4260  0.0000  0.0000  0.0000  0.0000  -0.0007  0.0007  0.0000
3.4374  0.0000  0.0000  0.0000  0.0000  -0.0005  0.0005  0.0000
3.4498  0.0000  0.0044  -0.0044  0.0000  -0.0006  0.0006  0.0000
3.4606  0.0000  0.0000  0.0000  0.0000  -0.0005  0.0005  0.0000
3.4703  0.0000  -0.0015  0.0015  0.0000  -0.0005  0.0005  0.0000
3.4817  0.0000  -0.0015  0.0015  0.0000  -0.0006  0.0006  0.0000
3.4927  0.0000  0.0015  -0.0015  0.0000  -0.0006  0.0006  0.0000
3.5034  0.0000  0.0000  0.0000  0.0000  -0.0006  0.0006  0.0000
3.5142  0.0000  0.0000  0.0000  0.0000  -0.0006  0.0006  0.0000
3.5255  0.0000  0.0015  -0.0015  0.0000  -0.0006  0.0006  0.0000
3.5365  0.0000  0.0015  -0.0015  0.0000  -0.0005  0.0005  0.0000
3.5481  0.0000  0.0000  0.0000  0.0000  -0.0005  0.0005  0.0000
3.5589  0.0000  0.0015  -0.0015  0.0000  -0.0006  0.0006  0.0000
3.5685  0.0000  -0.0015  0.0015  0.0000  -0.0006  0.0006  0.0000
3.5900  0.0000  0.0044  -0.0044  0.0000  -0.0006  0.0006  0.0000
3.6008  0.0000  -0.0015  0.0015  0.0000  -0.0005  0.0005  0.0000
3.6120  0.0000  0.0000  0.0000  0.0000  -0.0005  0.0005  0.0000
3.6232  0.0000  -0.0015  0.0015  0.0000  -0.0004  0.0004  0.0000
3.6351  0.0000  0.0000  0.0000  0.0000  -0.0005  0.0005  0.0000
3.6482  0.0000  -0.0015  0.0015  0.0000  -0.0005  0.0005  0.0000
3.6591  0.0000  -0.0015  0.0015  0.0000  -0.0005  0.0005  0.0000
3.6701  0.0000  0.0000  0.0000  0.0000  -0.0005  0.0005  0.0000
3.6809  0.0000  0.0015  -0.0015  0.0000  -0.0005  0.0005  0.0000
3.6918  0.0000  0.0000  0.0000  0.0000  -0.0005  0.0005  0.0000
3.7027  0.0000  0.0000  0.0000  0.0000  -0.0005  0.0005  0.0000
3.7134  0.0000  -0.0015  0.0015  0.0000  -0.0005  0.0005  0.0000
3.7243  0.0000  0.0000  0.0000  0.0000  -0.0005  0.0005  0.0000
3.7350  0.0000  0.0029  -0.0029  0.0000  -0.0005  0.0005  0.0000
3.7464  0.0000  -0.0015  0.0015  0.0000  -0.0005  0.0005  0.0000
3.7575  0.0000  0.0029  -0.0029  0.0000  -0.0004  0.0004  0.0000
3.7684  0.0000  0.0000  0.0000  0.0000  -0.0004  0.0004  0.0000
3.7793  0.0000  0.0029  -0.0029  0.0000  -0.0005  0.0005  0.0000
3.7911  0.0000  0.0000  0.0000  0.0000  -0.0004  0.0004  0.0000
3.8022  0.0000  0.0029  -0.0029  0.0000  -0.0004  0.0004  0.0000
3.8131  0.0000  0.0000  0.0000  0.0000  -0.0004  0.0004  0.0000
3.8255  0.0000  0.0000  0.0000  0.0000  -0.0005  0.0005  0.0000
3.8367  0.0000  -0.0015  0.0015  0.0000  -0.0004  0.0004  0.0000
3.8479  0.0000  -0.0015  0.0015  0.0000  -0.0005  0.0005  0.0000
3.8584  0.0000  0.0000  0.0000  0.0000  -0.0004  0.0004  0.0000
3.8696  0.0000  0.0000  0.0000  0.0000  -0.0005  0.0005  0.0000
3.8810  0.0000  -0.0015  0.0015  0.0000  -0.0005  0.0005  0.0000
3.8922  0.0000  -0.0015  0.0015  0.0000  -0.0005  0.0005  0.0000
3.9028  0.0000  0.0029  -0.0029  0.0000  -0.0005  0.0005  0.0000
3.9140  0.0000  0.0000  0.0000  0.0000  -0.0005  0.0005  0.0000
3.9244  0.0000  0.0000  0.0000  0.0000  -0.0005  0.0005  0.0000
3.9350  0.0000  0.0015  -0.0015  0.0000  -0.0005  0.0005  0.0000
3.9458  0.0000  0.0015  -0.0015  0.0000  -0.0005  0.0005  0.0000
3.9565  0.0000  0.0000  0.0000  0.0000  -0.0005  0.0005  0.0000
3.9673  0.0000  0.0029  -0.0029  0.0000  -0.0005  0.0005  0.0000
3.9773  0.0000  -0.0015  0.0015  0.0000  -0.0005  0.0005  0.0000
3.9874  0.0000  0.0000  0.0000  0.0000  -0.0005  0.0005  0.0000
3.9970  0.0000  0.0000  0.0000  0.0000  -0.0005  0.0005  0.0000
4.0066  0.0000  -0.0015  0.0015  0.0000  -0.0005  0.0005  0.0000
4.0165  0.0000  0.0000  0.0000  0.0000  -0.0005  0.0005  0.0000
4.0267  0.0000  0.0000  0.0000  0.0000  -0.0005  0.0005  0.0000
4.0377  0.0000  0.0000  0.0000  0.0000  -0.0005  0.0005  0.0000
4.0516  0.0000  0.0000  0.0000  0.0000  -0.0005  0.0005  0.0000
4.0622  0.0000  0.0000  0.0000  0.0000  -0.0005  0.0005  0.0000
4.0726  0.0000  -0.0015  0.0015  0.0000  -0.0005  0.0005  0.0000
4.0912  0.0000  0.0029  -0.0029  0.0000  -0.0005  0.0005  0.0000
4.1005  0.0000  0.0000  0.0000  0.0000  -0.0005  0.0005  0.0000
4.1107  0.0000  0.0044  -0.0044  0.0000  -0.0004  0.0004  0.0000
4.1203  0.0000  -0.0015  0.0015  0.0000  -0.0004  0.0004  0.0000
4.1313  0.0000  0.0000  0.0000  0.0000  -0.0005  0.0005  0.0000
4.1418  0.0000  -0.0015  0.0015  0.0000  -0.0004  0.0004  0.0000
4.1519  0.0000  0.0000  0.0000  0.0000  -0.0005  0.0005  0.0000
4.1618  0.0000  0.0000  0.0000  0.0000  -0.0005  0.0005  0.0000
4.1715  0.0000  0.0000  0.0000  0.0000  -0.0005  0.0005  0.0000
4.1812  0.0000  0.0015  -0.0015  0.0000  -0.0005  0.0005  0.0000
4.1909  0.0000  0.0000  0.0000  0.0000  -0.0005  0.0005  0.0000
4.2008  0.0000  -0.0015  0.0015  0.0000  -0.0005  0.0005  0.0000
4.2107  0.0000  0.0000  0.0000  0.0000  -0.0005  0.0005  0.0000
4.2195  0.0000  -0.0015  0.0015  0.0000  -0.0005  0.0005  0.0000
4.2290  0.0000  0.0015  -0.0015  0.0000  -0.0005  0.0005  0.0000
4.2385  0.0000  -0.0015  0.0015  0.0000  -0.0004  0.0004  0.0000
4.2484  0.0000  -0.0015  0.0015  0.0000  -0.0004  0.0004  0.0000
4.2580  0.0000  0.0000  0.0000  0.0000  -0.0004  0.0004  0.0000
4.2675  0.0000  0.0000  0.0000  0.0000  -0.0004  0.0004  0.0000
4.2769  0.0000  0.0000  0.0000  0.0000  -0.0004  0.0004  0.0000
4.2873  0.0000  -0.0015  0.0015  0.0000  -0.0004  0.0004  0.0000
4.2978  0.0000  0.0029  -0.0029  0.0000  -0.0004  0.0004  0.0000
4.3078  0.0000  0.0000  0.0000  0.0000  -0.0004  0.0004  0.0000
4.3180  0.0000  -0.0015  0.0015  0.0000  -0.0004  0.0004  0.0000
4.3282  0.0000  0.0000  0.0000  0.0000  -0.0004  0.0004  0.0000
4.3392  0.0000  -0.0015  0.0015  0.0000  -0.0004  0.0004  0.0000
4.3497  0.0000  0.0000  0.0000  0.0000  -0.0004  0.0004  0.0000
4.3589  0.0000  0.0000  0.0000  0.0000  -0.0004  0.0004  0.0000
4.3699  0.0000  0.0000  0.0000  0.0000  -0.0004  0.0004  0.0000
4.3809  0.0000  0.0000  0.0000  0.0000  -0.0004  0.0004  0.0000
4.3941  0.0000  0.0044  -0.0044  0.0000  -0.0005  0.0005  0.0000
4.4064  0.0000  0.0015  -0.0015  0.0000  -0.0004  0.0004  0.0000
4.4168  0.0000  0.0000  0.0000  0.0000  -0.0005  0.0005  0.0000
4.4269  0.0000  -0.0015  0.0015  0.0000  -0.0004  0.0004  0.0000
4.4376  0.0000  0.0000  0.0000  0.0000  -0.0004  0.0004  0.0000
4.4480  0.0000  0.0044  -0.0044  0.0000  -0.0004  0.0004  0.0000
4.4583  0.0000  0.0015  -0.0015  0.0000  -0.0004  0.0004  0.0000
4.4685  0.0000  -0.0015  0.0015  0.0000  -0.0004  0.0004  0.0000
4.4789  0.0000  0.0000  0.0000  0.0000  -0.0004  0.0004  0.0000
4.4905  0.0000  -0.0015  0.0015  0.0000  -0.0004  0.0004  0.0000
4.5022  0.0000  0.0000  0.0000  0.0000  -0.0004  0.0004  0.0000
4.5126  0.0000  -0.0015  0.0015  0.0000  -0.0004  0.0004  0.0000
4.5226  0.0000  0.0000  0.0000  0.0000  -0.0004  0.0004  0.0000
4.5330  0.0000  0.0000  0.0000  0.0000  -0.0004  0.0004  0.0000
4.5435  0.0000  0.0000  0.0000  0.0000  -0.0004  0.0004  0.0000
4.5546  0.0000  -0.0015  0.0015  0.0000  -0.0004  0.0004  0.0000
4.5656  0.0000  -0.0015  0.0015  0.0000  -0.0004  0.0004  0.0000
4.5763  0.0000  -0.0015  0.0015  0.0000  -0.0004  0.0004  0.0000
4.5982  0.0000  0.0000  0.0000  0.0000  -0.0004  0.0004  0.0000
4.6097  0.0000  0.0015  -0.0015  0.0000  -0.0004  0.0004  0.0000
4.6238  0.0000  0.0029  -0.0029  0.0000  -0.0004  0.0004  0.0000
4.6384  0.0000  0.0000  0.0000  0.0000  -0.0004  0.0004  0.0000
4.6475  0.0000  0.0000  0.0000  0.0000  -0.0004  0.0004  0.0000
4.6583  0.0000  0.0015  -0.0015  0.0000  -0.0004  0.0004  0.0000
4.6701  0.0000  0.0000  0.0000  0.0000  -0.0004  0.0004  0.0000
4.6809  0.0000  -0.0015  0.0015  0.0000  -0.0004  0.0004  0.0000
4.6946  0.0000  0.0000  0.0000  0.0000  -0.0004  0.0004  0.0000
4.7051  0.0000  0.0029  -0.0029  0.0000  -0.0004  0.0004  0.0000
4.7153  0.0000  0.0000  0.0000  0.0000  -0.0004  0.0004  0.0000
4.7260  0.0000  0.0000  0.0000  0.0000  -0.0004  0.0004  0.0000
4.7363  0.0000  0.0000  0.0000  0.0000  -0.0004  0.0004  0.0000
4.7466  0.0000  0.0000  0.0000  0.0000  -0.0004  0.0004  0.0000
4.7563  0.0000  0.0000  0.0000  0.0000  -0.0004  0.0004  0.0000
4.7667  0.0000  -0.0015  0.0015  0.0000  -0.0004  0.0004  0.0000
4.7773  0.0000  0.0044  -0.0044  0.0000  -0.0004  0.0004  0.0000
4.7878  0.0000  0.0000  0.0000  0.0000  -0.0004  0.0004  0.0000
4.7982  0.0000  -0.0015  0.0015  0.0000  -0.0004  0.0004  0.0000
4.8086  0.0000  0.0015  -0.0015  0.0000  -0.0004  0.0004  0.0000
4.8191  0.0000  -0.0015  0.0015  0.0000  -0.0004  0.0004  0.0000
4.8297  0.0000  0.0015  -0.0015  0.0000  -0.0004  0.0004  0.0000
4.8402  0.0000  -0.0015  0.0015  0.0000  -0.0004  0.0004  0.0000
4.8513  0.0000  0.0000  0.0000  0.0000  -0.0004  0.0004  0.0000
4.8611  0.0000  0.0029  -0.0029  0.0000  -0.0004  0.0004  0.0000
4.8711  0.0000  0.0000  0.0000  0.0000  -0.0004  0.0004  0.0000
4.8815  0.0000  0.0000  0.0000  0.0000  -0.0004  0.0004  0.0000
4.8929  0.0000  -0.0015  0.0015  0.0000  -0.0004  0.0004  0.0000
4.9050  0.0000  0.0000  0.0000  0.0000  -0.0004  0.0004  0.0000
4.9157  0.0000  0.0015  -0.0015  0.0000  -0.0004  0.0004  0.0000
4.9265  0.0000  0.0015  -0.0015  0.0000  -0.0004  0.0004  0.0000
4.9373  0.0000  0.0000  0.0000  0.0000  -0.0004  0.0004  0.0000
4.9487  0.0000  0.0029  -0.0029  0.0000  -0.0004  0.0004  0.0000
4.9621  0.0000  -0.0015  0.0015  0.0000  -0.0004  0.0004  0.0000
4.9745  0.0000  0.0000  0.0000  0.0000  -0.0004  0.0004  0.0000
4.9857  0.0000  -0.0015  0.0015  0.0000  -0.0004  0.0004  0.0000
4.9963  0.0000  0.0000  0.0000  0.0000  -0.0004  0.0004  0.0000
5.0069  0.0000  0.0000  0.0000  0.0000  -0.0004  0.0004  0.0000
5.0259  0.0000  0.0000  0.0000  0.0000  -0.0005  0.0005  0.0004
5.0415  0.0000  0.0000  0.0000  0.0000  -0.0005  0.0005  0.0008
5.0528  0.0000  0.0000  0.0000  0.0000  -0.0005  0.0005  0.0008
5.0649  0.0000  0.0000  0.0000  0.0000  -0.0005  0.0005  0.0008
5.0793  0.0000  0.0088  -0.0088  0.0000  -0.0004  0.0004  -0.0131
5.0950  0.0000  -0.0367  0.0367  0.0000  -0.0004  0.0004  0.0590
5.1169  0.0000  -0.0690  0.0690  0.0000  -0.0008  0.0008  0.0492
5.1315  0.0000  0.0411  -0.0411  0.0000  -0.0021  0.0021  -0.0898
5.1441  0.0000  0.0837  -0.0837  0.0000  -0.0015  0.0015  -0.0680
5.1571  0.0000  0.1351  -0.1351  0.0000  -0.0004  0.0004  -0.0990
5.1705  0.0000  0.1483  -0.1483  0.0000  0.0015  -0.0015  -0.0715
5.1846  0.0000  0.1601  -0.1601  0.0000  0.0035  -0.0035  -0.0758
5.1986  0.0000  0.0426  -0.0426  0.0000  0.0057  -0.0057  0.0939
5.2129  0.0000  -0.0573  0.0573  0.0000  0.0060  -0.0060  0.1037
5.2265  0.0000  -0.1395  0.1395  0.0000  0.0050  -0.0050  0.1188
5.2383  0.0000  -0.2232  0.2232  0.0000  0.0029  -0.0029  0.1693
5.2526  0.0000  -0.1160  0.1160  0.0000  0.0006  -0.0006  -0.0654
5.2683  0.0000  -0.0808  0.0808  0.0000  -0.0012  0.0012  0.0019
5.2842  0.0000  0.0235  -0.0235  0.0000  -0.0019  0.0019  -0.0931
5.2987  0.0000  0.1013  -0.1013  0.0000  -0.0013  0.0013  -0.0981
5.3127  0.0000  0.0808  -0.0808  0.0000  0.0003  -0.0003  -0.0108
5.3287  0.0000  0.0470  -0.0470  0.0000  0.0014  -0.0014  0.0105
5.3453  0.0000  0.0000  0.0000  0.0000  0.0020  -0.0020  0.0339
5.3623  0.0000  0.0088  -0.0088  0.0000  0.0021  -0.0021  -0.0133
5.3776  0.0000  -0.0015  0.0015  0.0000  0.0023  -0.0023  0.0058
5.3930  0.0000  -0.1381  0.1381  0.0000  0.0016  -0.0016  0.1593
5.4110  0.0000  -0.0015  0.0015  0.0000  -0.0008  0.0008  -0.1012
5.4304  0.0000  -0.0558  0.0558  0.0000  -0.0018  0.0018  0.0612
5.4455  0.0000  -0.0176  0.0176  0.0000  -0.0022  0.0022  -0.0217
5.4606  0.0000  -0.0073  0.0073  0.0000  -0.0019  0.0019  -0.0033
5.4760  0.0000  0.0632  -0.0632  0.0000  -0.0023  0.0023  -0.0792
5.4907  0.0000  0.1718  -0.1718  0.0000  -0.0012  0.0012  -0.1545
5.5047  0.0000  0.2570  -0.2570  0.0000  0.0012  -0.0012  -0.1749
5.5221  0.0000  0.2159  -0.2159  0.0000  0.0043  -0.0043  -0.0534
5.5381  0.0000  0.0191  -0.0191  0.0000  0.0067  -0.0067  0.1403
5.5526  0.0000  0.0441  -0.0441  0.0000  0.0070  -0.0070  -0.0502
5.5696  0.0000  0.0734  -0.0734  0.0000  0.0075  -0.0075  -0.0621
5.5856  0.0000  0.3261  -0.3261  0.0000  0.0097  -0.0097  -0.3423
5.6018  0.0000  0.4215  -0.4215  0.0000  0.0144  -0.0144  -0.2638
5.6223  0.0000  0.3584  -0.3584  0.0000  0.0225  -0.0225  -0.1263
5.6382  0.0000  0.1983  -0.1983  0.0000  0.0287  -0.0287  0.0007
5.6548  0.0000  -0.0749  0.0749  0.0000  0.0307  -0.0307  0.1947
5.6714  0.0000  -0.4200  0.4200  0.0000  0.0281  -0.0281  0.3544
5.6853  0.0000  -0.4979  0.4979  0.0000  0.0215  -0.0215  0.2245
5.7002  0.0000  -0.3510  0.3510  0.0000  0.0151  -0.0151  -0.0302
5.7162  0.0000  -0.2614  0.2614  0.0000  0.0099  -0.0099  0.0085
5.7313  0.0000  -0.1674  0.1674  0.0000  0.0068  -0.0068  -0.0290
5.7464  0.0000  -0.3216  0.3216  0.0000  0.0045  -0.0045  0.2452
5.7606  0.0000  -0.3084  0.3084  0.0000  -0.0000  0.0000  0.1035
5.7745  0.0000  -0.3775  0.3775  0.0000  -0.0058  0.0058  0.2132
5.7895  0.0000  -0.1454  0.1454  0.0000  -0.0115  0.0115  -0.1454
5.8020  0.0000  0.0162  -0.0162  0.0000  -0.0135  0.0135  -0.1436
5.8162  0.0000  0.2276  -0.2276  0.0000  -0.0126  0.0126  -0.2630
5.8297  0.0000  0.4289  -0.4289  0.0000  -0.0089  0.0089  -0.3409
5.8441  0.0000  0.3363  -0.3363  0.0000  -0.0035  0.0035  -0.0380
5.8609  0.0000  0.2174  -0.2174  0.0000  0.0008  -0.0008  0.0317
5.8768  0.0000  0.0852  -0.0852  0.0000  0.0043  -0.0043  0.0622
5.8920  0.0000  -0.0632  0.0632  0.0000  0.0043  -0.0043  0.1373
5.9093  0.0000  -0.0015  0.0015  0.0000  0.0030  -0.0030  -0.0545
5.9238  0.0000  0.1322  -0.1322  0.0000  0.0029  -0.0029  -0.1624
5.9377  0.0000  0.0632  -0.0632  0.0000  0.0047  -0.0047  0.0373
5.9521  0.0000  -0.0338  0.0338  0.0000  0.0064  -0.0064  0.0916
5.9650  0.0000  -0.1557  0.1557  0.0000  0.0061  -0.0061  0.1599
5.9776  0.0000  -0.3334  0.3334  0.0000  0.0044  -0.0044  0.3087
5.9911  0.0000  -0.4289  0.4289  0.0000  0.0004  -0.0004  0.2490
6.0043  0.0000  -0.3540  0.3540  0.0000  -0.0049  0.0049  0.0656
6.0196  0.0000  -0.1381  0.1381  0.0000  -0.0096  0.0096  -0.1373
6.0342  0.0000  0.0499  -0.0499  0.0000  -0.0120  0.0120  -0.1587
6.0489  0.0000  0.1895  -0.1895  0.0000  -0.0116  0.0116  -0.1733
6.0632  0.0000  0.0911  -0.0911  0.0000  -0.0096  0.0096  0.0794
6.0789  0.0000  0.0352  -0.0352  0.0000  -0.0087  0.0087  0.0467
6.0919  0.0000  -0.0220  0.0220  0.0000  -0.0087  0.0087  0.0754
6.1081  0.0000  -0.1190  0.1190  0.0000  -0.0098  0.0098  0.1523
6.1272  0.0000  -0.0044  0.0044  0.0000  -0.0123  0.0123  -0.0687
6.1435  0.0000  0.1807  -0.1807  0.0000  -0.0124  0.0124  -0.1707
6.1628  0.0000  0.1557  -0.1557  0.0000  -0.0103  0.0103  -0.0221
6.1770  0.0000  0.1322  -0.1322  0.0000  -0.0075  0.0075  -0.0201
6.1977  0.0000  -0.0734  0.0734  0.0000  -0.0064  0.0064  0.2122
6.2110  0.0000  -0.1968  0.1968  0.0000  -0.0086  0.0086  0.1726
6.2239  0.0000  -0.1836  0.1836  0.0000  -0.0111  0.0111  0.0728
6.2365  0.0000  -0.3055  0.3055  0.0000  -0.0147  0.0147  0.2633
6.2494  0.0000  -0.3877  0.3877  0.0000  -0.0189  0.0189  0.2588
6.2623  0.0000  -0.3393  0.3393  0.0000  -0.0238  0.0238  0.1151
6.2745  0.0000  -0.2923  0.2923  0.0000  -0.0279  0.0279  0.1044
6.2879  0.0000  -0.2086  0.2086  0.0000  -0.0312  0.0312  0.0454
6.3018  0.0000  0.0029  -0.0029  0.0000  -0.0334  0.0334  -0.1626
6.3173  0.0000  0.1131  -0.1131  0.0000  -0.0330  0.0330  -0.0829
6.3299  0.0000  0.0632  -0.0632  0.0000  -0.0312  0.0312  0.0794
6.3432  0.0000  0.0734  -0.0734  0.0000  -0.0302  0.0302  0.0117
6.3557  0.0000  0.0073  -0.0073  0.0000  -0.0296  0.0296  0.1158
6.3727  0.0000  0.0646  -0.0646  0.0000  -0.0296  0.0296  -0.0262
6.3846  0.0000  0.1527  -0.1527  0.0000  -0.0287  0.0287  -0.0923
6.4005  0.0000  -0.0176  0.0176  0.0000  -0.0271  0.0271  0.2014
6.4171  0.0000  -0.0911  0.0911  0.0000  -0.0274  0.0274  0.1330
6.4327  0.0000  0.0411  -0.0411  0.0000  -0.0279  0.0279  -0.0889
6.4443  0.0000  0.1733  -0.1733  0.0000  -0.0267  0.0267  -0.1571
6.4577  0.0000  0.2130  -0.2130  0.0000  -0.0247  0.0247  -0.0803
6.4705  0.0000  0.3642  -0.3642  0.0000  -0.0208  0.0208  -0.2504
6.4822  0.0000  0.3275  -0.3275  0.0000  -0.0156  0.0156  -0.0553
6.4963  0.0000  0.1645  -0.1645  0.0000  -0.0119  0.0119  0.1253
6.5105  0.0000  0.1057  -0.1057  0.0000  -0.0094  0.0094  0.0272
6.5232  0.0000  -0.0206  0.0206  0.0000  -0.0080  0.0080  0.1427
6.5376  0.0000  0.0543  -0.0543  0.0000  -0.0076  0.0076  -0.0818
6.5513  0.0000  0.0734  -0.0734  0.0000  -0.0064  0.0064  -0.0342
6.5636  0.0000  0.2027  -0.2027  0.0000  -0.0052  0.0052  -0.2099
6.5772  0.0000  0.2570  -0.2570  0.0000  -0.0030  0.0030  -0.1417
6.5929  0.0000  0.1718  -0.1718  0.0000  0.0001  -0.0001  0.0127
6.6074  0.0000  0.0969  -0.0969  0.0000  0.0020  -0.0020  0.0279
6.6293  0.0000  -0.0676  0.0676  0.0000  0.0025  -0.0025  0.1650
6.6469  0.0000  0.0426  -0.0426  0.0000  0.0029  -0.0029  -0.0863
6.6627  0.0000  0.0984  -0.0984  0.0000  0.0048  -0.0048  -0.0873
6.6778  0.0000  0.1660  -0.1660  0.0000  0.0080  -0.0080  -0.1285
6.6923  0.0000  0.1704  -0.1704  0.0000  0.0112  -0.0112  -0.0852
6.7074  0.0000  0.1116  -0.1116  0.0000  0.0135  -0.0135  -0.0024
6.7213  0.0000  0.0426  -0.0426  0.0000  0.0146  -0.0146  0.0207
6.7350  0.0000  -0.0117  0.0117  0.0000  0.0149  -0.0149  0.0309
6.7476  0.0000  -0.1043  0.1043  0.0000  0.0142  -0.0142  0.1043
6.7598  0.0000  -0.1660  0.1660  0.0000  0.0128  -0.0128  0.1079
6.7729  0.0000  -0.1807  0.1807  0.0000  0.0107  -0.0107  0.0656
6.7851  0.0000  -0.2041  0.2041  0.0000  0.0085  -0.0085  0.0873
6.7992  0.0000  -0.1234  0.1234  0.0000  0.0065  -0.0065  -0.0459
6.8118  0.0000  -0.0073  0.0073  0.0000  0.0056  -0.0056  -0.1164
6.8246  0.0000  0.0808  -0.0808  0.0000  0.0052  -0.0052  -0.1319
6.8370  0.0000  0.1674  -0.1674  0.0000  0.0058  -0.0058  -0.1604
6.8507  0.0000  0.0441  -0.0441  0.0000  0.0077  -0.0077  0.1011
6.8631  0.0000  -0.0896  0.0896  0.0000  0.0088  -0.0088  0.1473
6.8763  0.0000  -0.0808  0.0808  0.0000  0.0085  -0.0085  0.0074
6.8888  0.0000  -0.1057  0.1057  0.0000  0.0077  -0.0077  0.0520
6.9034  0.0000  -0.0602  0.0602  0.0000  0.0062  -0.0062  -0.0348
6.9183  0.0000  0.1351  -0.1351  0.0000  0.0064  -0.0064  -0.2125
6.9322  0.0000  0.1263  -0.1263  0.0000  0.0080  -0.0080  -0.0515
6.9449  0.0000  0.2100  -0.2100  0.0000  0.0105  -0.0105  -0.1802
6.9581  0.0000  0.2879  -0.2879  0.0000  0.0142  -0.0142  -0.2093
6.9713  0.0000  0.2291  -0.2291  0.0000  0.0183  -0.0183  -0.0583
6.9853  0.0000  0.1498  -0.1498  0.0000  0.0212  -0.0212  -0.0110
7.0000  0.0000  -0.0999  0.0999  0.0000  0.0227  -0.0227  0.2309
7.0139  0.0000  -0.1087  0.1087  0.0000  0.0215  -0.0215  0.0138
7.0296  0.0000  -0.1792  0.1792  0.0000  0.0195  -0.0195  0.1002
7.0455  0.0000  -0.1777  0.1777  0.0000  0.0159  -0.0159  0.0398
7.0602  0.0000  -0.2996  0.2996  0.0000  0.0124  -0.0124  0.2007
7.0755  0.0000  -0.2585  0.2585  0.0000  0.0089  -0.0089  0.0445
7.0918  0.0000  -0.1704  0.1704  0.0000  0.0056  -0.0056  -0.0187
7.1070  0.0000  -0.0808  0.0808  0.0000  0.0032  -0.0032  -0.0508
7.1221  0.0000  0.0529  -0.0529  0.0000  0.0027  -0.0027  -0.1412
7.1421  0.0000  0.1601  -0.1601  0.0000  0.0034  -0.0034  -0.1573
7.1570  0.0000  0.1483  -0.1483  0.0000  0.0063  -0.0063  -0.0581
7.1711  0.0000  0.0808  -0.0808  0.0000  0.0091  -0.0091  0.0246
7.1868  0.0000  0.0661  -0.0661  0.0000  0.0104  -0.0104  -0.0294
7.1998  0.0000  0.0764  -0.0764  0.0000  0.0109  -0.0109  -0.0563
7.2140  0.0000  -0.0485  0.0485  0.0000  0.0110  -0.0110  0.1238
7.2259  0.0000  -0.0485  0.0485  0.0000  0.0097  -0.0097  0.0025
7.2378  0.0000  -0.1616  0.1616  0.0000  0.0082  -0.0082  0.1720
7.2501  0.0000  -0.2350  0.2350  0.0000  0.0057  -0.0057  0.1594
7.2631  0.0000  -0.1674  0.1674  0.0000  0.0020  -0.0020  -0.0126
7.2840  0.0000  0.0162  -0.0162  0.0000  0.0000  -0.0000  -0.1165
7.2987  0.0000  0.1645  -0.1645  0.0000  -0.0009  0.0009  -0.1923
7.3111  0.0000  0.2570  -0.2570  0.0000  0.0013  -0.0013  -0.1933
7.3226  0.0000  0.3334  -0.3334  0.0000  0.0045  -0.0045  -0.2189
7.3349  0.0000  0.2335  -0.2335  0.0000  0.0073  -0.0073  0.0171
7.3466  0.0000  0.0617  -0.0617  0.0000  0.0093  -0.0093  0.1410
7.3584  0.0000  -0.1997  0.1997  0.0000  0.0096  -0.0096  0.3553
7.3699  0.0000  -0.3672  0.3672  0.0000  0.0077  -0.0077  0.3097
7.3822  0.0000  -0.2379  0.2379  0.0000  0.0035  -0.0035  -0.0664
7.3972  0.0000  -0.2218  0.2218  0.0000  0.0010  -0.0010  0.0669
7.4100  0.0000  -0.1483  0.1483  0.0000  -0.0008  0.0008  -0.0214
7.4224  0.0000  0.0338  -0.0338  0.0000  -0.0023  0.0023  -0.1829
7.4341  0.0000  0.0397  -0.0397  0.0000  -0.0019  0.0019  -0.0182
7.4473  0.0000  0.0720  -0.0720  0.0000  -0.0013  0.0013  -0.0600
7.4606  0.0000  0.2365  -0.2365  0.0000  -0.0006  0.0006  -0.2536
7.4724  0.0000  0.1718  -0.1718  0.0000  0.0021  -0.0021  -0.0038
7.4842  0.0000  0.1983  -0.1983  0.0000  0.0045  -0.0045  -0.1107
7.4959  0.0000  0.2262  -0.2262  0.0000  0.0067  -0.0067  -0.1261
7.5089  0.0000  0.1704  -0.1704  0.0000  0.0092  -0.0092  -0.0162
7.5205  0.0000  0.1395  -0.1395  0.0000  0.0113  -0.0113  -0.0387
7.5330  0.0000  0.0705  -0.0705  0.0000  0.0127  -0.0127  0.0318
7.5456  0.0000  0.0059  -0.0059  0.0000  0.0136  -0.0136  0.0436
7.5587  0.0000  -0.0911  0.0911  0.0000  0.0135  -0.0135  0.1098
7.5708  0.0000  -0.1381  0.1381  0.0000  0.0124  -0.0124  0.0784
7.5828  0.0000  -0.1616  0.1616  0.0000  0.0108  -0.0108  0.0688
7.5962  0.0000  -0.0837  0.0837  0.0000  0.0094  -0.0094  -0.0669
7.6098  0.0000  -0.0323  0.0323  0.0000  0.0079  -0.0079  -0.0499
7.6239  0.0000  0.1087  -0.1087  0.0000  0.0080  -0.0080  -0.1916
7.6375  0.0000  0.1175  -0.1175  0.0000  0.0098  -0.0098  -0.0676
7.6579  0.0000  0.1748  -0.1748  0.0000  0.0119  -0.0119  -0.1346
7.6707  0.0000  0.0397  -0.0397  0.0000  0.0147  -0.0147  0.0585
7.6844  0.0000  0.0470  -0.0470  0.0000  0.0154  -0.0154  -0.0493
7.6972  0.0000  0.0602  -0.0602  0.0000  0.0161  -0.0161  -0.0616
7.7093  0.0000  0.0852  -0.0852  0.0000  0.0170  -0.0170  -0.0839
7.7211  0.0000  0.1909  -0.1909  0.0000  0.0182  -0.0182  -0.2174
7.7353  0.0000  0.1821  -0.1821  0.0000  0.0201  -0.0201  -0.0903
7.7490  0.0000  0.1762  -0.1762  0.0000  0.0226  -0.0226  -0.0966
7.7618  0.0000  0.0514  -0.0514  0.0000  0.0246  -0.0246  0.0613
7.7749  0.0000  0.0044  -0.0044  0.0000  0.0253  -0.0253  0.0050
7.7884  0.0000  -0.0514  0.0514  0.0000  0.0251  -0.0251  0.0333
7.8007  0.0000  -0.2702  0.2702  0.0000  0.0231  -0.0231  0.2787
7.8141  0.0000  -0.3099  0.3099  0.0000  0.0194  -0.0194  0.1238
7.8269  0.0000  -0.4509  0.4509  0.0000  0.0150  -0.0150  0.2890
7.8399  0.0000  -0.4509  0.4509  0.0000  0.0092  -0.0092  0.1536
7.8543  0.0000  -0.1762  0.1762  0.0000  0.0046  -0.0046  -0.2106
7.8673  0.0000  0.0191  -0.0191  0.0000  0.0027  -0.0027  -0.1946
7.8813  0.0000  -0.1013  0.1013  0.0000  0.0024  -0.0024  0.1557
7.8969  0.0000  0.1939  -0.1939  0.0000  0.0027  -0.0027  -0.3551
7.9102  0.0000  0.3319  -0.3319  0.0000  0.0066  -0.0066  -0.2466
7.9221  0.0000  0.2967  -0.2967  0.0000  0.0106  -0.0106  -0.0883
7.9352  0.0000  0.4626  -0.4626  0.0000  0.0159  -0.0159  -0.3646
7.9472  0.0000  0.5787  -0.5787  0.0000  0.0226  -0.0226  -0.3888
7.9607  0.0000  0.6609  -0.6609  0.0000  0.0290  -0.0290  -0.3733
7.9738  0.0000  0.5816  -0.5816  0.0000  0.0377  -0.0377  -0.2041
7.9861  0.0000  0.4289  -0.4289  0.0000  0.0448  -0.0448  -0.0722
8.0000  0.0000  0.2526  -0.2526  0.0000  0.0496  -0.0496  0.0074
8.0133  0.0000  0.0132  -0.0132  0.0000  0.0527  -0.0527  0.1298
8.0285  0.0000  -0.0147  0.0147  0.0000  0.0530  -0.0530  -0.0535
8.0432  0.0000  -0.1175  0.1175  0.0000  0.0525  -0.0525  0.0536
8.0574  0.0000  -0.1821  0.1821  0.0000  0.0508  -0.0508  0.0448
8.0725  0.0000  -0.3231  0.3231  0.0000  0.0472  -0.0472  0.1689
8.0877  0.0000  -0.2614  0.2614  0.0000  0.0426  -0.0426  -0.0232
8.1034  0.0000  -0.2144  0.2144  0.0000  0.0387  -0.0387  -0.0226
8.1199  0.0000  -0.1689  0.1689  0.0000  0.0354  -0.0354  -0.0293
8.1335  0.0000  -0.1572  0.1572  0.0000  0.0330  -0.0330  -0.0046
8.1485  0.0000  -0.2188  0.2188  0.0000  0.0312  -0.0312  0.0895
8.1741  0.0000  -0.1072  0.1072  0.0000  0.0278  -0.0278  -0.0871
8.1914  0.0000  -0.0632  0.0632  0.0000  0.0244  -0.0244  -0.0385
8.2051  0.0000  0.1146  -0.1146  0.0000  0.0236  -0.0236  -0.2473
8.2201  0.0000  0.0352  -0.0352  0.0000  0.0241  -0.0241  0.0204
8.2324  0.0000  0.2056  -0.2056  0.0000  0.0253  -0.0253  -0.2897
8.2459  0.0000  0.2027  -0.2027  0.0000  0.0277  -0.0277  -0.1172
8.2600  0.0000  0.0455  -0.0455  0.0000  0.0302  -0.0302  0.1053
8.2732  0.0000  -0.0984  0.0984  0.0000  0.0296  -0.0296  0.1141
8.2844  0.0000  -0.1851  0.1851  0.0000  0.0280  -0.0280  0.1218
8.2968  0.0000  -0.2776  0.2776  0.0000  0.0256  -0.0256  0.1606
8.3102  0.0000  -0.1028  0.1028  0.0000  0.0230  -0.0230  -0.1839
8.3231  0.0000  0.0088  -0.0088  0.0000  0.0214  -0.0214  -0.1469
8.3353  0.0000  0.0397  -0.0397  0.0000  0.0213  -0.0213  -0.0806
8.3493  0.0000  0.0044  -0.0044  0.0000  0.0224  -0.0224  -0.0023
8.3659  0.0000  -0.1645  0.1645  0.0000  0.0222  -0.0222  0.1784
8.3795  0.0000  -0.2365  0.2365  0.0000  0.0193  -0.0193  0.1151
8.3917  0.0000  -0.3334  0.3334  0.0000  0.0155  -0.0155  0.2023
8.4074  0.0000  -0.2262  0.2262  0.0000  0.0111  -0.0111  -0.0458
8.4213  0.0000  -0.1704  0.1704  0.0000  0.0076  -0.0076  0.0046
8.4363  0.0000  -0.0264  0.0264  0.0000  0.0061  -0.0061  -0.1277
8.4481  0.0000  0.1572  -0.1572  0.0000  0.0064  -0.0064  -0.2473
8.4617  0.0000  0.0073  -0.0073  0.0000  0.0076  -0.0076  0.1442
8.4744  0.0000  -0.1028  0.1028  0.0000  0.0083  -0.0083  0.1290
8.4888  0.0000  0.0705  -0.0705  0.0000  0.0074  -0.0074  -0.2108
8.5023  0.0000  0.1748  -0.1748  0.0000  0.0085  -0.0085  -0.1713
8.5154  0.0000  0.1292  -0.1292  0.0000  0.0112  -0.0112  -0.0170
8.5289  0.0000  0.2232  -0.2232  0.0000  0.0141  -0.0141  -0.1972
8.5411  0.0000  0.2952  -0.2952  0.0000  0.0174  -0.0174  -0.2089
8.5532  0.0000  0.3686  -0.3686  0.0000  0.0212  -0.0212  -0.2512
8.5653  0.0000  0.3011  -0.3011  0.0000  0.0252  -0.0252  -0.0793
8.5794  0.0000  0.1395  -0.1395  0.0000  0.0283  -0.0283  0.0647
8.5939  0.0000  0.0338  -0.0338  0.0000  0.0294  -0.0294  0.0320
8.6069  0.0000  -0.1660  0.1660  0.0000  0.0291  -0.0291  0.2111
8.6205  0.0000  -0.1498  0.1498  0.0000  0.0269  -0.0269  -0.0040
8.6328  0.0000  -0.1160  0.1160  0.0000  0.0253  -0.0253  -0.0303
8.6464  0.0000  -0.1292  0.1292  0.0000  0.0244  -0.0244  0.0235
8.6599  0.0000  -0.0044  0.0044  0.0000  0.0237  -0.0237  -0.1541
8.6839  0.0000  -0.0558  0.0558  0.0000  0.0231  -0.0231  0.0216
8.6977  0.0000  -0.0308  0.0308  0.0000  0.0213  -0.0213  -0.0390
8.7118  0.0000  0.0690  -0.0690  0.0000  0.0206  -0.0206  -0.1462
8.7255  0.0000  -0.0015  0.0015  0.0000  0.0209  -0.0209  0.0385
8.7399  0.0000  0.0676  -0.0676  0.0000  0.0213  -0.0213  -0.1245
8.7523  0.0000  0.0426  -0.0426  0.0000  0.0219  -0.0219  -0.0271
8.7646  0.0000  0.1983  -0.1983  0.0000  0.0223  -0.0223  -0.2713
8.7788  0.0000  0.1439  -0.1439  0.0000  0.0235  -0.0235  -0.0330
8.7919  0.0000  -0.0470  0.0470  0.0000  0.0241  -0.0241  0.1561
8.8043  0.0000  -0.1454  0.1454  0.0000  0.0228  -0.0228  0.1167
8.8175  0.0000  -0.2805  0.2805  0.0000  0.0203  -0.0203  0.2057
8.8324  0.0000  -0.1792  0.1792  0.0000  0.0164  -0.0164  -0.0567
8.8475  0.0000  -0.1821  0.1821  0.0000  0.0133  -0.0133  0.0492
8.8620  0.0000  -0.1337  0.1337  0.0000  0.0117  -0.0117  -0.0121
8.8753  0.0000  0.0015  -0.0015  0.0000  0.0105  -0.0105  -0.1411
8.8888  0.0000  -0.0029  0.0029  0.0000  0.0105  -0.0105  -0.0115
8.9023  0.0000  -0.0015  0.0015  0.0000  0.0108  -0.0108  -0.0182
8.9151  0.0000  0.0352  -0.0352  0.0000  0.0115  -0.0115  -0.0695
8.9288  0.0000  0.0749  -0.0749  0.0000  0.0122  -0.0122  -0.0857
8.9420  0.0000  0.0499  -0.0499  0.0000  0.0128  -0.0128  -0.0141
8.9566  0.0000  0.0073  -0.0073  0.0000  0.0128  -0.0128  0.0213
8.9694  0.0000  -0.0632  0.0632  0.0000  0.0130  -0.0130  0.0639
8.9832  0.0000  -0.0837  0.0837  0.0000  0.0124  -0.0124  0.0313
8.9999  0.0000  -0.0397  0.0397  0.0000  0.0120  -0.0120  -0.0420
9.0163  0.0000  -0.1013  0.1013  0.0000  0.0110  -0.0110  0.0716
9.0386  0.0000  -0.0323  0.0323  0.0000  0.0079  -0.0079  0.0000
9.0500  0.0000  -0.1381  0.1381  0.0000  0.0062  -0.0062  0.0000
9.0603  0.0000  -0.1733  0.1733  0.0000  0.0053  -0.0053  0.0000
9.0705  0.0000  0.0000  0.0000  0.0000  0.0038  -0.0038  0.0000
9.0818  0.0000  -0.1601  0.1601  0.0000  0.0031  -0.0031  0.0000
9.0926  0.0000  -0.1410  0.1410  0.0000  0.0014  -0.0014  0.0000
9.1038  0.0000  -0.0147  0.0147  0.0000  -0.0002  0.0002  0.0000
9.1144  0.0000  -0.1116  0.1116  0.0000  -0.0011  0.0011  0.0000
9.1250  0.0000  -0.0911  0.0911  0.0000  -0.0021  0.0021  0.0000
9.1358  0.0000  -0.1542  0.1542  0.0000  -0.0033  0.0033  0.0000
9.1462  0.0000  -0.0969  0.0969  0.0000  -0.0045  0.0045  0.0000
9.1561  0.0000  -0.0558  0.0558  0.0000  -0.0053  0.0053  0.0000
9.1663  0.0000  -0.0955  0.0955  0.0000  -0.0055  0.0055  0.0000
9.1815  0.0000  -0.0485  0.0485  0.0000  -0.0062  0.0062  0.0000
9.1942  0.0000  -0.0059  0.0059  0.0000  -0.0071  0.0071  0.0000
9.2065  0.0000  -0.0602  0.0602  0.0000  -0.0078  0.0078  0.0000
9.2158  0.0000  -0.0720  0.0720  0.0000  -0.0083  0.0083  0.0000
9.2259  0.0000  -0.0191  0.0191  0.0000  -0.0089  0.0089  0.0000
9.2360  0.0000  -0.0382  0.0382  0.0000  -0.0093  0.0093  0.0000
9.2462  0.0000  -0.0720  0.0720  0.0000  -0.0097  0.0097  0.0000
9.2561  0.0000  -0.0837  0.0837  0.0000  -0.0102  0.0102  0.0000
9.2661  0.0000  -0.0940  0.0940  0.0000  -0.0108  0.0108  0.0000
9.2761  0.0000  -0.0485  0.0485  0.0000  -0.0118  0.0118  0.0000
9.2863  0.0000  0.0323  -0.0323  0.0000  -0.0122  0.0122  0.0000
9.2965  0.0000  -0.0881  0.0881  0.0000  -0.0122  0.0122  0.0000
9.3070  0.0000  -0.0867  0.0867  0.0000  -0.0132  0.0132  0.0000
9.3174  0.0000  -0.0837  0.0837  0.0000  -0.0140  0.0140  0.0000
9.3272  0.0000  -0.0999  0.0999  0.0000  -0.0150  0.0150  0.0000
9.3372  0.0000  -0.0911  0.0911  0.0000  -0.0157  0.0157  0.0000
9.3480  0.0000  -0.0940  0.0940  0.0000  -0.0161  0.0161  0.0000
9.3604  0.0000  -0.0911  0.0911  0.0000  -0.0168  0.0168  0.0000
9.3720  0.0000  -0.1102  0.1102  0.0000  -0.0182  0.0182  0.0000
9.3869  0.0000  -0.1381  0.1381  0.0000  -0.0197  0.0197  0.0000
9.3975  0.0000  -0.0955  0.0955  0.0000  -0.0213  0.0213  0.0000
9.4080  0.0000  -0.0867  0.0867  0.0000  -0.0219  0.0219  0.0000
9.4188  0.0000  -0.0382  0.0382  0.0000  -0.0227  0.0227  0.0000
9.4327  0.0000  -0.0837  0.0837  0.0000  -0.0233  0.0233  0.0000
9.4438  0.0000  -0.0470  0.0470  0.0000  -0.0242  0.0242  0.0000
9.4539  0.0000  -0.0632  0.0632  0.0000  -0.0249  0.0249  0.0000
9.4639  0.0000  -0.0632  0.0632  0.0000  -0.0257  0.0257  0.0000
9.4738  0.0000  -0.0132  0.0132  0.0000  -0.0260  0.0260  0.0000
9.4838  0.0000  0.0088  -0.0088  0.0000  -0.0260  0.0260  0.0000
9.4938  0.0000  0.0206  -0.0206  0.0000  -0.0259  0.0259  0.0000
9.5038  0.0000  0.0543  -0.0543  0.0000  -0.0256  0.0256  0.0000
9.5136  0.0000  0.0397  -0.0397  0.0000  -0.0252  0.0252  0.0000
9.5234  0.0000  0.0514  -0.0514  0.0000  -0.0248  0.0248  0.0000
9.5337  0.0000  -0.0103  0.0103  0.0000  -0.0243  0.0243  0.0000
9.5506  0.0000  0.0132  -0.0132  0.0000  -0.0243  0.0243  0.0000
9.5603  0.0000  0.0397  -0.0397  0.0000  -0.0240  0.0240  0.0000
9.5703  0.0000  0.0279  -0.0279  0.0000  -0.0236  0.0236  0.0000
9.5797  0.0000  0.0426  -0.0426  0.0000  -0.0233  0.0233  0.0000
9.5903  0.0000  0.0676  -0.0676  0.0000  -0.0228  0.0228  0.0000
9.6010  0.0000  0.0661  -0.0661  0.0000  -0.0220  0.0220  0.0000
9.6120  0.0000  0.0999  -0.0999  0.0000  -0.0213  0.0213  0.0000
9.6224  0.0000  0.0822  -0.0822  0.0000  -0.0202  0.0202  0.0000
9.6330  0.0000  0.0529  -0.0529  0.0000  -0.0194  0.0194  0.0000
9.6433  0.0000  0.0529  -0.0529  0.0000  -0.0189  0.0189  0.0000
9.6524  0.0000  0.0470  -0.0470  0.0000  -0.0183  0.0183  0.0000
9.6630  0.0000  0.0352  -0.0352  0.0000  -0.0178  0.0178  0.0000
9.6750  0.0000  0.0308  -0.0308  0.0000  -0.0174  0.0174  0.0000
9.6906  0.0000  0.0176  -0.0176  0.0000  -0.0170  0.0170  0.0000
9.7041  0.0000  -0.0029  0.0029  0.0000  -0.0168  0.0168  0.0000
9.7152  0.0000  -0.0323  0.0323  0.0000  -0.0168  0.0168  0.0000
9.7258  0.0000  -0.0250  0.0250  0.0000  -0.0172  0.0172  0.0000
9.7362  0.0000  -0.0411  0.0411  0.0000  -0.0174  0.0174  0.0000
9.7471  0.0000  -0.0485  0.0485  0.0000  -0.0178  0.0178  0.0000
9.7577  0.0000  -0.0455  0.0455  0.0000  -0.0184  0.0184  0.0000
9.7684  0.0000  -0.0411  0.0411  0.0000  -0.0189  0.0189  0.0000
9.7789  0.0000  -0.0411  0.0411  0.0000  -0.0193  0.0193  0.0000
9.7909  0.0000  -0.0499  0.0499  0.0000  -0.0197  0.0197  0.0000
9.8015  0.0000  -0.0632  0.0632  0.0000  -0.0204  0.0204  0.0000
9.8115  0.0000  -0.0632  0.0632  0.0000  -0.0210  0.0210  0.0000
9.8215  0.0000  -0.0573  0.0573  0.0000  -0.0216  0.0216  0.0000
9.8314  0.0000  -0.0485  0.0485  0.0000  -0.0223  0.0223  0.0000
9.8415  0.0000  -0.0411  0.0411  0.0000  -0.0228  0.0228  0.0000
9.8515  0.0000  -0.0264  0.0264  0.0000  -0.0231  0.0231  0.0000
9.8615  0.0000  -0.0220  0.0220  0.0000  -0.0234  0.0234  0.0000
9.8714  0.0000  -0.0132  0.0132  0.0000  -0.0236  0.0236  0.0000
9.8816  0.0000  -0.0147  0.0147  0.0000  -0.0238  0.0238  0.0000
9.8925  0.0000  -0.0117  0.0117  0.0000  -0.0240  0.0240  0.0000
9.9027  0.0000  -0.0044  0.0044  0.0000  -0.0240  0.0240  0.0000
9.9132  0.0000  -0.0015  0.0015  0.0000  -0.0241  0.0241  0.0000
9.9238  0.0000  0.0088  -0.0088  0.0000  -0.0240  0.0240  0.0000
9.9349  0.0000  0.0162  -0.0162  0.0000  -0.0240  0.0240  0.0000
9.9490  0.0000  0.0147  -0.0147  0.0000  -0.0238  0.0238  0.0000
9.9592  0.0000  0.0117  -0.0117  0.0000  -0.0238  0.0238  0.0000
9.9697  0.0000  0.0073  -0.0073  0.0000  -0.0236  0.0236  0.0000
9.9800  0.0000  -0.0015  0.0015  0.0000  -0.0236  0.0236  0.0000
9.9905  0.0000  -0.0015  0.0015  0.0000  -0.0235  0.0235  0.0000
10.0010  0.0000  -0.0044  0.0044  0.0000  -0.0236  0.0236  0.0000
10.0114  0.0000  -0.0015  0.0015  0.0000  -0.0237  0.0237  0.0000
10.0221  0.0000  -0.0015  0.0015  0.0000  -0.0237  0.0237  0.0000
10.0333  0.0000  0.0000  0.0000  0.0000  -0.0237  0.0237  0.0000
10.0437  0.0000  -0.0015  0.0015  0.0000  -0.0238  0.0238  0.0000
10.0604  0.0000  0.0000  0.0000  0.0000  -0.0238  0.0238  0.0000
10.0702  0.0000  0.0059  -0.0059  0.0000  -0.0237  0.0237  0.0000
10.0802  0.0000  0.0044  -0.0044  0.0000  -0.0237  0.0237  0.0000
10.0908  0.0000  0.0000  0.0000  0.0000  -0.0237  0.0237  0.0000
10.1007  0.0000  0.0015  -0.0015  0.0000  -0.0236  0.0236  0.0000
10.1113  0.0000  -0.0015  0.0015  0.0000  -0.0236  0.0236  0.0000
10.1214  0.0000  0.0000  0.0000  0.0000  -0.0236  0.0236  0.0000
10.1312  0.0000  -0.0015  0.0015  0.0000  -0.0236  0.0236  0.0000
10.1413  0.0000  0.0000  0.0000  0.0000  -0.0236  0.0236  0.0000
10.1517  0.0000  -0.0029  0.0029  0.0000  -0.0236  0.0236  0.0000
10.1617  0.0000  0.0000  0.0000  0.0000  -0.0236  0.0236  0.0000
10.1716  0.0000  -0.0015  0.0015  0.0000  -0.0237  0.0237  0.0000
10.1826  0.0000  0.0029  -0.0029  0.0000  -0.0236  0.0236  0.0000
10.1953  0.0000  0.0029  -0.0029  0.0000  -0.0236  0.0236  0.0000
10.2079  0.0000  0.0000  0.0000  0.0000  -0.0236  0.0236  0.0000
10.2186  0.0000  0.0029  -0.0029  0.0000  -0.0236  0.0236  0.0000
10.2289  0.0000  0.0000  0.0000  0.0000  -0.0236  0.0236  0.0000
10.2395  0.0000  -0.0015  0.0015  0.0000  -0.0236  0.0236  0.0000
10.2523  0.0000  0.0000  0.0000  0.0000  -0.0236  0.0236  0.0000
10.2629  0.0000  -0.0015  0.0015  0.0000  -0.0236  0.0236  0.0000
10.2749  0.0000  -0.0015  0.0015  0.0000  -0.0236  0.0236  0.0000
10.2859  0.0000  -0.0015  0.0015  0.0000  -0.0236  0.0236  0.0000
10.2966  0.0000  0.0029  -0.0029  0.0000  -0.0236  0.0236  0.0000
10.3075  0.0000  0.0000  0.0000  0.0000  -0.0236  0.0236  0.0000
10.3182  0.0000  -0.0015  0.0015  0.0000  -0.0235  0.0235  0.0000
10.3292  0.0000  0.0015  -0.0015  0.0000  -0.0235  0.0235  0.0000
10.3399  0.0000  -0.0015  0.0015  0.0000  -0.0236  0.0236  0.0000
10.3519  0.0000  0.0000  0.0000  0.0000  -0.0235  0.0235  0.0000
10.3630  0.0000  -0.0015  0.0015  0.0000  -0.0236  0.0236  0.0000
10.3726  0.0000  -0.0015  0.0015  0.0000  -0.0236  0.0236  0.0000
10.3835  0.0000  0.0000  0.0000  0.0000  -0.0236  0.0236  0.0000
10.3921  0.0000  0.0044  -0.0044  0.0000  -0.0236  0.0236  0.0000
10.4029  0.0000  -0.0015  0.0015  0.0000  -0.0236  0.0236  0.0000
10.4125  0.0000  -0.0015  0.0015  0.0000  -0.0236  0.0236  0.0000
10.4240  0.0000  0.0029  -0.0029  0.0000  -0.0236  0.0236  0.0000
10.4342  0.0000  0.0015  -0.0015  0.0000  -0.0235  0.0235  0.0000
10.4452  0.0000  0.0044  -0.0044  0.0000  -0.0235  0.0235  0.0000
10.4568  0.0000  -0.0015  0.0015  0.0000  -0.0235  0.0235  0.0000
10.4693  0.0000  0.0000  0.0000  0.0000  -0.0235  0.0235  0.0000
10.4809  0.0000  -0.0015  0.0015  0.0000  -0.0236  0.0236  0.0000
10.4917  0.0000  0.0000  0.0000  0.0000  -0.0236  0.0236  0.0000
10.5025  0.0000  -0.0015  0.0015  0.0000  -0.0236  0.0236  0.0000
10.5141  0.0000  0.0015  -0.0015  0.0000  -0.0236  0.0236  0.0000
10.5250  0.0000  0.0000  0.0000  0.0000  -0.0236  0.0236  0.0000
10.5359  0.0000  -0.0015  0.0015  0.0000  -0.0235  0.0235  0.0000
10.5468  0.0000  0.0000  0.0000  0.0000  -0.0235  0.0235  0.0000
10.5629  0.0000  0.0015  -0.0015  0.0000  -0.0236  0.0236  0.0000
10.5726  0.0000  -0.0015  0.0015  0.0000  -0.0236  0.0236  0.0000
10.5834  0.0000  -0.0015  0.0015  0.0000  -0.0236  0.0236  0.0000
10.5950  0.0000  0.0000  0.0000  0.0000  -0.0236  0.0236  0.0000
10.6062  0.0000  -0.0015  0.0015  0.0000  -0.0236  0.0236  0.0000
10.6179  0.0000  0.0000  0.0000  0.0000  -0.0237  0.0237  0.0000
10.6281  0.0000  0.0000  0.0000  0.0000  -0.0236  0.0236  0.0000
10.6391  0.0000  0.0000  0.0000  0.0000  -0.0236  0.0236  0.0000
10.6497  0.0000  -0.0015  0.0015  0.0000  -0.0236  0.0236  0.0000
10.6606  0.0000  0.0044  -0.0044  0.0000  -0.0236  0.0236  0.0000
10.6716  0.0000  0.0000  0.0000  0.0000  -0.0236  0.0236  0.0000
10.6829  0.0000  0.0000  0.0000  0.0000  -0.0236  0.0236  0.0000
10.6924  0.0000  0.0029  -0.0029  0.0000  -0.0236  0.0236  0.0000
10.7146  0.0000  -0.0015  0.0015  0.0000  -0.0236  0.0236  0.0000
10.7270  0.0000  0.0000  0.0000  0.0000  -0.0237  0.0237  0.0000
10.7376  0.0000  0.0000  0.0000  0.0000  -0.0237  0.0237  0.0000
10.7493  0.0000  -0.0015  0.0015  0.0000  -0.0237  0.0237  0.0000
10.7604  0.0000  -0.0015  0.0015  0.0000  -0.0236  0.0236  0.0000
10.7716  0.0000  0.0000  0.0000  0.0000  -0.0236  0.0236  0.0000
10.7829  0.0000  -0.0015  0.0015  0.0000  -0.0236  0.0236  0.0000
10.7932  0.0000  -0.0015  0.0015  0.0000  -0.0236  0.0236  0.0000
10.8040  0.0000  0.0000  0.0000  0.0000  -0.0236  0.0236  0.0000
10.8146  0.0000  0.0000  0.0000  0.0000  -0.0237  0.0237  0.0000
10.8250  0.0000  -0.0059  0.0059  0.0000  -0.0237  0.0237  0.0000
10.8354  0.0000  0.0000  0.0000  0.0000  -0.0237  0.0237  0.0000
10.8460  0.0000  -0.0015  0.0015  0.0000  -0.0237  0.0237  0.0000
10.8562  0.0000  0.0000  0.0000  0.0000  -0.0237  0.0237  0.0000
10.8672  0.0000  0.0000  0.0000  0.0000  -0.0237  0.0237  0.0000
10.8779  0.0000  -0.0015  0.0015  0.0000  -0.0237  0.0237  0.0000
10.8890  0.0000  0.0015  -0.0015  0.0000  -0.0237  0.0237  0.0000
10.8999  0.0000  0.0015  -0.0015  0.0000  -0.0237  0.0237  0.0000
10.9110  0.0000  0.0000  0.0000  0.0000  -0.0237  0.0237  0.0000
10.9221  0.0000  0.0000  0.0000  0.0000  -0.0237  0.0237  0.0000
10.9342  0.0000  0.0000  0.0000  0.0000  -0.0237  0.0237  0.0000
10.9466  0.0000  0.0015  -0.0015  0.0000  -0.0236  0.0236  0.0000
10.9597  0.0000  0.0000  0.0000  0.0000  -0.0237  0.0237  0.0000
10.9705  0.0000  -0.0015  0.0015  0.0000  -0.0236  0.0236  0.0000
10.9808  0.0000  -0.0015  0.0015  0.0000  -0.0237  0.0237  0.0000
10.9917  0.0000  -0.0029  0.0029  0.0000  -0.0237  0.0237  0.0000
11.0018  0.0000  0.0000  0.0000  0.0000  -0.0236  0.0236  0.0000
11.0120  0.0000  -0.0015  0.0015  0.0000  -0.0237  0.0237  0.0000
11.0223  0.0000  0.0015  -0.0015  0.0000  -0.0237  0.0237  0.0000
11.0324  0.0000  0.0000  0.0000  0.0000  -0.0237  0.0237  0.0000
11.0425  0.0000  0.0000  0.0000  0.0000  -0.0237  0.0237  0.0000
11.0530  0.0000  0.0029  -0.0029  0.0000  -0.0237  0.0237  0.0000
11.0700  0.0000  -0.0015  0.0015  0.0000  -0.0237  0.0237  0.0000
11.0795  0.0000  -0.0015  0.0015  0.0000  -0.0237  0.0237  0.0000
11.0919  0.0000  0.0000  0.0000  0.0000  -0.0237  0.0237  0.0000
11.1069  0.0000  -0.0015  0.0015  0.0000  -0.0237  0.0237  0.0000
11.1183  0.0000  -0.0015  0.0015  0.0000  -0.0237  0.0237  0.0000
11.1316  0.0000  0.0000  0.0000  0.0000  -0.0237  0.0237  0.0000
11.1425  0.0000  0.0000  0.0000  0.0000  -0.0237  0.0237  0.0000
11.1541  0.0000  -0.0015  0.0015  0.0000  -0.0236  0.0236  0.0000
11.1646  0.0000  0.0000  0.0000  0.0000  -0.0236  0.0236  0.0000
11.1744  0.0000  0.0015  -0.0015  0.0000  -0.0236  0.0236  0.0000
11.1861  0.0000  0.0000  0.0000  0.0000  -0.0236  0.0236  0.0000
11.1961  0.0000  0.0000  0.0000  0.0000  -0.0236  0.0236  0.0000
11.2066  0.0000  0.0000  0.0000  0.0000  -0.0237  0.0237  0.0000
11.2220  0.0000  0.0000  0.0000  0.0000  -0.0237  0.0237  0.0000
11.2310  0.0000  0.0000  0.0000  0.0000  -0.0236  0.0236  0.0000
11.2414  0.0000  -0.0015  0.0015  0.0000  -0.0236  0.0236  0.0000
11.2519  0.0000  -0.0015  0.0015  0.0000  -0.0236  0.0236  0.0000
11.2625  0.0000  0.0000  0.0000  0.0000  -0.0237  0.0237  0.0000
11.2730  0.0000  0.0000  0.0000  0.0000  -0.0236  0.0236  0.0000
11.2835  0.0000  0.0000  0.0000  0.0000  -0.0236  0.0236  0.0000
11.2941  0.0000  0.0000  0.0000  0.0000  -0.0236  0.0236  0.0000
11.3054  0.0000  -0.0015  0.0015  0.0000  -0.0236  0.0236  0.0000
11.3163  0.0000  0.0044  -0.0044  0.0000  -0.0236  0.0236  0.0000
11.3274  0.0000  -0.0015  0.0015  0.0000  -0.0236  0.0236  0.0000
11.3377  0.0000  0.0000  0.0000  0.0000  -0.0236  0.0236  0.0000
11.3485  0.0000  0.0000  0.0000  0.0000  -0.0236  0.0236  0.0000
11.3589  0.0000  0.0044  -0.0044  0.0000  -0.0236  0.0236  0.0000
11.3696  0.0000  0.0000  0.0000  0.0000  -0.0236  0.0236  0.0000
11.3802  0.0000  0.0000  0.0000  0.0000  -0.0236  0.0236  0.0000
11.3910  0.0000  -0.0015  0.0015  0.0000  -0.0236  0.0236  0.0000
11.4017  0.0000  -0.0015  0.0015  0.0000  -0.0236  0.0236  0.0000
11.4118  0.0000  0.0044  -0.0044  0.0000  -0.0236  0.0236  0.0000
11.4231  0.0000  0.0015  -0.0015  0.0000  -0.0236  0.0236  0.0000
11.4356  0.0000  -0.0015  0.0015  0.0000  -0.0236  0.0236  0.0000
11.4467  0.0000  -0.0015  0.0015  0.0000  -0.0236  0.0236  0.0000
11.4585  0.0000  -0.0015  0.0015  0.0000  -0.0236  0.0236  0.0000
11.4686  0.0000  -0.0015  0.0015  0.0000  -0.0236  0.0236  0.0000
11.4812  0.0000  -0.0015  0.0015  0.0000  -0.0235  0.0235  0.0000
11.4924  0.0000  0.0000  0.0000  0.0000  -0.0235  0.0235  0.0000
11.5029  0.0000  0.0044  -0.0044  0.0000  -0.0236  0.0236  0.0000
11.5133  0.0000  0.0000  0.0000  0.0000  -0.0235  0.0235  0.0000
11.5241  0.0000  0.0000  0.0000  0.0000  -0.0236  0.0236  0.0000
11.5348  0.0000  0.0044  -0.0044  0.0000  -0.0236  0.0236  0.0000
11.5461  0.0000  0.0000  0.0000  0.0000  -0.0236  0.0236  0.0000
11.5572  0.0000  -0.0044  0.0044  0.0000  -0.0235  0.0235  0.0000
11.5749  0.0000  0.0000  0.0000  0.0000  -0.0235  0.0235  0.0000
11.5862  0.0000  0.0000  0.0000  0.0000  -0.0235  0.0235  0.0000
11.5983  0.0000  -0.0015  0.0015  0.0000  -0.0236  0.0236  0.0000
11.6095  0.0000  -0.0015  0.0015  0.0000  -0.0236  0.0236  0.0000
11.6212  0.0000  -0.0015  0.0015  0.0000  -0.0236  0.0236  0.0000
11.6322  0.0000  -0.0015  0.0015  0.0000  -0.0235  0.0235  0.0000
11.6435  0.0000  0.0000  0.0000  0.0000  -0.0236  0.0236  0.0000
11.6543  0.0000  0.0000  0.0000  0.0000  -0.0235  0.0235  0.0000
11.6650  0.0000  0.0000  0.0000  0.0000  -0.0236  0.0236  0.0000
11.6758  0.0000  -0.0015  0.0015  0.0000  -0.0236  0.0236  0.0000
11.6868  0.0000  -0.0029  0.0029  0.0000  -0.0235  0.0235  0.0000
11.6977  0.0000  -0.0015  0.0015  0.0000  -0.0235  0.0235  0.0000
11.7103  0.0000  0.0000  0.0000  0.0000  -0.0235  0.0235  0.0000
11.7277  0.0000  -0.0015  0.0015  0.0000  -0.0235  0.0235  0.0000
11.7391  0.0000  0.0000  0.0000  0.0000  -0.0236  0.0236  0.0000
11.7503  0.0000  0.0000  0.0000  0.0000  -0.0236  0.0236  0.0000
11.7615  0.0000  -0.0015  0.0015  0.0000  -0.0236  0.0236  0.0000
11.7726  0.0000  0.0000  0.0000  0.0000  -0.0236  0.0236  0.0000
11.7824  0.0000  0.0044  -0.0044  0.0000  -0.0236  0.0236  0.0000
11.7933  0.0000  -0.0015  0.0015  0.0000  -0.0235  0.0235  0.0000
11.8047  0.0000  0.0029  -0.0029  0.0000  -0.0235  0.0235  0.0000
11.8146  0.0000  -0.0015  0.0015  0.0000  -0.0235  0.0235  0.0000
11.8255  0.0000  0.0015  -0.0015  0.0000  -0.0235  0.0235  0.0000
11.8351  0.0000  0.0000  0.0000  0.0000  -0.0235  0.0235  0.0000
11.8461  0.0000  0.0029  -0.0029  0.0000  -0.0235  0.0235  0.0000
11.8573  0.0000  0.0015  -0.0015  0.0000  -0.0235  0.0235  0.0000
11.8684  0.0000  0.0000  0.0000  0.0000  -0.0235  0.0235  0.0000
11.8792  0.0000  0.0044  -0.0044  0.0000  -0.0235  0.0235  0.0000
11.8901  0.0000  0.0015  -0.0015  0.0000  -0.0235  0.0235  0.0000
11.9010  0.0000  0.0073  -0.0073  0.0000  -0.0235  0.0235  0.0000
11.9116  0.0000  0.0000  0.0000  0.0000  -0.0235  0.0235  0.0000
11.9224  0.0000  0.0000  0.0000  0.0000  -0.0235  0.0235  0.0000
11.9331  0.0000  -0.0015  0.0015  0.0000  -0.0235  0.0235  0.0000
11.9430  0.0000  -0.0015  0.0015  0.0000  -0.0235  0.0235  0.0000
11.9560  0.0000  -0.0015  0.0015  0.0000  -0.0235  0.0235  0.0000
11.9676  0.0000  0.0000  0.0000  0.0000  -0.0235  0.0235  0.0000
11.9825  0.0000  0.0029  -0.0029  0.0000  -0.0235  0.0235  0.0000
11.9937  0.0000  -0.0015  0.0015  0.0000  -0.0235  0.0235  0.0000
12.0058  0.0000  0.0000  0.0000  0.0000  -0.0235  0.0235  0.0000
12.0162  0.0000  0.0000  0.0000  0.0000  -0.0235  0.0235  0.0000
12.0252  0.0000  0.0000  0.0000  0.0000  -0.0234  0.0234  0.0000
12.0353  0.0000  -0.0015  0.0015  0.0000  -0.0234  0.0234  0.0000
12.0466  0.0000  0.0000  0.0000  0.0000  -0.0234  0.0234  0.0000
12.0567  0.0000  0.0073  -0.0073  0.0000  -0.0234  0.0234  0.0000
12.0670  0.0000  0.0000  0.0000  0.0000  -0.0234  0.0234  0.0000
12.0837  0.0000  0.0015  -0.0015  0.0000  -0.0234  0.0234  0.0000
12.0943  0.0000  0.0000  0.0000  0.0000  -0.0234  0.0234  0.0000
12.1040  0.0000  0.0000  0.0000  0.0000  -0.0234  0.0234  0.0000
12.1137  0.0000  0.0015  -0.0015  0.0000  -0.0235  0.0235  0.0000
12.1243  0.0000  0.0015  -0.0015  0.0000  -0.0234  0.0234  0.0000
12.1338  0.0000  -0.0015  0.0015  0.0000  -0.0234  0.0234  0.0000
12.1434  0.0000  -0.0015  0.0015  0.0000  -0.0234  0.0234  0.0000
12.1529  0.0000  -0.0015  0.0015  0.0000  -0.0234  0.0234  0.0000
12.1625  0.0000  -0.0015  0.0015  0.0000  -0.0234  0.0234  0.0000
12.1721  0.0000  0.0000  0.0000  0.0000  -0.0234  0.0234  0.0000
12.1816  0.0000  -0.0015  0.0015  0.0000  -0.0234  0.0234  0.0000
12.1922  0.0000  0.0000  0.0000  0.0000  -0.0234  0.0234  0.0000
12.2018  0.0000  0.0015  -0.0015  0.0000  -0.0234  0.0234  0.0000
12.2124  0.0000  0.0000  0.0000  0.0000  -0.0234  0.0234  0.0000
12.2222  0.0000  0.0000  0.0000  0.0000  -0.0234  0.0234  0.0000
12.2365  0.0000  0.0000  0.0000  0.0000  -0.0234  0.0234  0.0000
12.2457  0.0000  -0.0015  0.0015  0.0000  -0.0235  0.0235  0.0000
12.2556  0.0000  0.0000  0.0000  0.0000  -0.0235  0.0235  0.0000
12.2650  0.0000  0.0000  0.0000  0.0000  -0.0234  0.0234  0.0000
12.2743  0.0000  0.0000  0.0000  0.0000  -0.0234  0.0234  0.0000
12.2838  0.0000  0.0044  -0.0044  0.0000  -0.0234  0.0234  0.0000
12.2932  0.0000  -0.0015  0.0015  0.0000  -0.0234  0.0234  0.0000
12.3027  0.0000  0.0000  0.0000  0.0000  -0.0234  0.0234  0.0000
12.3128  0.0000  0.0000  0.0000  0.0000  -0.0234  0.0234  0.0000
12.3222  0.0000  0.0044  -0.0044  0.0000  -0.0234  0.0234  0.0000
12.3314  0.0000  0.0000  0.0000  0.0000  -0.0234  0.0234  0.0000
12.3405  0.0000  0.0000  0.0000  0.0000  -0.0234  0.0234  0.0000
12.3504  0.0000  -0.0015  0.0015  0.0000  -0.0234  0.0234  0.0000
12.3601  0.0000  0.0029  -0.0029  0.0000  -0.0234  0.0234  0.0000
12.3695  0.0000  0.0000  0.0000  0.0000  -0.0234  0.0234  0.0000
12.3790  0.0000  -0.0015  0.0015  0.0000  -0.0234  0.0234  0.0000
12.3886  0.0000  0.0000  0.0000  0.0000  -0.0234  0.0234  0.0000
12.3981  0.0000  0.0015  -0.0015  0.0000  -0.0235  0.0235  0.0000
12.4075  0.0000  0.0015  -0.0015  0.0000  -0.0235  0.0235  0.0000
12.4173  0.0000  -0.0015  0.0015  0.0000  -0.0235  0.0235  0.0000
12.4274  0.0000  -0.0015  0.0015  0.0000  -0.0235  0.0235  0.0000
12.4373  0.0000  0.0000  0.0000  0.0000  -0.0235  0.0235  0.0000
12.4468  0.0000  0.0000  0.0000  0.0000  -0.0235  0.0235  0.0000
12.4572  0.0000  0.0000  0.0000  0.0000  -0.0235  0.0235  0.0000
12.4673  0.0000  0.0000  0.0000  0.0000  -0.0235  0.0235  0.0000
12.4769  0.0000  0.0000  0.0000  0.0000  -0.0235  0.0235  0.0000
12.4869  0.0000  -0.0015  0.0015  0.0000  -0.0235  0.0235  0.0000
12.4985  0.0000  0.0000  0.0000  0.0000  -0.0235  0.0235  0.0000
12.5083  0.0000  0.0015  -0.0015  0.0000  -0.0235  0.0235  0.0000
12.5184  0.0000  -0.0015  0.0015  0.0000  -0.0235  0.0235  0.0000
12.5292  0.0000  0.0029  -0.0029  0.0000  -0.0234  0.0234  0.0000
12.5396  0.0000  0.0000  0.0000  0.0000  -0.0234  0.0234  0.0000
12.5498  0.0000  0.0000  0.0000  0.0000  -0.0234  0.0234  0.0000
12.5601  0.0000  0.0015  -0.0015  0.0000  -0.0234  0.0234  0.0000
12.5706  0.0000  0.0044  -0.0044  0.0000  -0.0234  0.0234  0.0000
12.5879  0.0000  0.0000  0.0000  0.0000  -0.0234  0.0234  0.0000
12.5989  0.0000  0.0000  0.0000  0.0000  -0.0234  0.0234  0.0000
12.6094  0.0000  -0.0015  0.0015  0.0000  -0.0234  0.0234  0.0000
12.6201  0.0000  0.0000  0.0000  0.0000  -0.0234  0.0234  0.0000
12.6308  0.0000  0.0015  -0.0015  0.0000  -0.0235  0.0235  0.0000
12.6408  0.0000  0.0015  -0.0015  0.0000  -0.0235  0.0235  0.0000
12.6507  0.0000  -0.0015  0.0015  0.0000  -0.0235  0.0235  0.0000
12.6607  0.0000  0.0000  0.0000  0.0000  -0.0235  0.0235  0.0000
12.6715  0.0000  -0.0015  0.0015  0.0000  -0.0234  0.0234  0.0000
12.6819  0.0000  0.0000  0.0000  0.0000  -0.0234  0.0234  0.0000
12.6918  0.0000  0.0000  0.0000  0.0000  -0.0234  0.0234  0.0000
12.7018  0.0000  0.0000  0.0000  0.0000  -0.0234  0.0234  0.0000
12.7139  0.0000  0.0000  0.0000  0.0000  -0.0234  0.0234  0.0000
12.7265  0.0000  -0.0015  0.0015  0.0000  -0.0234  0.0234  0.0000
12.7409  0.0000  0.0000  0.0000  0.0000  -0.0234  0.0234  0.0000
12.7524  0.0000  0.0000  0.0000  0.0000  -0.0235  0.0235  0.0000
12.7622  0.0000  -0.0015  0.0015  0.0000  -0.0235  0.0235  0.0000
12.7724  0.0000  -0.0015  0.0015  0.0000  -0.0235  0.0235  0.0000
12.7862  0.0000  0.0000  0.0000  0.0000  -0.0235  0.0235  0.0000
12.7982  0.0000  -0.0015  0.0015  0.0000  -0.0235  0.0235  0.0000
12.8077  0.0000  -0.0015  0.0015  0.0000  -0.0234  0.0234  0.0000
12.8172  0.0000  -0.0015  0.0015  0.0000  -0.0234  0.0234  0.0000
12.8267  0.0000  -0.0015  0.0015  0.0000  -0.0235  0.0235  0.0000
12.8375  0.0000  0.0044  -0.0044  0.0000  -0.0235  0.0235  0.0000
12.8471  0.0000  0.0029  -0.0029  0.0000  -0.0234  0.0234  0.0000
12.8570  0.0000  0.0000  0.0000  0.0000  -0.0234  0.0234  0.0000
12.8666  0.0000  0.0000  0.0000  0.0000  -0.0234  0.0234  0.0000
12.8760  0.0000  0.0015  -0.0015  0.0000  -0.0235  0.0235  0.0000
12.8859  0.0000  0.0000  0.0000  0.0000  -0.0234  0.0234  0.0000
12.8956  0.0000  0.0044  -0.0044  0.0000  -0.0234  0.0234  0.0000
12.9051  0.0000  0.0000  0.0000  0.0000  -0.0234  0.0234  0.0000
12.9156  0.0000  -0.0015  0.0015  0.0000  -0.0234  0.0234  0.0000
12.9256  0.0000  -0.0015  0.0015  0.0000  -0.0234  0.0234  0.0000
12.9350  0.0000  -0.0015  0.0015  0.0000  -0.0234  0.0234  0.0000
12.9457  0.0000  0.0000  0.0000  0.0000  -0.0234  0.0234  0.0000
12.9558  0.0000  -0.0015  0.0015  0.0000  -0.0234  0.0234  0.0000
12.9672  0.0000  0.0015  -0.0015  0.0000  -0.0234  0.0234  0.0000
12.9784  0.0000  0.0000  0.0000  0.0000  -0.0234  0.0234  0.0000
12.9889  0.0000  -0.0015  0.0015  0.0000  -0.0234  0.0234  0.0000
12.9996  0.0000  0.0000  0.0000  0.0000  -0.0234  0.0234  0.0000
13.0097  0.0000  0.0000  0.0000  0.0000  -0.0234  0.0234  0.0000
13.0197  0.0000  -0.0015  0.0015  0.0000  -0.0234  0.0234  0.0000
13.0291  0.0000  0.0015  -0.0015  0.0000  -0.0234  0.0234  0.0000
13.0393  0.0000  0.0000  0.0000  0.0000  -0.0234  0.0234  0.0000
13.0494  0.0000  -0.0015  0.0015  0.0000  -0.0234  0.0234  0.0000
13.0596  0.0000  -0.0015  0.0015  0.0000  -0.0234  0.0234  0.0000
13.0696  0.0000  0.0000  0.0000  0.0000  -0.0234  0.0234  0.0000
13.0799  0.0000  -0.0015  0.0015  0.0000  -0.0234  0.0234  0.0000
13.0962  0.0000  -0.0029  0.0029  0.0000  -0.0234  0.0234  0.0000
13.1063  0.0000  -0.0015  0.0015  0.0000  -0.0234  0.0234  0.0000
13.1159  0.0000  0.0000  0.0000  0.0000  -0.0235  0.0235  0.0000
13.1259  0.0000  0.0000  0.0000  0.0000  -0.0234  0.0234  0.0000
13.1359  0.0000  0.0000  0.0000  0.0000  -0.0235  0.0235  0.0000
13.1464  0.0000  0.0000  0.0000  0.0000  -0.0235  0.0235  0.0000
13.1559  0.0000  0.0000  0.0000  0.0000  -0.0235  0.0235  0.0000
13.1657  0.0000  0.0000  0.0000  0.0000  -0.0234  0.0234  0.0000
13.1751  0.0000  0.0000  0.0000  0.0000  -0.0234  0.0234  0.0000
13.1855  0.0000  0.0015  -0.0015  0.0000  -0.0234  0.0234  0.0000
13.1961  0.0000  0.0000  0.0000  0.0000  -0.0235  0.0235  0.0000
13.2081  0.0000  -0.0015  0.0015  0.0000  -0.0234  0.0234  0.0000
13.2216  0.0000  -0.0015  0.0015  0.0000  -0.0234  0.0234  0.0000
13.2334  0.0000  0.0000  0.0000  0.0000  -0.0234  0.0234  0.0000
13.2464  0.0000  0.0044  -0.0044  0.0000  -0.0234  0.0234  0.0000
13.2580  0.0000  0.0029  -0.0029  0.0000  -0.0234  0.0234  0.0000
13.2681  0.0000  0.0000  0.0000  0.0000  -0.0234  0.0234  0.0000
13.2786  0.0000  0.0029  -0.0029  0.0000  -0.0234  0.0234  0.0000
13.2897  0.0000  0.0000  0.0000  0.0000  -0.0234  0.0234  0.0000
13.3003  0.0000  0.0000  0.0000  0.0000  -0.0234  0.0234  0.0000
13.3110  0.0000  0.0000  0.0000  0.0000  -0.0234  0.0234  0.0000
13.3217  0.0000  -0.0015  0.0015  0.0000  -0.0234  0.0234  0.0000
13.3324  0.0000  0.0000  0.0000  0.0000  -0.0234  0.0234  0.0000
13.3431  0.0000  -0.0015  0.0015  0.0000  -0.0234  0.0234  0.0000
13.3515  0.0000  -0.0015  0.0015  0.0000  -0.0234  0.0234  0.0000
13.3622  0.0000  0.0000  0.0000  0.0000  -0.0234  0.0234  0.0000
13.3727  0.0000  0.0000  0.0000  0.0000  -0.0234  0.0234  0.0000
13.3833  0.0000  -0.0015  0.0015  0.0000  -0.0234  0.0234  0.0000
13.3940  0.0000  0.0000  0.0000  0.0000  -0.0234  0.0234  0.0000
13.4047  0.0000  0.0000  0.0000  0.0000  -0.0234  0.0234  0.0000
13.4152  0.0000  -0.0015  0.0015  0.0000  -0.0234  0.0234  0.0000
13.4261  0.0000  0.0000  0.0000  0.0000  -0.0234  0.0234  0.0000
13.4371  0.0000  0.0029  -0.0029  0.0000  -0.0234  0.0234  0.0000
13.4489  0.0000  0.0029  -0.0029  0.0000  -0.0234  0.0234  0.0000
13.4600  0.0000  0.0000  0.0000  0.0000  -0.0234  0.0234  0.0000
13.4698  0.0000  0.0044  -0.0044  0.0000  -0.0234  0.0234  0.0000
13.4826  0.0000  -0.0015  0.0015  0.0000  -0.0234  0.0234  0.0000
13.4935  0.0000  0.0000  0.0000  0.0000  -0.0234  0.0234  0.0000
13.5065  0.0000  -0.0015  0.0015  0.0000  -0.0234  0.0234  0.0000
13.5173  0.0000  0.0000  0.0000  0.0000  -0.0234  0.0234  0.0000
13.5278  0.0000  0.0000  0.0000  0.0000  -0.0234  0.0234  0.0000
13.5380  0.0000  0.0000  0.0000  0.0000  -0.0234  0.0234  0.0000
13.5485  0.0000  0.0029  -0.0029  0.0000  -0.0234  0.0234  0.0000
13.5598  0.0000  0.0000  0.0000  0.0000  -0.0234  0.0234  0.0000
13.5710  0.0000  0.0000  0.0000  0.0000  -0.0234  0.0234  0.0000
13.5839  0.0000  -0.0015  0.0015  0.0000  -0.0234  0.0234  0.0000
13.6014  0.0000  0.0000  0.0000  0.0000  -0.0234  0.0234  0.0000
13.6105  0.0000  0.0044  -0.0044  0.0000  -0.0234  0.0234  0.0000
13.6206  0.0000  0.0000  0.0000  0.0000  -0.0234  0.0234  0.0000
13.6297  0.0000  0.0000  0.0000  0.0000  -0.0234  0.0234  0.0000
13.6392  0.0000  0.0029  -0.0029  0.0000  -0.0234  0.0234  0.0000
13.6489  0.0000  -0.0015  0.0015  0.0000  -0.0234  0.0234  0.0000
13.6584  0.0000  -0.0015  0.0015  0.0000  -0.0234  0.0234  0.0000
13.6679  0.0000  0.0044  -0.0044  0.0000  -0.0234  0.0234  0.0000
13.6772  0.0000  0.0029  -0.0029  0.0000  -0.0234  0.0234  0.0000
13.6869  0.0000  0.0000  0.0000  0.0000  -0.0234  0.0234  0.0000
13.6967  0.0000  0.0000  0.0000  0.0000  -0.0234  0.0234  0.0000
13.7067  0.0000  0.0000  0.0000  0.0000  -0.0234  0.0234  0.0000
13.7169  0.0000  -0.0015  0.0015  0.0000  -0.0233  0.0233  0.0000
13.7299  0.0000  0.0000  0.0000  0.0000  -0.0234  0.0234  0.0000
13.7415  0.0000  -0.0015  0.0015  0.0000  -0.0233  0.0233  0.0000
13.7569  0.0000  -0.0015  0.0015  0.0000  -0.0234  0.0234  0.0000
13.7690  0.0000  0.0029  -0.0029  0.0000  -0.0233  0.0233  0.0000
13.7791  0.0000  0.0000  0.0000  0.0000  -0.0233  0.0233  0.0000
13.7893  0.0000  0.0000  0.0000  0.0000  -0.0234  0.0234  0.0000
13.7995  0.0000  0.0000  0.0000  0.0000  -0.0233  0.0233  0.0000
13.8095  0.0000  -0.0015  0.0015  0.0000  -0.0233  0.0233  0.0000
13.8196  0.0000  0.0000  0.0000  0.0000  -0.0233  0.0233  0.0000
13.8296  0.0000  0.0000  0.0000  0.0000  -0.0233  0.0233  0.0000
13.8399  0.0000  0.0000  0.0000  0.0000  -0.0233  0.0233  0.0000
13.8495  0.0000  0.0044  -0.0044  0.0000  -0.0233  0.0233  0.0000
13.8591  0.0000  0.0000  0.0000  0.0000  -0.0233  0.0233  0.0000
13.8701  0.0000  0.0000  0.0000  0.0000  -0.0233  0.0233  0.0000
13.8800  0.0000  0.0015  -0.0015  0.0000  -0.0232  0.0232  0.0000
13.8912  0.0000  0.0000  0.0000  0.0000  -0.0233  0.0233  0.0000
13.9016  0.0000  -0.0015  0.0015  0.0000  -0.0232  0.0232  0.0000
13.9123  0.0000  -0.0015  0.0015  0.0000  -0.0232  0.0232  0.0000
13.9229  0.0000  0.0000  0.0000  0.0000  -0.0232  0.0232  0.0000
13.9335  0.0000  0.0000  0.0000  0.0000  -0.0232  0.0232  0.0000
13.9441  0.0000  0.0000  0.0000  0.0000  -0.0232  0.0232  0.0000
13.9549  0.0000  0.0000  0.0000  0.0000  -0.0233  0.0233  0.0000
13.9663  0.0000  -0.0015  0.0015  0.0000  -0.0232  0.0232  0.0000
13.9790  0.0000  0.0000  0.0000  0.0000  -0.0233  0.0233  0.0000
13.9909  0.0000  0.0000  0.0000  0.0000  -0.0233  0.0233  0.0000
14.0017  0.0000  0.0015  -0.0015  0.0000  -0.0232  0.0232  0.0000
14.0127  0.0000  0.0000  0.0000  0.0000  -0.0232  0.0232  0.0000
14.0229  0.0000  0.0044  -0.0044  0.0000  -0.0233  0.0233  0.0000
14.0390  0.0000  0.0000  0.0000  0.0000  -0.0232  0.0232  0.0000
14.0494  0.0000  0.0000  0.0000  0.0000  -0.0232  0.0232  0.0000
14.0599  0.0000  0.0000  0.0000  0.0000  -0.0232  0.0232  0.0000
14.0705  0.0000  -0.0015  0.0015  0.0000  -0.0232  0.0232  0.0000
14.0814  0.0000  -0.0015  0.0015  0.0000  -0.0232  0.0232  0.0000
14.0924  0.0000  0.0000  0.0000  0.0000  -0.0232  0.0232  0.0000
14.1108  0.0000  -0.0015  0.0015  0.0000  -0.0232  0.0232  0.0000
14.1221  0.0000  0.0015  -0.0015  0.0000  -0.0232  0.0232  0.0000
14.1326  0.0000  0.0044  -0.0044  0.0000  -0.0232  0.0232  0.0000
