0.0288  0.0000  -0.0007  0.0007  0.0000
0.0355  0.0000  -0.0007  0.0007  0.0000
0.0419  0.0000  -0.0008  0.0008  0.0000
0.0496  0.0000  -0.0008  0.0008  0.0000
0.0566  0.0000  -0.0007  0.0007  0.0000
0.0618  0.0000  -0.0007  0.0007  0.0000
0.0684  0.0000  -0.0007  0.0007  0.0000
0.0760  0.0000  -0.0007  0.0007  0.0000
0.0817  0.0000  -0.0007  0.0007  0.0000
0.0874  0.0000  -0.0007  0.0007  0.0000
0.0934  0.0000  -0.0007  0.0007  0.0000
0.0994  0.0000  -0.0007  0.0007  0.0000
0.1051  0.0000  -0.0007  0.0007  0.0000
0.1103  0.0000  -0.0007  0.0007  0.0000
0.1161  0.0000  -0.0007  0.0007  0.0000
0.1217  0.0000  -0.0007  0.0007  0.0000
0.1274  0.0000  -0.0007  0.0007  0.0000
0.1319  0.0000  -0.0007  0.0007  0.0000
0.1371  0.0000  -0.0007  0.0007  0.0000
0.1426  0.0000  -0.0007  0.0007  0.0000
0.1479  0.0000  -0.0007  0.0007  0.0000
0.1532  0.0000  -0.0007  0.0007  0.0000
0.1585  0.0000  -0.0007  0.0007  0.0000
0.1639  0.0000  -0.0007  0.0007  0.0000
0.1693  0.0000  -0.0007  0.0007  0.0000
0.1746  0.0000  -0.0007  0.0007  0.0000
0.1799  0.0000  -0.0006  0.0006  0.0000
0.1851  0.0000  -0.0006  0.0006  0.0000
0.1903  0.0000  -0.0007  0.0007  0.0000
0.1955  0.0000  -0.0006  0.0006  0.0000
0.2006  0.0000  -0.0006  0.0006  0.0000
0.2058  0.0000  -0.0006  0.0006  0.0000
0.2113  0.0000  -0.0007  0.0007  0.0000
0.2165  0.0000  -0.0006  0.0006  0.0000
0.2216  0.0000  -0.0006  0.0006  0.0000
0.2271  0.0000  -0.0006  0.0006  0.0000
0.2327  0.0000  -0.0006  0.0006  0.0000
0.2378  0.0000  -0.0006  0.0006  0.0000
0.2427  0.0000  -0.0006  0.0006  0.0000
0.2477  0.0000  -0.0006  0.0006  0.0000
0.2528  0.0000  -0.0006  0.0006  0.0000
0.2578  0.0000  -0.0006  0.0006  0.0000
0.2629  0.0000  -0.0006  0.0006  0.0000
0.2678  0.0000  -0.0006  0.0006  0.0000
0.2729  0.0000  -0.0006  0.0006  0.0000
0.2782  0.0000  -0.0005  0.0005  0.0000
0.2832  0.0000  -0.0005  0.0005  0.0000
0.2882  0.0000  -0.0005  0.0005  0.0000
0.2935  0.0000  -0.0005  0.0005  0.0000
0.2977  0.0000  -0.0006  0.0006  0.0000
0.3029  0.0000  -0.0005  0.0005  0.0000
0.3080  0.0000  -0.0005  0.0005  0.0000
0.3154  0.0000  -0.0005  0.0005  0.0000
0.3227  0.0000  -0.0006  0.0006  0.0000
0.3288  0.0000  -0.0005  0.0005  0.0000
0.3348  0.0000  -0.0005  0.0005  0.0000
0.3401  0.0000  -0.0005  0.0005  0.0000
0.3454  0.0000  -0.0005  0.0005  0.0000
0.3520  0.0000  -0.0005  0.0005  0.0000
0.3574  0.0000  -0.0005  0.0005  0.0000
0.3628  0.0000  -0.0005  0.0005  0.0000
0.3681  0.0000  -0.0005  0.0005  0.0000
0.3735  0.0000  -0.0005  0.0005  0.0000
0.3788  0.0000  -0.0005  0.0005  0.0000
0.3840  0.0000  -0.0005  0.0005  0.0000
0.3894  0.0000  -0.0005  0.0005  0.0000
0.3946  0.0000  -0.0005  0.0005  0.0000
0.4001  0.0000  -0.0005  0.0005  0.0000
0.4052  0.0000  -0.0005  0.0005  0.0000
0.4106  0.0000  -0.0005  0.0005  0.0000
0.4160  0.0000  -0.0005  0.0005  0.0000
0.4213  0.0000  -0.0005  0.0005  0.0000
0.4266  0.0000  -0.0005  0.0005  0.0000
0.4319  0.0000  -0.0005  0.0005  0.0000
0.4372  0.0000  -0.0005  0.0005  0.0000
0.4426  0.0000  -0.0005  0.0005  0.0000
0.4481  0.0000  -0.0005  0.0005  0.0000
0.4540  0.0000  -0.0005  0.0005  0.0000
0.4591  0.0000  -0.0005  0.0005  0.0000
0.4644  0.0000  -0.0005  0.0005  0.0000
0.4702  0.0000  -0.0005  0.0005  0.0000
0.4757  0.0000  -0.0005  0.0005  0.0000
0.4813  0.0000  -0.0005  0.0005  0.0000
0.4870  0.0000  -0.0005  0.0005  0.0000
0.4919  0.0000  -0.0005  0.0005  0.0000
0.4980  0.0000  -0.0005  0.0005  0.0000
0.5034  0.0000  -0.0005  0.0005  0.0000
0.5104  0.0000  -0.0004  0.0004  0.0000
0.5159  0.0000  -0.0004  0.0004  0.0000
0.5308  0.0000  -0.0004  0.0004  0.0000
0.5362  0.0000  -0.0004  0.0004  0.0000
0.5416  0.0000  -0.0003  0.0003  0.0000
0.5471  0.0000  -0.0003  0.0003  0.0000
0.5547  0.0000  -0.0003  0.0003  0.0000
0.5601  0.0000  -0.0003  0.0003  0.0000
0.5662  0.0000  -0.0003  0.0003  0.0000
0.5732  0.0000  -0.0003  0.0003  0.0000
0.5792  0.0000  -0.0003  0.0003  0.0000
0.5849  0.0000  -0.0003  0.0003  0.0000
0.5905  0.0000  -0.0003  0.0003  0.0000
0.5965  0.0000  -0.0003  0.0003  0.0000
0.6020  0.0000  -0.0003  0.0003  0.0000
0.6077  0.0000  -0.0003  0.0003  0.0000
0.6135  0.0000  -0.0003  0.0003  0.0000
0.6193  0.0000  -0.0003  0.0003  0.0000
0.6251  0.0000  -0.0003  0.0003  0.0000
0.6308  0.0000  -0.0003  0.0003  0.0000
0.6366  0.0000  -0.0003  0.0003  0.0000
0.6430  0.0000  -0.0003  0.0003  0.0000
0.6496  0.0000  -0.0003  0.0003  0.0000
0.6565  0.0000  -0.0003  0.0003  0.0000
0.6632  0.0000  -0.0003  0.0003  0.0000
0.6695  0.0000  -0.0003  0.0003  0.0000
0.6764  0.0000  -0.0003  0.0003  0.0000
0.6827  0.0000  -0.0003  0.0003  0.0000
0.6893  0.0000  -0.0002  0.0002  0.0000
0.6938  0.0000  -0.0002  0.0002  0.0000
0.6990  0.0000  -0.0002  0.0002  0.0000
0.7043  0.0000  -0.0003  0.0003  0.0000
0.7090  0.0000  -0.0002  0.0002  0.0000
0.7144  0.0000  -0.0002  0.0002  0.0000
0.7198  0.0000  -0.0002  0.0002  0.0000
0.7253  0.0000  -0.0002  0.0002  0.0000
0.7311  0.0000  -0.0002  0.0002  0.0000
0.7371  0.0000  -0.0002  0.0002  0.0000
0.7427  0.0000  -0.0002  0.0002  0.0000
0.7484  0.0000  -0.0002  0.0002  0.0000
0.7541  0.0000  -0.0002  0.0002  0.0000
0.7598  0.0000  -0.0002  0.0002  0.0000
0.7666  0.0000  -0.0002  0.0002  0.0000
0.7720  0.0000  -0.0002  0.0002  0.0000
0.7774  0.0000  -0.0002  0.0002  0.0000
0.7828  0.0000  -0.0002  0.0002  0.0000
0.7882  0.0000  -0.0002  0.0002  0.0000
0.7939  0.0000  -0.0002  0.0002  0.0000
0.7995  0.0000  -0.0002  0.0002  0.0000
0.8052  0.0000  -0.0002  0.0002  0.0000
0.8111  0.0000  -0.0002  0.0002  0.0000
0.8183  0.0000  -0.0002  0.0002  0.0000
0.8243  0.0000  -0.0002  0.0002  0.0000
0.8324  0.0000  -0.0002  0.0002  0.0000
0.8383  0.0000  -0.0002  0.0002  0.0000
0.8440  0.0000  -0.0002  0.0002  0.0000
0.8499  0.0000  -0.0002  0.0002  0.0000
0.8555  0.0000  -0.0002  0.0002  0.0000
0.8614  0.0000  -0.0002  0.0002  0.0000
0.8669  0.0000  -0.0002  0.0002  0.0000
0.8727  0.0000  -0.0002  0.0002  0.0000
0.8786  0.0000  -0.0002  0.0002  0.0000
0.8842  0.0000  -0.0002  0.0002  0.0000
0.8898  0.0000  -0.0002  0.0002  0.0000
0.8954  0.0000  -0.0002  0.0002  0.0000
0.9010  0.0000  -0.0002  0.0002  0.0000
0.9066  0.0000  -0.0002  0.0002  0.0000
0.9122  0.0000  -0.0001  0.0001  0.0000
0.9179  0.0000  -0.0001  0.0001  0.0000
0.9234  0.0000  -0.0001  0.0001  0.0000
0.9290  0.0000  -0.0002  0.0002  0.0000
0.9346  0.0000  -0.0002  0.0002  0.0000
0.9402  0.0000  -0.0002  0.0002  0.0000
0.9458  0.0000  -0.0002  0.0002  0.0000
0.9525  0.0000  -0.0002  0.0002  0.0000
0.9580  0.0000  -0.0002  0.0002  0.0000
0.9639  0.0000  -0.0002  0.0002  0.0000
0.9695  0.0000  -0.0001  0.0001  0.0000
0.9751  0.0000  -0.0001  0.0001  0.0000
0.9806  0.0000  -0.0001  0.0001  0.0000
0.9861  0.0000  -0.0001  0.0001  0.0000
0.9917  0.0000  -0.0001  0.0001  0.0000
0.9973  0.0000  -0.0001  0.0001  0.0000
1.0036  0.0000  -0.0002  0.0002  0.0000
1.0091  0.0000  -0.0001  0.0001  0.0000
1.0147  0.0000  -0.0001  0.0001  0.0000
1.0215  0.0000  -0.0001  0.0001  0.0000
1.0369  0.0000  0.0000  -0.0000  0.0000
1.0428  0.0000  0.0000  -0.0000  0.0000
1.0483  0.0000  0.0000  -0.0000  0.0000
1.0542  0.0000  0.0000  -0.0000  0.0000
1.0599  0.0000  0.0000  -0.0000  0.0000
1.0658  0.0000  0.0000  -0.0000  0.0000
1.0721  0.0000  0.0000  -0.0000  0.0000
1.0790  0.0000  0.0000  -0.0000  0.0000
1.0852  0.0000  0.0000  -0.0000  0.0000
1.0914  0.0000  0.0000  -0.0000  0.0000
1.0973  0.0000  0.0000  -0.0000  0.0000
1.1030  0.0000  0.0000  -0.0000  0.0000
1.1085  0.0000  0.0000  -0.0000  0.0000
1.1141  0.0000  0.0000  -0.0000  0.0000
1.1200  0.0000  0.0000  -0.0000  0.0000
1.1266  0.0000  0.0000  -0.0000  0.0000
1.1324  0.0000  0.0000  -0.0000  0.0000
1.1379  0.0000  0.0000  -0.0000  0.0000
1.1434  0.0000  0.0000  -0.0000  0.0000
1.1491  0.0000  0.0000  -0.0000  0.0000
1.1546  0.0000  0.0000  -0.0000  0.0000
1.1601  0.0000  0.0000  -0.0000  0.0000
1.1655  0.0000  0.0001  -0.0001  0.0000
1.1714  0.0000  0.0001  -0.0001  0.0000
1.1776  0.0000  0.0001  -0.0001  0.0000
1.1833  0.0000  0.0001  -0.0001  0.0000
1.1893  0.0000  0.0000  -0.0000  0.0000
1.1936  0.0000  0.0000  -0.0000  0.0000
1.1995  0.0000  0.0000  -0.0000  0.0000
1.2049  0.0000  0.0000  -0.0000  0.0000
1.2103  0.0000  0.0000  -0.0000  0.0000
1.2158  0.0000  0.0001  -0.0001  0.0000
1.2213  0.0000  0.0001  -0.0001  0.0000
1.2271  0.0000  0.0001  -0.0001  0.0000
1.2320  0.0000  0.0001  -0.0001  0.0000
1.2376  0.0000  0.0001  -0.0001  0.0000
1.2431  0.0000  0.0001  -0.0001  0.0000
1.2485  0.0000  0.0001  -0.0001  0.0000
1.2538  0.0000  0.0001  -0.0001  0.0000
1.2593  0.0000  0.0001  -0.0001  0.0000
1.2646  0.0000  0.0001  -0.0001  0.0000
1.2720  0.0000  0.0001  -0.0001  0.0000
1.2775  0.0000  0.0001  -0.0001  0.0000
1.2831  0.0000  0.0001  -0.0001  0.0000
1.2891  0.0000  0.0001  -0.0001  0.0000
1.2947  0.0000  0.0001  -0.0001  0.0000
1.3002  0.0000  0.0001  -0.0001  0.0000
1.3058  0.0000  0.0001  -0.0001  0.0000
1.3109  0.0000  0.0001  -0.0001  0.0000
1.3176  0.0000  0.0001  -0.0001  0.0000
1.3231  0.0000  0.0001  -0.0001  0.0000
1.3291  0.0000  0.0001  -0.0001  0.0000
1.3341  0.0000  0.0001  -0.0001  0.0000
1.3393  0.0000  0.0001  -0.0001  0.0000
1.3442  0.0000  0.0001  -0.0001  0.0000
1.3495  0.0000  0.0001  -0.0001  0.0000
1.3549  0.0000  0.0001  -0.0001  0.0000
1.3602  0.0000  0.0001  -0.0001  0.0000
1.3664  0.0000  0.0001  -0.0001  0.0000
1.3716  0.0000  0.0001  -0.0001  0.0000
1.3771  0.0000  0.0001  -0.0001  0.0000
1.3826  0.0000  0.0002  -0.0002  0.0000
1.3876  0.0000  0.0002  -0.0002  0.0000
1.3928  0.0000  0.0002  -0.0002  0.0000
1.3980  0.0000  0.0002  -0.0002  0.0000
1.4035  0.0000  0.0002  -0.0002  0.0000
1.4088  0.0000  0.0002  -0.0002  0.0000
1.4142  0.0000  0.0002  -0.0002  0.0000
1.4196  0.0000  0.0002  -0.0002  0.0000
1.4250  0.0000  0.0002  -0.0002  0.0000
1.4307  0.0000  0.0002  -0.0002  0.0000
1.4385  0.0000  0.0002  -0.0002  0.0000
1.4457  0.0000  0.0002  -0.0002  0.0000
1.4533  0.0000  0.0002  -0.0002  0.0000
1.4607  0.0000  0.0002  -0.0002  0.0000
1.4678  0.0000  0.0002  -0.0002  0.0000
1.4754  0.0000  0.0002  -0.0002  0.0000
1.4827  0.0000  0.0003  -0.0003  0.0000
1.4899  0.0000  0.0002  -0.0002  0.0000
1.4974  0.0000  0.0002  -0.0002  0.0000
1.5061  0.0000  0.0002  -0.0002  0.0000
1.5133  0.0000  0.0002  -0.0002  0.0000
1.5188  0.0000  0.0002  -0.0002  0.0000
1.5261  0.0000  0.0002  -0.0002  0.0000
1.5426  0.0000  0.0003  -0.0003  0.0000
1.5487  0.0000  0.0003  -0.0003  0.0000
1.5554  0.0000  0.0003  -0.0003  0.0000
1.5617  0.0000  0.0003  -0.0003  0.0000
1.5682  0.0000  0.0004  -0.0004  0.0000
1.5764  0.0000  0.0004  -0.0004  0.0000
1.5833  0.0000  0.0004  -0.0004  0.0000
1.5904  0.0000  0.0003  -0.0003  0.0000
1.5969  0.0000  0.0003  -0.0003  0.0000
1.6040  0.0000  0.0003  -0.0003  0.0000
1.6103  0.0000  0.0004  -0.0004  0.0000
1.6170  0.0000  0.0004  -0.0004  0.0000
1.6229  0.0000  0.0004  -0.0004  0.0000
1.6274  0.0000  0.0004  -0.0004  0.0000
1.6330  0.0000  0.0004  -0.0004  0.0000
1.6394  0.0000  0.0004  -0.0004  0.0000
1.6450  0.0000  0.0004  -0.0004  0.0000
1.6508  0.0000  0.0003  -0.0003  0.0000
1.6573  0.0000  0.0003  -0.0003  0.0000
1.6630  0.0000  0.0003  -0.0003  0.0000
1.6686  0.0000  0.0004  -0.0004  0.0000
1.6761  0.0000  0.0004  -0.0004  0.0000
1.6819  0.0000  0.0004  -0.0004  0.0000
1.6875  0.0000  0.0004  -0.0004  0.0000
1.6969  0.0000  0.0004  -0.0004  0.0000
1.7028  0.0000  0.0004  -0.0004  0.0000
1.7088  0.0000  0.0004  -0.0004  0.0000
1.7149  0.0000  0.0004  -0.0004  0.0000
1.7208  0.0000  0.0004  -0.0004  0.0000
1.7261  0.0000  0.0004  -0.0004  0.0000
1.7315  0.0000  0.0004  -0.0004  0.0000
1.7368  0.0000  0.0004  -0.0004  0.0000
1.7419  0.0000  0.0004  -0.0004  0.0000
1.7473  0.0000  0.0004  -0.0004  0.0000
1.7526  0.0000  0.0004  -0.0004  0.0000
1.7579  0.0000  0.0004  -0.0004  0.0000
1.7632  0.0000  0.0004  -0.0004  0.0000
1.7686  0.0000  0.0004  -0.0004  0.0000
1.7741  0.0000  0.0004  -0.0004  0.0000
1.7803  0.0000  0.0004  -0.0004  0.0000
1.7858  0.0000  0.0004  -0.0004  0.0000
1.7919  0.0000  0.0004  -0.0004  0.0000
1.7973  0.0000  0.0004  -0.0004  0.0000
1.8026  0.0000  0.0004  -0.0004  0.0000
1.8079  0.0000  0.0004  -0.0004  0.0000
1.8132  0.0000  0.0004  -0.0004  0.0000
1.8190  0.0000  0.0004  -0.0004  0.0000
1.8244  0.0000  0.0004  -0.0004  0.0000
1.8297  0.0000  0.0004  -0.0004  0.0000
1.8352  0.0000  0.0004  -0.0004  0.0000
1.8415  0.0000  0.0004  -0.0004  0.0000
1.8475  0.0000  0.0004  -0.0004  0.0000
1.8538  0.0000  0.0004  -0.0004  0.0000
1.8595  0.0000  0.0004  -0.0004  0.0000
1.8651  0.0000  0.0004  -0.0004  0.0000
1.8708  0.0000  0.0004  -0.0004  0.0000
1.8757  0.0000  0.0004  -0.0004  0.0000
1.8809  0.0000  0.0004  -0.0004  0.0000
1.8869  0.0000  0.0004  -0.0004  0.0000
1.8932  0.0000  0.0004  -0.0004  0.0000
1.8986  0.0000  0.0005  -0.0005  0.0000
1.9037  0.0000  0.0004  -0.0004  0.0000
1.9083  0.0000  0.0005  -0.0005  0.0000
1.9137  0.0000  0.0005  -0.0005  0.0000
1.9188  0.0000  0.0005  -0.0005  0.0000
1.9241  0.0000  0.0004  -0.0004  0.0000
1.9293  0.0000  0.0004  -0.0004  0.0000
1.9344  0.0000  0.0005  -0.0005  0.0000
1.9394  0.0000  0.0005  -0.0005  0.0000
1.9446  0.0000  0.0005  -0.0005  0.0000
1.9498  0.0000  0.0004  -0.0004  0.0000
1.9549  0.0000  0.0005  -0.0005  0.0000
1.9602  0.0000  0.0005  -0.0005  0.0000
1.9652  0.0000  0.0005  -0.0005  0.0000
1.9703  0.0000  0.0005  -0.0005  0.0000
1.9758  0.0000  0.0005  -0.0005  0.0000
1.9808  0.0000  0.0005  -0.0005  0.0000
1.9861  0.0000  0.0005  -0.0005  0.0000
1.9914  0.0000  0.0005  -0.0005  0.0000
1.9967  0.0000  0.0005  -0.0005  0.0000
2.0016  0.0000  0.0005  -0.0005  0.0000
2.0073  0.0000  0.0005  -0.0005  0.0000
2.0125  0.0000  0.0005  -0.0005  0.0000
2.0176  0.0000  0.0005  -0.0005  0.0000
2.0226  0.0000  0.0005  -0.0005  0.0000
2.0288  0.0000  0.0006  -0.0006  0.0000
2.0437  0.0000  0.0006  -0.0006  0.0000
2.0488  0.0000  0.0006  -0.0006  0.0000
2.0539  0.0000  0.0006  -0.0006  0.0000
2.0589  0.0000  0.0006  -0.0006  0.0000
2.0639  0.0000  0.0006  -0.0006  0.0000
2.0690  0.0000  0.0006  -0.0006  0.0000
2.0766  0.0000  0.0006  -0.0006  0.0000
2.0820  0.0000  0.0006  -0.0006  0.0000
2.0874  0.0000  0.0006  -0.0006  0.0000
2.0935  0.0000  0.0006  -0.0006  0.0000
2.0986  0.0000  0.0006  -0.0006  0.0000
2.1037  0.0000  0.0006  -0.0006  0.0000
2.1090  0.0000  0.0006  -0.0006  0.0000
2.1141  0.0000  0.0006  -0.0006  0.0000
2.1193  0.0000  0.0006  -0.0006  0.0000
2.1244  0.0000  0.0006  -0.0006  0.0000
2.1295  0.0000  0.0006  -0.0006  0.0000
2.1347  0.0000  0.0006  -0.0006  0.0000
2.1398  0.0000  0.0006  -0.0006  0.0000
2.1448  0.0000  0.0006  -0.0006  0.0000
2.1499  0.0000  0.0006  -0.0006  0.0000
2.1552  0.0000  0.0006  -0.0006  0.0000
2.1603  0.0000  0.0006  -0.0006  0.0000
2.1654  0.0000  0.0006  -0.0006  0.0000
2.1706  0.0000  0.0006  -0.0006  0.0000
2.1758  0.0000  0.0006  -0.0006  0.0000
2.1809  0.0000  0.0006  -0.0006  0.0000
2.1859  0.0000  0.0006  -0.0006  0.0000
2.1911  0.0000  0.0006  -0.0006  0.0000
2.1963  0.0000  0.0006  -0.0006  0.0000
2.2014  0.0000  0.0006  -0.0006  0.0000
2.2065  0.0000  0.0006  -0.0006  0.0000
2.2116  0.0000  0.0006  -0.0006  0.0000
2.2167  0.0000  0.0006  -0.0006  0.0000
2.2218  0.0000  0.0006  -0.0006  0.0000
2.2270  0.0000  0.0006  -0.0006  0.0000
2.2320  0.0000  0.0006  -0.0006  0.0000
2.2372  0.0000  0.0006  -0.0006  0.0000
2.2424  0.0000  0.0007  -0.0007  0.0000
2.2476  0.0000  0.0007  -0.0007  0.0000
2.2528  0.0000  0.0007  -0.0007  0.0000
2.2578  0.0000  0.0007  -0.0007  0.0000
2.2629  0.0000  0.0007  -0.0007  0.0000
2.2684  0.0000  0.0007  -0.0007  0.0000
2.2738  0.0000  0.0007  -0.0007  0.0000
2.2791  0.0000  0.0007  -0.0007  0.0000
2.2841  0.0000  0.0007  -0.0007  0.0000
2.2903  0.0000  0.0007  -0.0007  0.0000
2.2957  0.0000  0.0007  -0.0007  0.0000
2.3011  0.0000  0.0007  -0.0007  0.0000
2.3065  0.0000  0.0007  -0.0007  0.0000
2.3118  0.0000  0.0007  -0.0007  0.0000
2.3170  0.0000  0.0007  -0.0007  0.0000
2.3225  0.0000  0.0007  -0.0007  0.0000
2.3280  0.0000  0.0007  -0.0007  0.0000
2.3345  0.0000  0.0007  -0.0007  0.0000
2.3404  0.0000  0.0007  -0.0007  0.0000
2.3461  0.0000  0.0007  -0.0007  0.0000
2.3519  0.0000  0.0007  -0.0007  0.0000
2.3573  0.0000  0.0007  -0.0007  0.0000
2.3627  0.0000  0.0007  -0.0007  0.0000
2.3683  0.0000  0.0007  -0.0007  0.0000
2.3741  0.0000  0.0007  -0.0007  0.0000
2.3795  0.0000  0.0007  -0.0007  0.0000
2.3850  0.0000  0.0007  -0.0007  0.0000
2.3914  0.0000  0.0007  -0.0007  0.0000
2.3969  0.0000  0.0007  -0.0007  0.0000
2.4025  0.0000  0.0007  -0.0007  0.0000
2.4082  0.0000  0.0007  -0.0007  0.0000
2.4139  0.0000  0.0007  -0.0007  0.0000
2.4193  0.0000  0.0007  -0.0007  0.0000
2.4247  0.0000  0.0007  -0.0007  0.0000
2.4300  0.0000  0.0008  -0.0008  0.0000
2.4358  0.0000  0.0008  -0.0008  0.0000
2.4415  0.0000  0.0008  -0.0008  0.0000
2.4473  0.0000  0.0008  -0.0008  0.0000
2.4532  0.0000  0.0008  -0.0008  0.0000
2.4587  0.0000  0.0008  -0.0008  0.0000
2.4646  0.0000  0.0007  -0.0007  0.0000
2.4704  0.0000  0.0008  -0.0008  0.0000
2.4764  0.0000  0.0008  -0.0008  0.0000
2.4818  0.0000  0.0009  -0.0009  0.0000
2.4877  0.0000  0.0009  -0.0009  0.0000
2.4934  0.0000  0.0009  -0.0009  0.0000
2.4993  0.0000  0.0009  -0.0009  0.0000
2.5052  0.0000  0.0009  -0.0009  0.0000
2.5114  0.0000  0.0009  -0.0009  0.0000
2.5174  0.0000  0.0009  -0.0009  0.0000
2.5230  0.0000  0.0009  -0.0009  0.0000
2.5286  0.0000  0.0009  -0.0009  0.0000
2.5343  0.0000  0.0009  -0.0009  0.0000
2.5516  0.0000  0.0009  -0.0009  0.0000
2.5573  0.0000  0.0009  -0.0009  0.0000
2.5631  0.0000  0.0009  -0.0009  0.0000
2.5687  0.0000  0.0009  -0.0009  0.0000
2.5748  0.0000  0.0009  -0.0009  0.0000
2.5807  0.0000  0.0009  -0.0009  0.0000
2.5864  0.0000  0.0009  -0.0009  0.0000
2.5927  0.0000  0.0009  -0.0009  0.0000
2.5994  0.0000  0.0009  -0.0009  0.0000
2.6049  0.0000  0.0009  -0.0009  0.0000
2.6105  0.0000  0.0009  -0.0009  0.0000
2.6161  0.0000  0.0009  -0.0009  0.0000
2.6212  0.0000  0.0009  -0.0009  0.0000
2.6271  0.0000  0.0009  -0.0009  0.0000
2.6329  0.0000  0.0009  -0.0009  0.0000
2.6382  0.0000  0.0009  -0.0009  0.0000
2.6461  0.0000  0.0009  -0.0009  0.0000
2.6520  0.0000  0.0009  -0.0009  0.0000
2.6580  0.0000  0.0009  -0.0009  0.0000
2.6649  0.0000  0.0009  -0.0009  0.0000
2.6701  0.0000  0.0009  -0.0009  0.0000
2.6757  0.0000  0.0009  -0.0009  0.0000
2.6807  0.0000  0.0009  -0.0009  0.0000
2.6858  0.0000  0.0009  -0.0009  0.0000
2.6909  0.0000  0.0009  -0.0009  0.0000
2.6959  0.0000  0.0009  -0.0009  0.0000
2.7011  0.0000  0.0010  -0.0010  0.0000
2.7060  0.0000  0.0010  -0.0010  0.0000
2.7109  0.0000  0.0010  -0.0010  0.0000
2.7160  0.0000  0.0010  -0.0010  0.0000
2.7210  0.0000  0.0010  -0.0010  0.0000
2.7261  0.0000  0.0010  -0.0010  0.0000
2.7317  0.0000  0.0010  -0.0010  0.0000
2.7369  0.0000  0.0010  -0.0010  0.0000
2.7424  0.0000  0.0010  -0.0010  0.0000
2.7477  0.0000  0.0010  -0.0010  0.0000
2.7528  0.0000  0.0010  -0.0010  0.0000
2.7582  0.0000  0.0010  -0.0010  0.0000
2.7637  0.0000  0.0010  -0.0010  0.0000
2.7688  0.0000  0.0010  -0.0010  0.0000
2.7742  0.0000  0.0010  -0.0010  0.0000
2.7796  0.0000  0.0010  -0.0010  0.0000
2.7848  0.0000  0.0010  -0.0010  0.0000
2.7902  0.0000  0.0010  -0.0010  0.0000
2.7971  0.0000  0.0010  -0.0010  0.0000
2.8023  0.0000  0.0010  -0.0010  0.0000
2.8075  0.0000  0.0010  -0.0010  0.0000
2.8128  0.0000  0.0010  -0.0010  0.0000
2.8181  0.0000  0.0010  -0.0010  0.0000
2.8234  0.0000  0.0010  -0.0010  0.0000
2.8290  0.0000  0.0010  -0.0010  0.0000
2.8351  0.0000  0.0010  -0.0010  0.0000
2.8410  0.0000  0.0010  -0.0010  0.0000
2.8465  0.0000  0.0010  -0.0010  0.0000
2.8522  0.0000  0.0010  -0.0010  0.0000
2.8578  0.0000  0.0010  -0.0010  0.0000
2.8630  0.0000  0.0010  -0.0010  0.0000
2.8691  0.0000  0.0010  -0.0010  0.0000
2.8746  0.0000  0.0010  -0.0010  0.0000
2.8800  0.0000  0.0010  -0.0010  0.0000
2.8854  0.0000  0.0010  -0.0010  0.0000
2.8909  0.0000  0.0010  -0.0010  0.0000
2.8962  0.0000  0.0010  -0.0010  0.0000
2.9015  0.0000  0.0010  -0.0010  0.0000
2.9068  0.0000  0.0010  -0.0010  0.0000
2.9120  0.0000  0.0010  -0.0010  0.0000
2.9175  0.0000  0.0010  -0.0010  0.0000
2.9228  0.0000  0.0010  -0.0010  0.0000
2.9282  0.0000  0.0010  -0.0010  0.0000
2.9339  0.0000  0.0010  -0.0010  0.0000
2.9390  0.0000  0.0010  -0.0010  0.0000
2.9441  0.0000  0.0010  -0.0010  0.0000
2.9492  0.0000  0.0010  -0.0010  0.0000
2.9544  0.0000  0.0010  -0.0010  0.0000
2.9595  0.0000  0.0010  -0.0010  0.0000
2.9646  0.0000  0.0010  -0.0010  0.0000
2.9698  0.0000  0.0010  -0.0010  0.0000
2.9749  0.0000  0.0011  -0.0011  0.0000
2.9801  0.0000  0.0011  -0.0011  0.0000
2.9851  0.0000  0.0010  -0.0010  0.0000
2.9912  0.0000  0.0011  -0.0011  0.0000
2.9963  0.0000  0.0011  -0.0011  0.0000
3.0013  0.0000  0.0011  -0.0011  0.0000
3.0065  0.0000  0.0011  -0.0011  0.0000
3.0121  0.0000  0.0011  -0.0011  0.0000
3.0171  0.0000  0.0011  -0.0011  0.0000
3.0224  0.0000  0.0011  -0.0011  0.0000
3.0278  0.0000  0.0011  -0.0011  0.0000
3.0329  0.0000  0.0011  -0.0011  0.0000
3.0382  0.0000  0.0011  -0.0011  0.0000
3.0541  0.0000  0.0011  -0.0011  0.0000
3.0591  0.0000  0.0011  -0.0011  0.0000
3.0641  0.0000  0.0011  -0.0011  0.0000
3.0692  0.0000  0.0011  -0.0011  0.0000
3.0742  0.0000  0.0011  -0.0011  0.0000
3.0793  0.0000  0.0011  -0.0011  0.0000
3.0845  0.0000  0.0011  -0.0011  0.0000
3.0896  0.0000  0.0011  -0.0011  0.0000
3.0952  0.0000  0.0011  -0.0011  0.0000
3.1009  0.0000  0.0011  -0.0011  0.0000
3.1068  0.0000  0.0011  -0.0011  0.0000
3.1128  0.0000  0.0012  -0.0012  0.0000
3.1178  0.0000  0.0012  -0.0012  0.0000
3.1227  0.0000  0.0011  -0.0011  0.0000
3.1279  0.0000  0.0011  -0.0011  0.0000
3.1329  0.0000  0.0011  -0.0011  0.0000
3.1379  0.0000  0.0011  -0.0011  0.0000
3.1428  0.0000  0.0011  -0.0011  0.0000
3.1478  0.0000  0.0011  -0.0011  0.0000
3.1529  0.0000  0.0011  -0.0011  0.0000
3.1579  0.0000  0.0011  -0.0011  0.0000
3.1628  0.0000  0.0011  -0.0011  0.0000
3.1677  0.0000  0.0011  -0.0011  0.0000
3.1727  0.0000  0.0011  -0.0011  0.0000
3.1779  0.0000  0.0011  -0.0011  0.0000
3.1829  0.0000  0.0011  -0.0011  0.0000
3.1879  0.0000  0.0011  -0.0011  0.0000
3.1929  0.0000  0.0011  -0.0011  0.0000
3.1978  0.0000  0.0011  -0.0011  0.0000
3.2029  0.0000  0.0012  -0.0012  0.0000
3.2079  0.0000  0.0012  -0.0012  0.0000
3.2129  0.0000  0.0012  -0.0012  0.0000
3.2179  0.0000  0.0012  -0.0012  0.0000
3.2229  0.0000  0.0012  -0.0012  0.0000
3.2283  0.0000  0.0012  -0.0012  0.0000
3.2336  0.0000  0.0012  -0.0012  0.0000
3.2386  0.0000  0.0012  -0.0012  0.0000
3.2436  0.0000  0.0012  -0.0012  0.0000
3.2488  0.0000  0.0012  -0.0012  0.0000
3.2538  0.0000  0.0012  -0.0012  0.0000
3.2588  0.0000  0.0013  -0.0013  0.0000
3.2637  0.0000  0.0013  -0.0013  0.0000
3.2688  0.0000  0.0013  -0.0013  0.0000
3.2738  0.0000  0.0012  -0.0012  0.0000
3.2788  0.0000  0.0012  -0.0012  0.0000
3.2838  0.0000  0.0012  -0.0012  0.0000
3.2889  0.0000  0.0013  -0.0013  0.0000
3.2939  0.0000  0.0013  -0.0013  0.0000
3.2989  0.0000  0.0013  -0.0013  0.0000
3.3048  0.0000  0.0013  -0.0013  0.0000
3.3098  0.0000  0.0013  -0.0013  0.0000
3.3150  0.0000  0.0013  -0.0013  0.0000
3.3206  0.0000  0.0013  -0.0013  0.0000
3.3257  0.0000  0.0013  -0.0013  0.0000
3.3313  0.0000  0.0013  -0.0013  0.0000
3.3407  0.0000  0.0013  -0.0013  0.0000
3.3462  0.0000  0.0013  -0.0013  0.0000
3.3525  0.0000  0.0013  -0.0013  0.0000
3.3576  0.0000  0.0013  -0.0013  0.0000
3.3628  0.0000  0.0013  -0.0013  0.0000
3.3679  0.0000  0.0013  -0.0013  0.0000
3.3731  0.0000  0.0013  -0.0013  0.0000
3.3782  0.0000  0.0013  -0.0013  0.0000
3.3833  0.0000  0.0013  -0.0013  0.0000
3.3886  0.0000  0.0013  -0.0013  0.0000
3.3937  0.0000  0.0013  -0.0013  0.0000
3.3989  0.0000  0.0013  -0.0013  0.0000
3.4040  0.0000  0.0013  -0.0013  0.0000
3.4091  0.0000  0.0013  -0.0013  0.0000
3.4144  0.0000  0.0013  -0.0013  0.0000
3.4198  0.0000  0.0013  -0.0013  0.0000
3.4257  0.0000  0.0013  -0.0013  0.0000
3.4311  0.0000  0.0013  -0.0013  0.0000
3.4367  0.0000  0.0013  -0.0013  0.0000
3.4421  0.0000  0.0013  -0.0013  0.0000
3.4491  0.0000  0.0014  -0.0014  0.0000
3.4546  0.0000  0.0014  -0.0014  0.0000
3.4600  0.0000  0.0014  -0.0014  0.0000
3.4662  0.0000  0.0014  -0.0014  0.0000
3.4716  0.0000  0.0013  -0.0013  0.0000
3.4771  0.0000  0.0014  -0.0014  0.0000
3.4825  0.0000  0.0014  -0.0014  0.0000
3.4880  0.0000  0.0014  -0.0014  0.0000
3.4933  0.0000  0.0014  -0.0014  0.0000
3.4987  0.0000  0.0014  -0.0014  0.0000
3.5040  0.0000  0.0014  -0.0014  0.0000
3.5095  0.0000  0.0014  -0.0014  0.0000
3.5158  0.0000  0.0014  -0.0014  0.0000
3.5212  0.0000  0.0014  -0.0014  0.0000
3.5266  0.0000  0.0014  -0.0014  0.0000
3.5319  0.0000  0.0014  -0.0014  0.0000
3.5379  0.0000  0.0015  -0.0015  0.0000
3.5434  0.0000  0.0014  -0.0014  0.0000
3.5621  0.0000  0.0014  -0.0014  0.0000
3.5679  0.0000  0.0014  -0.0014  0.0000
3.5740  0.0000  0.0014  -0.0014  0.0000
3.5791  0.0000  0.0014  -0.0014  0.0000
3.5841  0.0000  0.0015  -0.0015  0.0000
3.5891  0.0000  0.0015  -0.0015  0.0000
3.5951  0.0000  0.0015  -0.0015  0.0000
3.6009  0.0000  0.0015  -0.0015  0.0000
3.6066  0.0000  0.0015  -0.0015  0.0000
3.6125  0.0000  0.0015  -0.0015  0.0000
3.6178  0.0000  0.0015  -0.0015  0.0000
3.6232  0.0000  0.0015  -0.0015  0.0000
3.6284  0.0000  0.0015  -0.0015  0.0000
3.6338  0.0000  0.0015  -0.0015  0.0000
3.6393  0.0000  0.0015  -0.0015  0.0000
3.6448  0.0000  0.0015  -0.0015  0.0000
3.6501  0.0000  0.0015  -0.0015  0.0000
3.6554  0.0000  0.0015  -0.0015  0.0000
3.6607  0.0000  0.0015  -0.0015  0.0000
3.6662  0.0000  0.0015  -0.0015  0.0000
3.6715  0.0000  0.0015  -0.0015  0.0000
3.6771  0.0000  0.0015  -0.0015  0.0000
3.6825  0.0000  0.0016  -0.0016  0.0000
3.6880  0.0000  0.0015  -0.0015  0.0000
3.6937  0.0000  0.0015  -0.0015  0.0000
3.6991  0.0000  0.0016  -0.0016  0.0000
3.7044  0.0000  0.0016  -0.0016  0.0000
3.7100  0.0000  0.0016  -0.0016  0.0000
3.7156  0.0000  0.0016  -0.0016  0.0000
3.7211  0.0000  0.0016  -0.0016  0.0000
3.7267  0.0000  0.0016  -0.0016  0.0000
3.7325  0.0000  0.0016  -0.0016  0.0000
3.7380  0.0000  0.0016  -0.0016  0.0000
3.7439  0.0000  0.0016  -0.0016  0.0000
3.7496  0.0000  0.0016  -0.0016  0.0000
3.7555  0.0000  0.0016  -0.0016  0.0000
3.7610  0.0000  0.0016  -0.0016  0.0000
3.7665  0.0000  0.0016  -0.0016  0.0000
3.7727  0.0000  0.0016  -0.0016  0.0000
3.7783  0.0000  0.0016  -0.0016  0.0000
3.7839  0.0000  0.0016  -0.0016  0.0000
3.7897  0.0000  0.0016  -0.0016  0.0000
3.7952  0.0000  0.0016  -0.0016  0.0000
3.8012  0.0000  0.0016  -0.0016  0.0000
3.8068  0.0000  0.0016  -0.0016  0.0000
3.8140  0.0000  0.0016  -0.0016  0.0000
3.8195  0.0000  0.0016  -0.0016  0.0000
3.8251  0.0000  0.0016  -0.0016  0.0000
3.8308  0.0000  0.0016  -0.0016  0.0000
3.8365  0.0000  0.0016  -0.0016  0.0000
3.8422  0.0000  0.0016  -0.0016  0.0000
3.8480  0.0000  0.0016  -0.0016  0.0000
3.8543  0.0000  0.0016  -0.0016  0.0000
3.8606  0.0000  0.0016  -0.0016  0.0000
3.8665  0.0000  0.0016  -0.0016  0.0000
3.8737  0.0000  0.0016  -0.0016  0.0000
3.8788  0.0000  0.0016  -0.0016  0.0000
3.8841  0.0000  0.0016  -0.0016  0.0000
3.8892  0.0000  0.0016  -0.0016  0.0000
3.8947  0.0000  0.0017  -0.0017  0.0000
3.9000  0.0000  0.0017  -0.0017  0.0000
3.9052  0.0000  0.0016  -0.0016  0.0000
3.9103  0.0000  0.0016  -0.0016  0.0000
3.9155  0.0000  0.0016  -0.0016  0.0000
3.9208  0.0000  0.0016  -0.0016  0.0000
3.9261  0.0000  0.0016  -0.0016  0.0000
3.9314  0.0000  0.0016  -0.0016  0.0000
3.9366  0.0000  0.0016  -0.0016  0.0000
3.9420  0.0000  0.0016  -0.0016  0.0000
3.9472  0.0000  0.0016  -0.0016  0.0000
3.9528  0.0000  0.0016  -0.0016  0.0000
3.9581  0.0000  0.0017  -0.0017  0.0000
3.9633  0.0000  0.0017  -0.0017  0.0000
3.9685  0.0000  0.0017  -0.0017  0.0000
3.9738  0.0000  0.0017  -0.0017  0.0000
3.9793  0.0000  0.0017  -0.0017  0.0000
3.9846  0.0000  0.0017  -0.0017  0.0000
3.9900  0.0000  0.0017  -0.0017  0.0000
3.9954  0.0000  0.0017  -0.0017  0.0000
4.0009  0.0000  0.0016  -0.0016  0.0000
4.0062  0.0000  0.0016  -0.0016  0.0000
4.0115  0.0000  0.0017  -0.0017  0.0000
4.0173  0.0000  0.0017  -0.0017  0.0000
4.0226  0.0000  0.0017  -0.0017  0.0000
4.0281  0.0000  0.0017  -0.0017  0.0000
4.0337  0.0000  0.0017  -0.0017  0.0000
4.0391  0.0000  0.0017  -0.0017  0.0000
4.0442  0.0000  0.0017  -0.0017  0.0000
4.0497  0.0000  0.0016  -0.0016  0.0000
4.0657  0.0000  0.0016  -0.0016  0.0000
4.0711  0.0000  0.0017  -0.0017  0.0000
4.0782  0.0000  0.0017  -0.0017  0.0000
4.0839  0.0000  0.0017  -0.0017  0.0000
4.0909  0.0000  0.0017  -0.0017  0.0000
4.0979  0.0000  0.0017  -0.0017  0.0000
4.1040  0.0000  0.0017  -0.0017  0.0000
4.1100  0.0000  0.0017  -0.0017  0.0000
4.1164  0.0000  0.0017  -0.0017  0.0000
4.1219  0.0000  0.0017  -0.0017  0.0000
4.1275  0.0000  0.0017  -0.0017  0.0000
4.1333  0.0000  0.0017  -0.0017  0.0000
4.1391  0.0000  0.0017  -0.0017  0.0000
4.1449  0.0000  0.0017  -0.0017  0.0000
4.1507  0.0000  0.0017  -0.0017  0.0000
4.1565  0.0000  0.0017  -0.0017  0.0000
4.1621  0.0000  0.0017  -0.0017  0.0000
4.1680  0.0000  0.0018  -0.0018  0.0000
4.1742  0.0000  0.0018  -0.0018  0.0000
4.1800  0.0000  0.0019  -0.0019  0.0000
4.1855  0.0000  0.0018  -0.0018  0.0000
4.1915  0.0000  0.0018  -0.0018  0.0000
4.1970  0.0000  0.0019  -0.0019  0.0000
4.2026  0.0000  0.0019  -0.0019  0.0000
4.2084  0.0000  0.0019  -0.0019  0.0000
4.2143  0.0000  0.0019  -0.0019  0.0000
4.2201  0.0000  0.0018  -0.0018  0.0000
4.2258  0.0000  0.0018  -0.0018  0.0000
4.2315  0.0000  0.0018  -0.0018  0.0000
4.2373  0.0000  0.0018  -0.0018  0.0000
4.2428  0.0000  0.0018  -0.0018  0.0000
4.2484  0.0000  0.0018  -0.0018  0.0000
4.2541  0.0000  0.0018  -0.0018  0.0000
4.2598  0.0000  0.0018  -0.0018  0.0000
4.2654  0.0000  0.0018  -0.0018  0.0000
4.2711  0.0000  0.0018  -0.0018  0.0000
4.2767  0.0000  0.0018  -0.0018  0.0000
4.2821  0.0000  0.0018  -0.0018  0.0000
4.2879  0.0000  0.0018  -0.0018  0.0000
4.2939  0.0000  0.0018  -0.0018  0.0000
4.2999  0.0000  0.0018  -0.0018  0.0000
4.3055  0.0000  0.0019  -0.0019  0.0000
4.3116  0.0000  0.0019  -0.0019  0.0000
4.3192  0.0000  0.0019  -0.0019  0.0000
4.3250  0.0000  0.0020  -0.0020  0.0000
4.3308  0.0000  0.0020  -0.0020  0.0000
4.3366  0.0000  0.0020  -0.0020  0.0000
4.3428  0.0000  0.0020  -0.0020  0.0000
4.3487  0.0000  0.0020  -0.0020  0.0000
4.3584  0.0000  0.0020  -0.0020  0.0000
4.3644  0.0000  0.0020  -0.0020  0.0000
4.3714  0.0000  0.0019  -0.0019  0.0000
4.3774  0.0000  0.0019  -0.0019  0.0000
4.3831  0.0000  0.0019  -0.0019  0.0000
4.3888  0.0000  0.0019  -0.0019  0.0000
4.3950  0.0000  0.0020  -0.0020  0.0000
4.4009  0.0000  0.0020  -0.0020  0.0000
4.4066  0.0000  0.0020  -0.0020  0.0000
4.4125  0.0000  0.0020  -0.0020  0.0000
4.4182  0.0000  0.0020  -0.0020  0.0000
4.4239  0.0000  0.0020  -0.0020  0.0000
4.4296  0.0000  0.0020  -0.0020  0.0000
4.4363  0.0000  0.0019  -0.0019  0.0000
4.4420  0.0000  0.0019  -0.0019  0.0000
4.4479  0.0000  0.0019  -0.0019  0.0000
4.4542  0.0000  0.0019  -0.0019  0.0000
4.4594  0.0000  0.0020  -0.0020  0.0000
4.4647  0.0000  0.0020  -0.0020  0.0000
4.4700  0.0000  0.0019  -0.0019  0.0000
4.4757  0.0000  0.0019  -0.0019  0.0000
4.4810  0.0000  0.0019  -0.0019  0.0000
4.4863  0.0000  0.0019  -0.0019  0.0000
4.4918  0.0000  0.0019  -0.0019  0.0000
4.4973  0.0000  0.0019  -0.0019  0.0000
4.5046  0.0000  0.0019  -0.0019  0.0000
4.5103  0.0000  0.0019  -0.0019  0.0000
4.5162  0.0000  0.0019  -0.0019  0.0000
4.5251  0.0000  0.0020  -0.0020  0.0000
4.5314  0.0000  0.0020  -0.0020  0.0000
4.5378  0.0000  0.0020  -0.0020  0.0000
4.5440  0.0000  0.0020  -0.0020  0.0000
4.5487  0.0000  0.0020  -0.0020  0.0000
4.5542  0.0000  0.0020  -0.0020  0.0000
4.5712  0.0000  0.0020  -0.0020  0.0000
4.5770  0.0000  0.0021  -0.0021  0.0000
4.5824  0.0000  0.0020  -0.0020  0.0000
4.5878  0.0000  0.0020  -0.0020  0.0000
4.5932  0.0000  0.0020  -0.0020  0.0000
4.5986  0.0000  0.0020  -0.0020  0.0000
4.6040  0.0000  0.0021  -0.0021  0.0000
4.6096  0.0000  0.0021  -0.0021  0.0000
4.6163  0.0000  0.0020  -0.0020  0.0000
4.6229  0.0000  0.0020  -0.0020  0.0000
4.6291  0.0000  0.0021  -0.0021  0.0000
4.6355  0.0000  0.0021  -0.0021  0.0000
4.6411  0.0000  0.0021  -0.0021  0.0000
4.6465  0.0000  0.0021  -0.0021  0.0000
4.6520  0.0000  0.0021  -0.0021  0.0000
4.6574  0.0000  0.0021  -0.0021  0.0000
4.6629  0.0000  0.0021  -0.0021  0.0000
4.6683  0.0000  0.0021  -0.0021  0.0000
4.6733  0.0000  0.0021  -0.0021  0.0000
4.6786  0.0000  0.0021  -0.0021  0.0000
4.6840  0.0000  0.0021  -0.0021  0.0000
4.6894  0.0000  0.0021  -0.0021  0.0000
4.6948  0.0000  0.0021  -0.0021  0.0000
4.7002  0.0000  0.0021  -0.0021  0.0000
4.7055  0.0000  0.0021  -0.0021  0.0000
4.7110  0.0000  0.0021  -0.0021  0.0000
4.7164  0.0000  0.0021  -0.0021  0.0000
4.7218  0.0000  0.0022  -0.0022  0.0000
4.7272  0.0000  0.0021  -0.0021  0.0000
4.7328  0.0000  0.0021  -0.0021  0.0000
4.7382  0.0000  0.0021  -0.0021  0.0000
4.7437  0.0000  0.0022  -0.0022  0.0000
4.7492  0.0000  0.0022  -0.0022  0.0000
4.7548  0.0000  0.0022  -0.0022  0.0000
4.7602  0.0000  0.0022  -0.0022  0.0000
4.7657  0.0000  0.0022  -0.0022  0.0000
4.7712  0.0000  0.0022  -0.0022  0.0000
4.7773  0.0000  0.0022  -0.0022  0.0000
4.7829  0.0000  0.0022  -0.0022  0.0000
4.7893  0.0000  0.0022  -0.0022  0.0000
4.7950  0.0000  0.0022  -0.0022  0.0000
4.8006  0.0000  0.0022  -0.0022  0.0000
4.8060  0.0000  0.0022  -0.0022  0.0000
4.8115  0.0000  0.0023  -0.0023  0.0000
4.8169  0.0000  0.0022  -0.0022  0.0000
4.8259  0.0000  0.0022  -0.0022  0.0000
4.8316  0.0000  0.0022  -0.0022  0.0000
4.8372  0.0000  0.0022  -0.0022  0.0000
4.8427  0.0000  0.0023  -0.0023  0.0000
4.8482  0.0000  0.0023  -0.0023  0.0000
4.8572  0.0000  0.0023  -0.0023  0.0000
4.8628  0.0000  0.0023  -0.0023  0.0000
4.8683  0.0000  0.0023  -0.0023  0.0000
4.8735  0.0000  0.0023  -0.0023  0.0000
4.8792  0.0000  0.0023  -0.0023  0.0000
4.8849  0.0000  0.0023  -0.0023  0.0000
4.8908  0.0000  0.0023  -0.0023  0.0000
4.8953  0.0000  0.0023  -0.0023  0.0000
4.9006  0.0000  0.0023  -0.0023  0.0000
4.9065  0.0000  0.0023  -0.0023  0.0000
4.9117  0.0000  0.0023  -0.0023  0.0000
4.9171  0.0000  0.0023  -0.0023  0.0000
4.9222  0.0000  0.0023  -0.0023  0.0000
4.9273  0.0000  0.0023  -0.0023  0.0000
4.9328  0.0000  0.0023  -0.0023  0.0000
4.9381  0.0000  0.0023  -0.0023  0.0000
4.9436  0.0000  0.0023  -0.0023  0.0000
4.9489  0.0000  0.0023  -0.0023  0.0000
4.9543  0.0000  0.0023  -0.0023  0.0000
4.9594  0.0000  0.0023  -0.0023  0.0000
4.9646  0.0000  0.0023  -0.0023  0.0000
4.9698  0.0000  0.0023  -0.0023  0.0000
4.9758  0.0000  0.0023  -0.0023  0.0000
4.9814  0.0000  0.0023  -0.0023  0.0000
4.9870  0.0000  0.0023  -0.0023  0.0000
4.9928  0.0000  0.0023  -0.0023  0.0000
4.9984  0.0000  0.0023  -0.0023  0.0000
5.0041  0.0000  0.0023  -0.0023  0.0000
5.0190  0.0000  0.0024  -0.0024  -0.0045
5.0283  0.0000  0.0024  -0.0024  -0.0034
5.0378  0.0000  0.0024  -0.0024  -0.0035
5.0469  0.0000  0.0024  -0.0024  -0.0024
5.0554  0.0000  0.0024  -0.0024  -0.0038
5.0706  0.0000  0.0024  -0.0024  -0.0036
5.0820  0.0000  0.0003  -0.0003  0.0167
5.0915  0.0000  -0.0004  0.0004  0.0099
5.1009  0.0000  -0.0007  0.0007  0.0040
5.1116  0.0000  -0.0006  0.0006  -0.0009
5.1219  0.0000  -0.0003  0.0003  -0.0032
5.1341  0.0000  -0.0004  0.0004  0.0014
5.1443  0.0000  0.0001  -0.0001  -0.0071
5.1559  0.0000  0.0014  -0.0014  -0.0181
5.1661  0.0000  0.0028  -0.0028  -0.0223
5.1768  0.0000  0.0034  -0.0034  -0.0139
5.1857  0.0000  0.0034  -0.0034  -0.0055
5.1951  0.0000  0.0037  -0.0037  -0.0106
5.2046  0.0000  0.0044  -0.0044  -0.0157
5.2138  0.0000  0.0048  -0.0048  -0.0151
5.2230  0.0000  0.0039  -0.0039  0.0080
5.2320  0.0000  0.0024  -0.0024  0.0191
5.2414  0.0000  0.0011  -0.0011  0.0161
5.2507  0.0000  0.0004  -0.0004  0.0092
5.2585  0.0000  0.0000  -0.0000  0.0041
5.2671  0.0000  -0.0003  0.0003  0.0049
5.2769  0.0000  -0.0000  0.0000  -0.0057
5.2856  0.0000  -0.0006  0.0006  0.0080
5.2945  0.0000  -0.0013  0.0013  0.0125
5.3031  0.0000  -0.0031  0.0031  0.0307
5.3117  0.0000  -0.0049  0.0049  0.0359
5.3204  0.0000  -0.0075  0.0075  0.0504
5.3308  0.0000  -0.0102  0.0102  0.0572
5.3383  0.0000  -0.0121  0.0121  0.0433
5.3469  0.0000  -0.0119  0.0119  0.0138
5.3553  0.0000  -0.0115  0.0115  0.0091
5.3636  0.0000  -0.0107  0.0107  0.0022
5.3723  0.0000  -0.0105  0.0105  0.0109
5.3816  0.0000  -0.0097  0.0097  0.0036
5.3918  0.0000  -0.0094  0.0094  0.0088
5.4013  0.0000  -0.0078  0.0078  -0.0082
5.4108  0.0000  -0.0063  0.0063  -0.0106
5.4200  0.0000  -0.0055  0.0055  -0.0020
5.4291  0.0000  -0.0052  0.0052  0.0044
5.4385  0.0000  -0.0054  0.0054  0.0125
5.4478  0.0000  -0.0058  0.0058  0.0168
5.4572  0.0000  -0.0038  0.0038  -0.0226
5.4664  0.0000  -0.0013  0.0013  -0.0317
5.4761  0.0000  0.0011  -0.0011  -0.0341
5.4853  0.0000  0.0023  -0.0023  -0.0174
5.4947  0.0000  0.0032  -0.0032  -0.0150
5.5039  0.0000  0.0034  -0.0034  -0.0052
5.5126  0.0000  0.0037  -0.0037  -0.0071
5.5233  0.0000  0.0046  -0.0046  -0.0161
5.5326  0.0000  0.0063  -0.0063  -0.0321
5.5428  0.0000  0.0083  -0.0083  -0.0365
5.5526  0.0000  0.0107  -0.0107  -0.0480
5.5620  0.0000  0.0120  -0.0120  -0.0345
5.5783  0.0000  0.0131  -0.0131  -0.0330
5.5884  0.0000  0.0126  -0.0126  -0.0126
5.5979  0.0000  0.0125  -0.0125  -0.0154
5.6071  0.0000  0.0126  -0.0126  -0.0190
5.6189  0.0000  0.0126  -0.0126  -0.0190
5.6273  0.0000  0.0120  -0.0120  -0.0095
5.6367  0.0000  0.0118  -0.0118  -0.0148
5.6453  0.0000  0.0109  -0.0109  -0.0030
5.6539  0.0000  0.0095  -0.0095  0.0074
5.6625  0.0000  0.0076  -0.0076  0.0171
5.6714  0.0000  0.0060  -0.0060  0.0151
5.6804  0.0000  0.0042  -0.0042  0.0185
5.6890  0.0000  0.0025  -0.0025  0.0219
5.6977  0.0000  0.0008  -0.0008  0.0226
5.7063  0.0000  -0.0008  0.0008  0.0244
5.7150  0.0000  -0.0018  0.0018  0.0142
5.7247  0.0000  -0.0026  0.0026  0.0123
5.7342  0.0000  -0.0034  0.0034  0.0142
5.7446  0.0000  -0.0045  0.0045  0.0183
5.7557  0.0000  -0.0054  0.0054  0.0155
5.7645  0.0000  -0.0048  0.0048  -0.0033
5.7738  0.0000  -0.0043  0.0043  -0.0055
5.7824  0.0000  -0.0033  0.0033  -0.0127
5.7906  0.0000  -0.0019  0.0019  -0.0220
5.7994  0.0000  -0.0002  0.0002  -0.0289
5.8078  0.0000  0.0012  -0.0012  -0.0268
5.8156  0.0000  0.0019  -0.0019  -0.0187
5.8238  0.0000  0.0025  -0.0025  -0.0141
5.8330  0.0000  0.0024  -0.0024  -0.0045
5.8426  0.0000  0.0022  -0.0022  -0.0033
5.8523  0.0000  0.0035  -0.0035  -0.0254
5.8613  0.0000  0.0049  -0.0049  -0.0295
5.8704  0.0000  0.0067  -0.0067  -0.0403
5.8809  0.0000  0.0089  -0.0089  -0.0455
5.8911  0.0000  0.0126  -0.0126  -0.0711
5.9017  0.0000  0.0158  -0.0158  -0.0658
5.9116  0.0000  0.0179  -0.0179  -0.0574
5.9203  0.0000  0.0191  -0.0191  -0.0508
5.9288  0.0000  0.0200  -0.0200  -0.0481
5.9371  0.0000  0.0211  -0.0211  -0.0522
5.9454  0.0000  0.0218  -0.0218  -0.0492
5.9535  0.0000  0.0222  -0.0222  -0.0432
5.9614  0.0000  0.0229  -0.0229  -0.0509
5.9697  0.0000  0.0229  -0.0229  -0.0407
5.9791  0.0000  0.0217  -0.0217  -0.0197
5.9884  0.0000  0.0199  -0.0199  -0.0112
5.9975  0.0000  0.0175  -0.0175  0.0021
6.0063  0.0000  0.0147  -0.0147  0.0128
6.0152  0.0000  0.0119  -0.0119  0.0166
6.0244  0.0000  0.0093  -0.0093  0.0163
6.0332  0.0000  0.0062  -0.0062  0.0272
6.0426  0.0000  0.0032  -0.0032  0.0279
6.0515  0.0000  -0.0002  0.0002  0.0418
6.0606  0.0000  -0.0037  0.0037  0.0471
6.0694  0.0000  -0.0071  0.0071  0.0511
6.0847  0.0000  -0.0108  0.0108  0.0615
6.0950  0.0000  -0.0158  0.0158  0.0569
6.1039  0.0000  -0.0184  0.0184  0.0505
6.1127  0.0000  -0.0215  0.0215  0.0684
6.1218  0.0000  -0.0237  0.0237  0.0576
6.1309  0.0000  -0.0260  0.0260  0.0634
6.1396  0.0000  -0.0271  0.0271  0.0457
6.1485  0.0000  -0.0276  0.0276  0.0394
6.1578  0.0000  -0.0285  0.0285  0.0469
6.1668  0.0000  -0.0288  0.0288  0.0388
6.1758  0.0000  -0.0294  0.0294  0.0448
6.1846  0.0000  -0.0301  0.0301  0.0499
6.1936  0.0000  -0.0307  0.0307  0.0486
6.2026  0.0000  -0.0307  0.0307  0.0397
6.2114  0.0000  -0.0305  0.0305  0.0381
6.2205  0.0000  -0.0302  0.0302  0.0368
6.2294  0.0000  -0.0292  0.0292  0.0270
6.2384  0.0000  -0.0284  0.0284  0.0285
6.2472  0.0000  -0.0281  0.0281  0.0362
6.2561  0.0000  -0.0283  0.0283  0.0445
6.2652  0.0000  -0.0281  0.0281  0.0400
6.2744  0.0000  -0.0267  0.0267  0.0193
6.2834  0.0000  -0.0255  0.0255  0.0236
6.2925  0.0000  -0.0233  0.0233  0.0048
6.3013  0.0000  -0.0206  0.0206  -0.0068
6.3105  0.0000  -0.0180  0.0180  -0.0069
6.3195  0.0000  -0.0160  0.0160  0.0009
6.3310  0.0000  -0.0143  0.0143  0.0024
6.3400  0.0000  -0.0113  0.0113  -0.0126
6.3507  0.0000  -0.0083  0.0083  -0.0261
6.3596  0.0000  -0.0047  0.0047  -0.0303
6.3683  0.0000  -0.0022  0.0022  -0.0260
6.3777  0.0000  -0.0002  0.0002  -0.0196
6.3864  0.0000  0.0015  -0.0015  -0.0187
6.3983  0.0000  0.0029  -0.0029  -0.0136
6.4078  0.0000  0.0045  -0.0045  -0.0164
6.4172  0.0000  0.0066  -0.0066  -0.0302
6.4265  0.0000  0.0076  -0.0076  -0.0156
6.4357  0.0000  0.0084  -0.0084  -0.0141
6.4448  0.0000  0.0084  -0.0084  -0.0023
6.4540  0.0000  0.0086  -0.0086  -0.0058
6.4630  0.0000  0.0080  -0.0080  0.0065
6.4727  0.0000  0.0074  -0.0074  0.0070
6.4815  0.0000  0.0065  -0.0065  0.0141
6.4904  0.0000  0.0054  -0.0054  0.0174
6.4994  0.0000  0.0039  -0.0039  0.0255
6.5084  0.0000  0.0021  -0.0021  0.0323
6.5174  0.0000  0.0004  -0.0004  0.0339
6.5268  0.0000  -0.0007  0.0007  0.0253
6.5361  0.0000  -0.0015  0.0015  0.0214
6.5460  0.0000  -0.0020  0.0020  0.0170
6.5552  0.0000  -0.0018  0.0018  0.0076
6.5644  0.0000  -0.0019  0.0019  0.0121
6.5738  0.0000  -0.0015  0.0015  0.0040
6.5901  0.0000  -0.0011  0.0011  0.0038
6.6001  0.0000  0.0009  -0.0009  -0.0123
6.6095  0.0000  0.0025  -0.0025  -0.0142
6.6185  0.0000  0.0041  -0.0041  -0.0230
6.6290  0.0000  0.0058  -0.0058  -0.0220
6.6412  0.0000  0.0078  -0.0078  -0.0273
6.6511  0.0000  0.0100  -0.0100  -0.0384
6.6613  0.0000  0.0116  -0.0116  -0.0294
6.6707  0.0000  0.0126  -0.0126  -0.0265
6.6810  0.0000  0.0134  -0.0134  -0.0228
6.6909  0.0000  0.0141  -0.0141  -0.0232
6.7008  0.0000  0.0144  -0.0144  -0.0200
6.7114  0.0000  0.0141  -0.0141  -0.0099
6.7237  0.0000  0.0134  -0.0134  -0.0038
6.7328  0.0000  0.0121  -0.0121  0.0020
6.7424  0.0000  0.0108  -0.0108  0.0077
6.7518  0.0000  0.0096  -0.0096  0.0077
6.7609  0.0000  0.0075  -0.0075  0.0231
6.7701  0.0000  0.0066  -0.0066  0.0069
6.7780  0.0000  0.0052  -0.0052  0.0195
6.7876  0.0000  0.0033  -0.0033  0.0254
6.7966  0.0000  0.0022  -0.0022  0.0161
6.8057  0.0000  0.0012  -0.0012  0.0158
6.8151  0.0000  0.0002  -0.0002  0.0158
6.8246  0.0000  -0.0002  0.0002  0.0094
6.8349  0.0000  -0.0012  0.0012  0.0172
6.8444  0.0000  -0.0017  0.0017  0.0107
6.8564  0.0000  -0.0018  0.0018  0.0062
6.8658  0.0000  -0.0015  0.0015  0.0006
6.8759  0.0000  -0.0011  0.0011  -0.0025
6.8841  0.0000  -0.0009  0.0009  0.0018
6.8948  0.0000  -0.0011  0.0011  0.0057
6.9040  0.0000  -0.0020  0.0020  0.0176
6.9152  0.0000  -0.0026  0.0026  0.0145
6.9246  0.0000  -0.0031  0.0031  0.0130
6.9338  0.0000  -0.0027  0.0027  0.0006
6.9431  0.0000  -0.0014  0.0014  -0.0141
6.9535  0.0000  -0.0009  0.0009  -0.0037
6.9626  0.0000  -0.0007  0.0007  0.0004
6.9714  0.0000  -0.0011  0.0011  0.0105
6.9805  0.0000  -0.0012  0.0012  0.0063
6.9900  0.0000  -0.0008  0.0008  -0.0026
6.9992  0.0000  -0.0002  0.0002  -0.0052
7.0085  0.0000  0.0007  -0.0007  -0.0125
7.0178  0.0000  0.0013  -0.0013  -0.0068
7.0271  0.0000  0.0028  -0.0028  -0.0236
7.0365  0.0000  0.0041  -0.0041  -0.0236
7.0458  0.0000  0.0047  -0.0047  -0.0127
7.0560  0.0000  0.0066  -0.0066  -0.0316
7.0652  0.0000  0.0078  -0.0078  -0.0278
7.0756  0.0000  0.0096  -0.0096  -0.0360
7.0914  0.0000  0.0120  -0.0120  -0.0507
7.0995  0.0000  0.0148  -0.0148  -0.0456
7.1108  0.0000  0.0166  -0.0166  -0.0489
7.1203  0.0000  0.0180  -0.0180  -0.0416
7.1303  0.0000  0.0185  -0.0185  -0.0347
7.1413  0.0000  0.0192  -0.0192  -0.0362
7.1516  0.0000  0.0196  -0.0196  -0.0342
7.1632  0.0000  0.0186  -0.0186  -0.0142
7.1732  0.0000  0.0175  -0.0175  -0.0151
7.1868  0.0000  0.0151  -0.0151  0.0040
7.1968  0.0000  0.0114  -0.0114  0.0227
7.2063  0.0000  0.0088  -0.0088  0.0205
7.2147  0.0000  0.0058  -0.0058  0.0345
7.2232  0.0000  0.0035  -0.0035  0.0291
7.2316  0.0000  0.0009  -0.0009  0.0359
7.2403  0.0000  -0.0019  0.0019  0.0416
7.2488  0.0000  -0.0048  0.0048  0.0489
7.2573  0.0000  -0.0073  0.0073  0.0452
7.2658  0.0000  -0.0095  0.0095  0.0441
7.2745  0.0000  -0.0119  0.0119  0.0515
7.2829  0.0000  -0.0141  0.0141  0.0501
7.2914  0.0000  -0.0162  0.0162  0.0523
7.3002  0.0000  -0.0179  0.0179  0.0494
7.3088  0.0000  -0.0193  0.0193  0.0468
7.3173  0.0000  -0.0213  0.0213  0.0588
7.3255  0.0000  -0.0222  0.0222  0.0436
7.3345  0.0000  -0.0229  0.0229  0.0407
7.3426  0.0000  -0.0232  0.0232  0.0355
7.3508  0.0000  -0.0232  0.0232  0.0332
7.3593  0.0000  -0.0235  0.0235  0.0371
7.3685  0.0000  -0.0227  0.0227  0.0196
7.3770  0.0000  -0.0220  0.0220  0.0217
7.3851  0.0000  -0.0204  0.0204  0.0038
7.3947  0.0000  -0.0188  0.0188  0.0010
7.4046  0.0000  -0.0163  0.0163  -0.0057
7.4159  0.0000  -0.0137  0.0137  -0.0087
7.4255  0.0000  -0.0107  0.0107  -0.0257
7.4356  0.0000  -0.0079  0.0079  -0.0234
7.4455  0.0000  -0.0052  0.0052  -0.0246
7.4553  0.0000  -0.0024  0.0024  -0.0311
7.4649  0.0000  -0.0002  0.0002  -0.0246
7.4746  0.0000  0.0029  -0.0029  -0.0442
7.4828  0.0000  0.0057  -0.0057  -0.0510
7.4926  0.0000  0.0078  -0.0078  -0.0352
7.5018  0.0000  0.0102  -0.0102  -0.0448
7.5113  0.0000  0.0123  -0.0123  -0.0446
7.5205  0.0000  0.0145  -0.0145  -0.0476
7.5304  0.0000  0.0158  -0.0158  -0.0367
7.5398  0.0000  0.0172  -0.0172  -0.0411
7.5496  0.0000  0.0180  -0.0180  -0.0337
7.5592  0.0000  0.0187  -0.0187  -0.0328
7.5679  0.0000  0.0187  -0.0187  -0.0245
7.5758  0.0000  0.0187  -0.0187  -0.0251
7.5930  0.0000  0.0180  -0.0180  -0.0138
7.6019  0.0000  0.0164  -0.0164  -0.0094
7.6107  0.0000  0.0154  -0.0154  -0.0058
7.6217  0.0000  0.0143  -0.0143  -0.0034
7.6305  0.0000  0.0131  -0.0131  -0.0046
7.6396  0.0000  0.0123  -0.0123  -0.0072
7.6479  0.0000  0.0110  -0.0110  0.0039
7.6617  0.0000  0.0106  -0.0106  -0.0122
7.6733  0.0000  0.0078  -0.0078  0.0157
7.6837  0.0000  0.0057  -0.0057  0.0149
7.6943  0.0000  0.0038  -0.0038  0.0158
7.7039  0.0000  0.0025  -0.0025  0.0105
7.7141  0.0000  0.0015  -0.0015  0.0084
7.7239  0.0000  0.0012  -0.0012  -0.0022
7.7332  0.0000  0.0011  -0.0011  -0.0043
7.7429  0.0000  0.0008  -0.0008  0.0001
7.7530  0.0000  0.0001  -0.0001  0.0049
7.7628  0.0000  -0.0008  0.0008  0.0102
7.7725  0.0000  -0.0018  0.0018  0.0120
7.7819  0.0000  -0.0026  0.0026  0.0110
7.7922  0.0000  -0.0031  0.0031  0.0089
7.8020  0.0000  -0.0038  0.0038  0.0107
7.8118  0.0000  -0.0044  0.0044  0.0110
7.8214  0.0000  -0.0048  0.0048  0.0080
7.8320  0.0000  -0.0050  0.0050  0.0059
7.8417  0.0000  -0.0046  0.0046  -0.0016
7.8507  0.0000  -0.0041  0.0041  -0.0047
7.8596  0.0000  -0.0035  0.0035  -0.0076
7.8685  0.0000  -0.0025  0.0025  -0.0157
7.8782  0.0000  -0.0011  0.0011  -0.0224
7.8874  0.0000  0.0003  -0.0003  -0.0236
7.8987  0.0000  0.0014  -0.0014  -0.0186
7.9098  0.0000  0.0027  -0.0027  -0.0235
7.9208  0.0000  0.0034  -0.0034  -0.0155
7.9291  0.0000  0.0045  -0.0045  -0.0277
7.9379  0.0000  0.0054  -0.0054  -0.0256
7.9465  0.0000  0.0058  -0.0058  -0.0172
7.9555  0.0000  0.0064  -0.0064  -0.0222
7.9645  0.0000  0.0064  -0.0064  -0.0128
7.9737  0.0000  0.0060  -0.0060  -0.0057
7.9827  0.0000  0.0054  -0.0054  -0.0018
7.9917  0.0000  0.0055  -0.0055  -0.0139
8.0006  0.0000  0.0054  -0.0054  -0.0108
8.0097  0.0000  0.0053  -0.0053  -0.0095
8.0189  0.0000  0.0055  -0.0055  -0.0167
8.0280  0.0000  0.0062  -0.0062  -0.0234
8.0373  0.0000  0.0061  -0.0061  -0.0116
8.0463  0.0000  0.0055  -0.0055  -0.0044
8.0561  0.0000  0.0046  -0.0046  0.0015
8.0652  0.0000  0.0029  -0.0029  0.0171
8.0745  0.0000  0.0015  -0.0015  0.0137
8.0837  0.0000  0.0005  -0.0005  0.0086
8.0991  0.0000  0.0001  -0.0001  -0.0003
8.1083  0.0000  -0.0006  0.0006  0.0015
8.1179  0.0000  -0.0019  0.0019  0.0153
8.1287  0.0000  -0.0029  0.0029  0.0136
8.1377  0.0000  -0.0045  0.0045  0.0220
8.1475  0.0000  -0.0049  0.0049  0.0072
8.1578  0.0000  -0.0050  0.0050  0.0026
8.1676  0.0000  -0.0051  0.0051  0.0045
8.1778  0.0000  -0.0052  0.0052  0.0032
8.1872  0.0000  -0.0046  0.0046  -0.0067
8.1953  0.0000  -0.0047  0.0047  0.0022
8.2048  0.0000  -0.0049  0.0049  0.0050
8.2142  0.0000  -0.0044  0.0044  -0.0042
8.2237  0.0000  -0.0044  0.0044  0.0004
8.2334  0.0000  -0.0043  0.0043  0.0014
8.2428  0.0000  -0.0035  0.0035  -0.0110
8.2524  0.0000  -0.0038  0.0038  0.0052
8.2617  0.0000  -0.0039  0.0039  0.0037
8.2714  0.0000  -0.0041  0.0041  0.0051
8.2803  0.0000  -0.0039  0.0039  -0.0011
8.2900  0.0000  -0.0038  0.0038  -0.0001
8.2994  0.0000  -0.0030  0.0030  -0.0094
8.3090  0.0000  -0.0025  0.0025  -0.0084
8.3185  0.0000  -0.0021  0.0021  -0.0053
8.3281  0.0000  -0.0016  0.0016  -0.0072
8.3377  0.0000  -0.0015  0.0015  -0.0031
8.3473  0.0000  -0.0017  0.0017  0.0031
8.3568  0.0000  -0.0013  0.0013  -0.0066
8.3664  0.0000  -0.0009  0.0009  -0.0085
8.3761  0.0000  -0.0002  0.0002  -0.0118
8.3870  0.0000  0.0007  -0.0007  -0.0170
8.3969  0.0000  0.0023  -0.0023  -0.0257
8.4062  0.0000  0.0031  -0.0031  -0.0199
8.4168  0.0000  0.0033  -0.0033  -0.0099
8.4269  0.0000  0.0032  -0.0032  -0.0053
8.4376  0.0000  0.0025  -0.0025  0.0022
8.4468  0.0000  0.0017  -0.0017  0.0052
8.4567  0.0000  0.0013  -0.0013  0.0018
8.4664  0.0000  0.0011  -0.0011  -0.0022
8.4762  0.0000  0.0007  -0.0007  0.0010
8.4861  0.0000  -0.0007  0.0007  0.0177
8.4958  0.0000  -0.0019  0.0019  0.0163
8.5052  0.0000  -0.0039  0.0039  0.0311
8.5158  0.0000  -0.0064  0.0064  0.0384
8.5254  0.0000  -0.0087  0.0087  0.0444
8.5346  0.0000  -0.0109  0.0109  0.0436
8.5439  0.0000  -0.0127  0.0127  0.0418
8.5531  0.0000  -0.0146  0.0146  0.0476
8.5635  0.0000  -0.0166  0.0166  0.0487
8.5729  0.0000  -0.0189  0.0189  0.0585
8.5820  0.0000  -0.0211  0.0211  0.0630
8.5914  0.0000  -0.0233  0.0233  0.0646
8.6102  0.0000  -0.0242  0.0242  0.0488
8.6249  0.0000  -0.0266  0.0266  0.0561
8.6348  0.0000  -0.0272  0.0272  0.0478
8.6439  0.0000  -0.0262  0.0262  0.0259
8.6531  0.0000  -0.0250  0.0250  0.0208
8.6623  0.0000  -0.0235  0.0235  0.0167
8.6708  0.0000  -0.0217  0.0217  0.0071
8.6794  0.0000  -0.0203  0.0203  0.0129
8.6875  0.0000  -0.0182  0.0182  -0.0013
8.6963  0.0000  -0.0157  0.0157  -0.0112
8.7045  0.0000  -0.0136  0.0136  -0.0064
8.7128  0.0000  -0.0117  0.0117  -0.0074
8.7211  0.0000  -0.0094  0.0094  -0.0150
8.7295  0.0000  -0.0079  0.0079  -0.0048
8.7378  0.0000  -0.0058  0.0058  -0.0171
8.7459  0.0000  -0.0029  0.0029  -0.0340
8.7546  0.0000  -0.0009  0.0009  -0.0214
8.7629  0.0000  0.0015  -0.0015  -0.0311
8.7715  0.0000  0.0036  -0.0036  -0.0301
8.7799  0.0000  0.0051  -0.0051  -0.0211
8.7880  0.0000  0.0066  -0.0066  -0.0240
8.7961  0.0000  0.0089  -0.0089  -0.0409
8.8040  0.0000  0.0105  -0.0105  -0.0338
8.8121  0.0000  0.0124  -0.0124  -0.0399
8.8203  0.0000  0.0135  -0.0135  -0.0276
8.8285  0.0000  0.0149  -0.0149  -0.0355
8.8375  0.0000  0.0159  -0.0159  -0.0295
8.8467  0.0000  0.0160  -0.0160  -0.0157
8.8560  0.0000  0.0160  -0.0160  -0.0156
8.8651  0.0000  0.0159  -0.0159  -0.0129
8.8738  0.0000  0.0159  -0.0159  -0.0146
8.8833  0.0000  0.0152  -0.0152  -0.0053
8.8938  0.0000  0.0147  -0.0147  -0.0078
8.9031  0.0000  0.0140  -0.0140  -0.0044
8.9127  0.0000  0.0131  -0.0131  -0.0005
8.9230  0.0000  0.0115  -0.0115  0.0094
8.9331  0.0000  0.0096  -0.0096  0.0196
8.9423  0.0000  0.0073  -0.0073  0.0250
8.9521  0.0000  0.0058  -0.0058  0.0177
8.9618  0.0000  0.0043  -0.0043  0.0196
8.9716  0.0000  0.0027  -0.0027  0.0202
8.9808  0.0000  0.0016  -0.0016  0.0185
8.9905  0.0000  -0.0003  0.0003  0.0308
9.0002  0.0000  -0.0015  0.0015  0.0227
9.0097  0.0000  -0.0027  0.0027  0.0233
9.0244  0.0000  -0.0051  0.0051  0.0000
9.0303  0.0000  -0.0063  0.0063  0.0000
9.0361  0.0000  -0.0073  0.0073  0.0000
9.0422  0.0000  -0.0084  0.0084  0.0000
9.0479  0.0000  -0.0093  0.0093  0.0000
9.0537  0.0000  -0.0108  0.0108  0.0000
9.0603  0.0000  -0.0131  0.0131  0.0000
9.0665  0.0000  -0.0164  0.0164  0.0000
9.0724  0.0000  -0.0200  0.0200  0.0000
9.0781  0.0000  -0.0244  0.0244  0.0000
9.0838  0.0000  -0.0277  0.0277  0.0000
9.0902  0.0000  -0.0327  0.0327  0.0000
9.0960  0.0000  -0.0374  0.0374  0.0000
9.1005  0.0000  -0.0422  0.0422  0.0000
9.1115  0.0000  -0.0465  0.0465  0.0000
9.1176  0.0000  -0.0555  0.0555  0.0000
9.1230  0.0000  -0.0598  0.0598  0.0000
9.1285  0.0000  -0.0650  0.0650  0.0000
9.1335  0.0000  -0.0695  0.0695  0.0000
9.1390  0.0000  -0.0730  0.0730  0.0000
9.1462  0.0000  -0.0772  0.0772  0.0000
9.1513  0.0000  -0.0823  0.0823  0.0000
9.1565  0.0000  -0.0865  0.0865  0.0000
9.1621  0.0000  -0.0901  0.0901  0.0000
9.1673  0.0000  -0.0945  0.0945  0.0000
9.1716  0.0000  -0.0982  0.0982  0.0000
9.1776  0.0000  -0.1016  0.1016  0.0000
9.1833  0.0000  -0.1052  0.1052  0.0000
9.1887  0.0000  -0.1099  0.1099  0.0000
9.1934  0.0000  -0.1132  0.1132  0.0000
9.1990  0.0000  -0.1167  0.1167  0.0000
9.2049  0.0000  -0.1200  0.1200  0.0000
9.2106  0.0000  -0.1238  0.1238  0.0000
9.2161  0.0000  -0.1281  0.1281  0.0000
9.2214  0.0000  -0.1312  0.1312  0.0000
9.2275  0.0000  -0.1344  0.1344  0.0000
9.2317  0.0000  -0.1388  0.1388  0.0000
9.2374  0.0000  -0.1412  0.1412  0.0000
9.2428  0.0000  -0.1457  0.1457  0.0000
9.2481  0.0000  -0.1492  0.1492  0.0000
9.2538  0.0000  -0.1517  0.1517  0.0000
9.2593  0.0000  -0.1555  0.1555  0.0000
9.2647  0.0000  -0.1580  0.1580  0.0000
9.2701  0.0000  -0.1609  0.1609  0.0000
9.2755  0.0000  -0.1632  0.1632  0.0000
9.2808  0.0000  -0.1654  0.1654  0.0000
9.2859  0.0000  -0.1682  0.1682  0.0000
9.2907  0.0000  -0.1706  0.1706  0.0000
9.2957  0.0000  -0.1733  0.1733  0.0000
9.3005  0.0000  -0.1761  0.1761  0.0000
9.3054  0.0000  -0.1787  0.1787  0.0000
9.3103  0.0000  -0.1812  0.1812  0.0000
9.3150  0.0000  -0.1836  0.1836  0.0000
9.3199  0.0000  -0.1859  0.1859  0.0000
9.3252  0.0000  -0.1875  0.1875  0.0000
9.3301  0.0000  -0.1903  0.1903  0.0000
9.3367  0.0000  -0.1924  0.1924  0.0000
9.3420  0.0000  -0.1947  0.1947  0.0000
9.3472  0.0000  -0.1966  0.1966  0.0000
9.3525  0.0000  -0.1988  0.1988  0.0000
9.3578  0.0000  -0.2009  0.2009  0.0000
9.3629  0.0000  -0.2033  0.2033  0.0000
9.3680  0.0000  -0.2048  0.2048  0.0000
9.3731  0.0000  -0.2067  0.2067  0.0000
9.3781  0.0000  -0.2085  0.2085  0.0000
9.3834  0.0000  -0.2098  0.2098  0.0000
9.3885  0.0000  -0.2114  0.2114  0.0000
9.3938  0.0000  -0.2126  0.2126  0.0000
9.4010  0.0000  -0.2140  0.2140  0.0000
9.4065  0.0000  -0.2154  0.2154  0.0000
9.4128  0.0000  -0.2173  0.2173  0.0000
9.4190  0.0000  -0.2187  0.2187  0.0000
9.4247  0.0000  -0.2203  0.2203  0.0000
9.4308  0.0000  -0.2213  0.2213  0.0000
9.4364  0.0000  -0.2226  0.2226  0.0000
9.4418  0.0000  -0.2241  0.2241  0.0000
9.4472  0.0000  -0.2252  0.2252  0.0000
9.4527  0.0000  -0.2262  0.2262  0.0000
9.4581  0.0000  -0.2271  0.2271  0.0000
9.4636  0.0000  -0.2285  0.2285  0.0000
9.4691  0.0000  -0.2294  0.2294  0.0000
9.4755  0.0000  -0.2304  0.2304  0.0000
9.4815  0.0000  -0.2314  0.2314  0.0000
9.4873  0.0000  -0.2322  0.2322  0.0000
9.4932  0.0000  -0.2330  0.2330  0.0000
9.4991  0.0000  -0.2339  0.2339  0.0000
9.5049  0.0000  -0.2345  0.2345  0.0000
9.5107  0.0000  -0.2353  0.2353  0.0000
9.5166  0.0000  -0.2362  0.2362  0.0000
9.5291  0.0000  -0.2371  0.2371  0.0000
9.5349  0.0000  -0.2386  0.2386  0.0000
9.5408  0.0000  -0.2391  0.2391  0.0000
9.5467  0.0000  -0.2394  0.2394  0.0000
9.5526  0.0000  -0.2397  0.2397  0.0000
9.5585  0.0000  -0.2401  0.2401  0.0000
9.5650  0.0000  -0.2404  0.2404  0.0000
9.5709  0.0000  -0.2409  0.2409  0.0000
9.5771  0.0000  -0.2412  0.2412  0.0000
9.5829  0.0000  -0.2416  0.2416  0.0000
9.5886  0.0000  -0.2418  0.2418  0.0000
9.5948  0.0000  -0.2420  0.2420  0.0000
9.6006  0.0000  -0.2422  0.2422  0.0000
9.6066  0.0000  -0.2424  0.2424  0.0000
9.6159  0.0000  -0.2422  0.2422  0.0000
9.6217  0.0000  -0.2422  0.2422  0.0000
9.6274  0.0000  -0.2422  0.2422  0.0000
9.6332  0.0000  -0.2424  0.2424  0.0000
9.6391  0.0000  -0.2424  0.2424  0.0000
9.6449  0.0000  -0.2424  0.2424  0.0000
9.6507  0.0000  -0.2423  0.2423  0.0000
9.6579  0.0000  -0.2424  0.2424  0.0000
9.6642  0.0000  -0.2423  0.2423  0.0000
9.6733  0.0000  -0.2422  0.2422  0.0000
9.6804  0.0000  -0.2420  0.2420  0.0000
9.6871  0.0000  -0.2418  0.2418  0.0000
9.6941  0.0000  -0.2414  0.2414  0.0000
9.7035  0.0000  -0.2409  0.2409  0.0000
9.7088  0.0000  -0.2407  0.2407  0.0000
9.7152  0.0000  -0.2405  0.2405  0.0000
9.7213  0.0000  -0.2403  0.2403  0.0000
9.7269  0.0000  -0.2402  0.2402  0.0000
9.7323  0.0000  -0.2400  0.2400  0.0000
9.7375  0.0000  -0.2397  0.2397  0.0000
9.7427  0.0000  -0.2397  0.2397  0.0000
9.7480  0.0000  -0.2393  0.2393  0.0000
9.7532  0.0000  -0.2391  0.2391  0.0000
9.7585  0.0000  -0.2388  0.2388  0.0000
9.7637  0.0000  -0.2387  0.2387  0.0000
9.7690  0.0000  -0.2386  0.2386  0.0000
9.7747  0.0000  -0.2383  0.2383  0.0000
9.7800  0.0000  -0.2382  0.2382  0.0000
9.7851  0.0000  -0.2380  0.2380  0.0000
9.7917  0.0000  -0.2378  0.2378  0.0000
9.7969  0.0000  -0.2377  0.2377  0.0000
9.8024  0.0000  -0.2375  0.2375  0.0000
9.8078  0.0000  -0.2373  0.2373  0.0000
9.8132  0.0000  -0.2370  0.2370  0.0000
9.8183  0.0000  -0.2367  0.2367  0.0000
9.8237  0.0000  -0.2364  0.2364  0.0000
9.8293  0.0000  -0.2360  0.2360  0.0000
9.8346  0.0000  -0.2358  0.2358  0.0000
9.8400  0.0000  -0.2353  0.2353  0.0000
9.8453  0.0000  -0.2350  0.2350  0.0000
9.8505  0.0000  -0.2347  0.2347  0.0000
9.8560  0.0000  -0.2342  0.2342  0.0000
9.8613  0.0000  -0.2336  0.2336  0.0000
9.8665  0.0000  -0.2332  0.2332  0.0000
9.8721  0.0000  -0.2327  0.2327  0.0000
9.8780  0.0000  -0.2321  0.2321  0.0000
9.8835  0.0000  -0.2318  0.2318  0.0000
9.8887  0.0000  -0.2314  0.2314  0.0000
9.8942  0.0000  -0.2311  0.2311  0.0000
9.8994  0.0000  -0.2308  0.2308  0.0000
9.9065  0.0000  -0.2307  0.2307  0.0000
9.9121  0.0000  -0.2304  0.2304  0.0000
9.9179  0.0000  -0.2303  0.2303  0.0000
9.9236  0.0000  -0.2303  0.2303  0.0000
9.9289  0.0000  -0.2303  0.2303  0.0000
9.9349  0.0000  -0.2304  0.2304  0.0000
9.9407  0.0000  -0.2305  0.2305  0.0000
9.9472  0.0000  -0.2308  0.2308  0.0000
9.9536  0.0000  -0.2309  0.2309  0.0000
9.9590  0.0000  -0.2311  0.2311  0.0000
9.9644  0.0000  -0.2313  0.2313  0.0000
9.9698  0.0000  -0.2315  0.2315  0.0000
9.9754  0.0000  -0.2316  0.2316  0.0000
9.9808  0.0000  -0.2318  0.2318  0.0000
9.9861  0.0000  -0.2320  0.2320  0.0000
9.9914  0.0000  -0.2321  0.2321  0.0000
9.9967  0.0000  -0.2322  0.2322  0.0000
10.0021  0.0000  -0.2322  0.2322  0.0000
10.0075  0.0000  -0.2324  0.2324  0.0000
10.0129  0.0000  -0.2324  0.2324  0.0000
10.0183  0.0000  -0.2325  0.2325  0.0000
10.0301  0.0000  -0.2326  0.2326  0.0000
10.0354  0.0000  -0.2326  0.2326  0.0000
10.0408  0.0000  -0.2326  0.2326  0.0000
10.0462  0.0000  -0.2326  0.2326  0.0000
10.0516  0.0000  -0.2326  0.2326  0.0000
10.0569  0.0000  -0.2324  0.2324  0.0000
10.0623  0.0000  -0.2324  0.2324  0.0000
10.0683  0.0000  -0.2322  0.2322  0.0000
10.0737  0.0000  -0.2321  0.2321  0.0000
10.0790  0.0000  -0.2321  0.2321  0.0000
10.0844  0.0000  -0.2320  0.2320  0.0000
10.0899  0.0000  -0.2319  0.2319  0.0000
10.0952  0.0000  -0.2319  0.2319  0.0000
10.1004  0.0000  -0.2318  0.2318  0.0000
10.1058  0.0000  -0.2318  0.2318  0.0000
10.1102  0.0000  -0.2318  0.2318  0.0000
10.1186  0.0000  -0.2318  0.2318  0.0000
10.1238  0.0000  -0.2318  0.2318  0.0000
10.1289  0.0000  -0.2318  0.2318  0.0000
10.1344  0.0000  -0.2319  0.2319  0.0000
10.1397  0.0000  -0.2319  0.2319  0.0000
10.1448  0.0000  -0.2320  0.2320  0.0000
10.1502  0.0000  -0.2320  0.2320  0.0000
10.1553  0.0000  -0.2321  0.2321  0.0000
10.1623  0.0000  -0.2321  0.2321  0.0000
10.1683  0.0000  -0.2321  0.2321  0.0000
10.1744  0.0000  -0.2320  0.2320  0.0000
10.1805  0.0000  -0.2320  0.2320  0.0000
10.1874  0.0000  -0.2319  0.2319  0.0000
10.1945  0.0000  -0.2318  0.2318  0.0000
10.2002  0.0000  -0.2317  0.2317  0.0000
10.2057  0.0000  -0.2317  0.2317  0.0000
10.2115  0.0000  -0.2317  0.2317  0.0000
10.2172  0.0000  -0.2318  0.2318  0.0000
10.2228  0.0000  -0.2317  0.2317  0.0000
10.2283  0.0000  -0.2318  0.2318  0.0000
10.2340  0.0000  -0.2318  0.2318  0.0000
10.2393  0.0000  -0.2318  0.2318  0.0000
10.2445  0.0000  -0.2318  0.2318  0.0000
10.2498  0.0000  -0.2318  0.2318  0.0000
10.2551  0.0000  -0.2319  0.2319  0.0000
10.2603  0.0000  -0.2319  0.2319  0.0000
10.2654  0.0000  -0.2319  0.2319  0.0000
10.2708  0.0000  -0.2318  0.2318  0.0000
10.2760  0.0000  -0.2318  0.2318  0.0000
10.2812  0.0000  -0.2318  0.2318  0.0000
10.2864  0.0000  -0.2318  0.2318  0.0000
10.2917  0.0000  -0.2318  0.2318  0.0000
10.2970  0.0000  -0.2317  0.2317  0.0000
10.3023  0.0000  -0.2317  0.2317  0.0000
10.3093  0.0000  -0.2317  0.2317  0.0000
10.3150  0.0000  -0.2317  0.2317  0.0000
10.3202  0.0000  -0.2317  0.2317  0.0000
10.3254  0.0000  -0.2317  0.2317  0.0000
10.3307  0.0000  -0.2317  0.2317  0.0000
10.3359  0.0000  -0.2318  0.2318  0.0000
10.3412  0.0000  -0.2317  0.2317  0.0000
10.3463  0.0000  -0.2317  0.2317  0.0000
10.3516  0.0000  -0.2317  0.2317  0.0000
10.3572  0.0000  -0.2317  0.2317  0.0000
10.3622  0.0000  -0.2317  0.2317  0.0000
10.3672  0.0000  -0.2317  0.2317  0.0000
10.3725  0.0000  -0.2317  0.2317  0.0000
10.3777  0.0000  -0.2317  0.2317  0.0000
10.3827  0.0000  -0.2317  0.2317  0.0000
10.3876  0.0000  -0.2317  0.2317  0.0000
10.3927  0.0000  -0.2316  0.2316  0.0000
10.3978  0.0000  -0.2317  0.2317  0.0000
10.4027  0.0000  -0.2317  0.2317  0.0000
10.4080  0.0000  -0.2316  0.2316  0.0000
10.4146  0.0000  -0.2316  0.2316  0.0000
10.4199  0.0000  -0.2317  0.2317  0.0000
10.4251  0.0000  -0.2317  0.2317  0.0000
10.4298  0.0000  -0.2316  0.2316  0.0000
10.4357  0.0000  -0.2316  0.2316  0.0000
10.4413  0.0000  -0.2316  0.2316  0.0000
10.4467  0.0000  -0.2316  0.2316  0.0000
10.4524  0.0000  -0.2316  0.2316  0.0000
10.4575  0.0000  -0.2315  0.2315  0.0000
10.4627  0.0000  -0.2315  0.2315  0.0000
10.4678  0.0000  -0.2315  0.2315  0.0000
10.4730  0.0000  -0.2315  0.2315  0.0000
10.4781  0.0000  -0.2316  0.2316  0.0000
10.4833  0.0000  -0.2316  0.2316  0.0000
10.4884  0.0000  -0.2315  0.2315  0.0000
10.4936  0.0000  -0.2315  0.2315  0.0000
10.4987  0.0000  -0.2315  0.2315  0.0000
10.5039  0.0000  -0.2315  0.2315  0.0000
10.5091  0.0000  -0.2315  0.2315  0.0000
10.5152  0.0000  -0.2315  0.2315  0.0000
10.5202  0.0000  -0.2314  0.2314  0.0000
10.5315  0.0000  -0.2315  0.2315  0.0000
10.5366  0.0000  -0.2314  0.2314  0.0000
10.5415  0.0000  -0.2314  0.2314  0.0000
10.5466  0.0000  -0.2314  0.2314  0.0000
10.5525  0.0000  -0.2315  0.2315  0.0000
10.5575  0.0000  -0.2314  0.2314  0.0000
10.5624  0.0000  -0.2314  0.2314  0.0000
10.5674  0.0000  -0.2314  0.2314  0.0000
10.5732  0.0000  -0.2314  0.2314  0.0000
10.5783  0.0000  -0.2314  0.2314  0.0000
10.5849  0.0000  -0.2314  0.2314  0.0000
10.5921  0.0000  -0.2314  0.2314  0.0000
10.5981  0.0000  -0.2313  0.2313  0.0000
10.6040  0.0000  -0.2314  0.2314  0.0000
10.6088  0.0000  -0.2314  0.2314  0.0000
10.6136  0.0000  -0.2314  0.2314  0.0000
10.6219  0.0000  -0.2313  0.2313  0.0000
10.6268  0.0000  -0.2314  0.2314  0.0000
10.6314  0.0000  -0.2314  0.2314  0.0000
10.6361  0.0000  -0.2313  0.2313  0.0000
10.6409  0.0000  -0.2314  0.2314  0.0000
10.6455  0.0000  -0.2314  0.2314  0.0000
10.6508  0.0000  -0.2314  0.2314  0.0000
10.6555  0.0000  -0.2313  0.2313  0.0000
10.6604  0.0000  -0.2313  0.2313  0.0000
10.6666  0.0000  -0.2314  0.2314  0.0000
10.6742  0.0000  -0.2314  0.2314  0.0000
10.6784  0.0000  -0.2313  0.2313  0.0000
10.6836  0.0000  -0.2313  0.2313  0.0000
10.6886  0.0000  -0.2313  0.2313  0.0000
10.6934  0.0000  -0.2313  0.2313  0.0000
10.6982  0.0000  -0.2313  0.2313  0.0000
10.7032  0.0000  -0.2313  0.2313  0.0000
10.7083  0.0000  -0.2313  0.2313  0.0000
10.7135  0.0000  -0.2313  0.2313  0.0000
10.7187  0.0000  -0.2312  0.2312  0.0000
10.7240  0.0000  -0.2313  0.2313  0.0000
10.7291  0.0000  -0.2313  0.2313  0.0000
10.7345  0.0000  -0.2313  0.2313  0.0000
10.7394  0.0000  -0.2313  0.2313  0.0000
10.7446  0.0000  -0.2313  0.2313  0.0000
10.7501  0.0000  -0.2313  0.2313  0.0000
10.7554  0.0000  -0.2313  0.2313  0.0000
10.7607  0.0000  -0.2313  0.2313  0.0000
10.7659  0.0000  -0.2312  0.2312  0.0000
10.7712  0.0000  -0.2312  0.2312  0.0000
10.7765  0.0000  -0.2313  0.2313  0.0000
10.7818  0.0000  -0.2313  0.2313  0.0000
10.7869  0.0000  -0.2313  0.2313  0.0000
10.7910  0.0000  -0.2313  0.2313  0.0000
10.7958  0.0000  -0.2313  0.2313  0.0000
10.8010  0.0000  -0.2313  0.2313  0.0000
10.8061  0.0000  -0.2313  0.2313  0.0000
10.8116  0.0000  -0.2312  0.2312  0.0000
10.8168  0.0000  -0.2312  0.2312  0.0000
10.8216  0.0000  -0.2312  0.2312  0.0000
10.8265  0.0000  -0.2313  0.2313  0.0000
10.8316  0.0000  -0.2313  0.2313  0.0000
10.8369  0.0000  -0.2313  0.2313  0.0000
10.8424  0.0000  -0.2312  0.2312  0.0000
10.8472  0.0000  -0.2313  0.2313  0.0000
10.8521  0.0000  -0.2313  0.2313  0.0000
10.8570  0.0000  -0.2313  0.2313  0.0000
10.8619  0.0000  -0.2312  0.2312  0.0000
10.8668  0.0000  -0.2312  0.2312  0.0000
10.8720  0.0000  -0.2312  0.2312  0.0000
10.8776  0.0000  -0.2312  0.2312  0.0000
10.8827  0.0000  -0.2313  0.2313  0.0000
10.8878  0.0000  -0.2313  0.2313  0.0000
10.8929  0.0000  -0.2312  0.2312  0.0000
10.8979  0.0000  -0.2312  0.2312  0.0000
10.9030  0.0000  -0.2312  0.2312  0.0000
10.9087  0.0000  -0.2312  0.2312  0.0000
10.9139  0.0000  -0.2313  0.2313  0.0000
10.9208  0.0000  -0.2312  0.2312  0.0000
10.9259  0.0000  -0.2312  0.2312  0.0000
10.9313  0.0000  -0.2312  0.2312  0.0000
10.9374  0.0000  -0.2312  0.2312  0.0000
10.9428  0.0000  -0.2312  0.2312  0.0000
10.9481  0.0000  -0.2312  0.2312  0.0000
10.9533  0.0000  -0.2312  0.2312  0.0000
10.9582  0.0000  -0.2312  0.2312  0.0000
10.9632  0.0000  -0.2312  0.2312  0.0000
10.9681  0.0000  -0.2312  0.2312  0.0000
10.9733  0.0000  -0.2312  0.2312  0.0000
10.9781  0.0000  -0.2312  0.2312  0.0000
10.9833  0.0000  -0.2312  0.2312  0.0000
10.9880  0.0000  -0.2312  0.2312  0.0000
10.9929  0.0000  -0.2312  0.2312  0.0000
10.9978  0.0000  -0.2312  0.2312  0.0000
11.0027  0.0000  -0.2312  0.2312  0.0000
11.0077  0.0000  -0.2312  0.2312  0.0000
11.0126  0.0000  -0.2311  0.2311  0.0000
11.0175  0.0000  -0.2311  0.2311  0.0000
11.0224  0.0000  -0.2312  0.2312  0.0000
11.0343  0.0000  -0.2312  0.2312  0.0000
11.0392  0.0000  -0.2312  0.2312  0.0000
11.0442  0.0000  -0.2311  0.2311  0.0000
11.0491  0.0000  -0.2311  0.2311  0.0000
11.0542  0.0000  -0.2312  0.2312  0.0000
11.0590  0.0000  -0.2312  0.2312  0.0000
11.0638  0.0000  -0.2311  0.2311  0.0000
11.0687  0.0000  -0.2311  0.2311  0.0000
11.0745  0.0000  -0.2311  0.2311  0.0000
11.0795  0.0000  -0.2311  0.2311  0.0000
11.0843  0.0000  -0.2311  0.2311  0.0000
11.0892  0.0000  -0.2311  0.2311  0.0000
11.0942  0.0000  -0.2312  0.2312  0.0000
11.0990  0.0000  -0.2311  0.2311  0.0000
11.1040  0.0000  -0.2311  0.2311  0.0000
11.1096  0.0000  -0.2311  0.2311  0.0000
11.1146  0.0000  -0.2311  0.2311  0.0000
11.1195  0.0000  -0.2311  0.2311  0.0000
11.1277  0.0000  -0.2311  0.2311  0.0000
11.1326  0.0000  -0.2310  0.2310  0.0000
11.1376  0.0000  -0.2310  0.2310  0.0000
11.1425  0.0000  -0.2310  0.2310  0.0000
11.1474  0.0000  -0.2310  0.2310  0.0000
11.1532  0.0000  -0.2311  0.2311  0.0000
11.1581  0.0000  -0.2310  0.2310  0.0000
11.1632  0.0000  -0.2311  0.2311  0.0000
11.1682  0.0000  -0.2311  0.2311  0.0000
11.1746  0.0000  -0.2311  0.2311  0.0000
11.1796  0.0000  -0.2311  0.2311  0.0000
11.1846  0.0000  -0.2310  0.2310  0.0000
11.1896  0.0000  -0.2310  0.2310  0.0000
11.1952  0.0000  -0.2310  0.2310  0.0000
11.2011  0.0000  -0.2310  0.2310  0.0000
11.2066  0.0000  -0.2310  0.2310  0.0000
11.2120  0.0000  -0.2310  0.2310  0.0000
11.2171  0.0000  -0.2310  0.2310  0.0000
11.2223  0.0000  -0.2310  0.2310  0.0000
11.2275  0.0000  -0.2310  0.2310  0.0000
11.2329  0.0000  -0.2310  0.2310  0.0000
11.2380  0.0000  -0.2310  0.2310  0.0000
11.2433  0.0000  -0.2310  0.2310  0.0000
11.2484  0.0000  -0.2310  0.2310  0.0000
11.2536  0.0000  -0.2310  0.2310  0.0000
11.2587  0.0000  -0.2309  0.2309  0.0000
11.2638  0.0000  -0.2309  0.2309  0.0000
11.2690  0.0000  -0.2309  0.2309  0.0000
11.2745  0.0000  -0.2309  0.2309  0.0000
11.2797  0.0000  -0.2309  0.2309  0.0000
11.2848  0.0000  -0.2309  0.2309  0.0000
11.2900  0.0000  -0.2309  0.2309  0.0000
11.2951  0.0000  -0.2309  0.2309  0.0000
11.3001  0.0000  -0.2309  0.2309  0.0000
11.3052  0.0000  -0.2310  0.2310  0.0000
11.3106  0.0000  -0.2310  0.2310  0.0000
11.3160  0.0000  -0.2310  0.2310  0.0000
11.3213  0.0000  -0.2309  0.2309  0.0000
11.3266  0.0000  -0.2309  0.2309  0.0000
11.3319  0.0000  -0.2309  0.2309  0.0000
11.3370  0.0000  -0.2309  0.2309  0.0000
11.3422  0.0000  -0.2309  0.2309  0.0000
11.3473  0.0000  -0.2309  0.2309  0.0000
11.3524  0.0000  -0.2309  0.2309  0.0000
11.3576  0.0000  -0.2308  0.2308  0.0000
11.3627  0.0000  -0.2308  0.2308  0.0000
11.3678  0.0000  -0.2308  0.2308  0.0000
11.3729  0.0000  -0.2309  0.2309  0.0000
11.3780  0.0000  -0.2309  0.2309  0.0000
11.3832  0.0000  -0.2309  0.2309  0.0000
11.3883  0.0000  -0.2309  0.2309  0.0000
11.3935  0.0000  -0.2308  0.2308  0.0000
11.3986  0.0000  -0.2308  0.2308  0.0000
11.4036  0.0000  -0.2308  0.2308  0.0000
11.4090  0.0000  -0.2308  0.2308  0.0000
11.4146  0.0000  -0.2308  0.2308  0.0000
11.4200  0.0000  -0.2308  0.2308  0.0000
11.4298  0.0000  -0.2308  0.2308  0.0000
11.4362  0.0000  -0.2308  0.2308  0.0000
11.4431  0.0000  -0.2309  0.2309  0.0000
11.4497  0.0000  -0.2308  0.2308  0.0000
11.4553  0.0000  -0.2309  0.2309  0.0000
11.4603  0.0000  -0.2308  0.2308  0.0000
11.4653  0.0000  -0.2308  0.2308  0.0000
11.4708  0.0000  -0.2308  0.2308  0.0000
11.4760  0.0000  -0.2308  0.2308  0.0000
11.4814  0.0000  -0.2308  0.2308  0.0000
11.4869  0.0000  -0.2308  0.2308  0.0000
11.4921  0.0000  -0.2308  0.2308  0.0000
11.4975  0.0000  -0.2307  0.2307  0.0000
11.5029  0.0000  -0.2307  0.2307  0.0000
11.5083  0.0000  -0.2307  0.2307  0.0000
11.5137  0.0000  -0.2307  0.2307  0.0000
11.5193  0.0000  -0.2307  0.2307  0.0000
11.5252  0.0000  -0.2308  0.2308  0.0000
11.5367  0.0000  -0.2308  0.2308  0.0000
11.5420  0.0000  -0.2308  0.2308  0.0000
11.5461  0.0000  -0.2307  0.2307  0.0000
11.5514  0.0000  -0.2307  0.2307  0.0000
11.5567  0.0000  -0.2307  0.2307  0.0000
11.5619  0.0000  -0.2307  0.2307  0.0000
11.5673  0.0000  -0.2308  0.2308  0.0000
11.5733  0.0000  -0.2308  0.2308  0.0000
11.5790  0.0000  -0.2308  0.2308  0.0000
11.5845  0.0000  -0.2308  0.2308  0.0000
11.5901  0.0000  -0.2307  0.2307  0.0000
11.5953  0.0000  -0.2307  0.2307  0.0000
11.6009  0.0000  -0.2307  0.2307  0.0000
11.6064  0.0000  -0.2307  0.2307  0.0000
11.6120  0.0000  -0.2307  0.2307  0.0000
11.6173  0.0000  -0.2307  0.2307  0.0000
11.6227  0.0000  -0.2307  0.2307  0.0000
11.6326  0.0000  -0.2307  0.2307  0.0000
11.6378  0.0000  -0.2307  0.2307  0.0000
11.6436  0.0000  -0.2307  0.2307  0.0000
11.6488  0.0000  -0.2307  0.2307  0.0000
11.6551  0.0000  -0.2307  0.2307  0.0000
11.6616  0.0000  -0.2307  0.2307  0.0000
11.6670  0.0000  -0.2307  0.2307  0.0000
11.6737  0.0000  -0.2306  0.2306  0.0000
11.6790  0.0000  -0.2306  0.2306  0.0000
11.6842  0.0000  -0.2306  0.2306  0.0000
11.6894  0.0000  -0.2306  0.2306  0.0000
11.6950  0.0000  -0.2306  0.2306  0.0000
11.7008  0.0000  -0.2306  0.2306  0.0000
11.7064  0.0000  -0.2306  0.2306  0.0000
11.7129  0.0000  -0.2306  0.2306  0.0000
11.7184  0.0000  -0.2306  0.2306  0.0000
11.7240  0.0000  -0.2306  0.2306  0.0000
11.7297  0.0000  -0.2306  0.2306  0.0000
11.7359  0.0000  -0.2306  0.2306  0.0000
11.7429  0.0000  -0.2306  0.2306  0.0000
11.7487  0.0000  -0.2306  0.2306  0.0000
11.7544  0.0000  -0.2306  0.2306  0.0000
11.7600  0.0000  -0.2306  0.2306  0.0000
11.7655  0.0000  -0.2306  0.2306  0.0000
11.7716  0.0000  -0.2306  0.2306  0.0000
11.7772  0.0000  -0.2306  0.2306  0.0000
11.7827  0.0000  -0.2306  0.2306  0.0000
11.7881  0.0000  -0.2306  0.2306  0.0000
11.7937  0.0000  -0.2306  0.2306  0.0000
11.7993  0.0000  -0.2306  0.2306  0.0000
11.8047  0.0000  -0.2306  0.2306  0.0000
11.8104  0.0000  -0.2305  0.2305  0.0000
11.8158  0.0000  -0.2305  0.2305  0.0000
11.8212  0.0000  -0.2305  0.2305  0.0000
11.8266  0.0000  -0.2305  0.2305  0.0000
11.8321  0.0000  -0.2306  0.2306  0.0000
11.8378  0.0000  -0.2306  0.2306  0.0000
11.8435  0.0000  -0.2306  0.2306  0.0000
11.8488  0.0000  -0.2306  0.2306  0.0000
11.8543  0.0000  -0.2306  0.2306  0.0000
11.8599  0.0000  -0.2306  0.2306  0.0000
11.8653  0.0000  -0.2306  0.2306  0.0000
11.8707  0.0000  -0.2305  0.2305  0.0000
11.8768  0.0000  -0.2305  0.2305  0.0000
11.8825  0.0000  -0.2305  0.2305  0.0000
11.8879  0.0000  -0.2305  0.2305  0.0000
11.8935  0.0000  -0.2305  0.2305  0.0000
11.8996  0.0000  -0.2305  0.2305  0.0000
11.9049  0.0000  -0.2305  0.2305  0.0000
11.9108  0.0000  -0.2305  0.2305  0.0000
11.9164  0.0000  -0.2305  0.2305  0.0000
11.9224  0.0000  -0.2305  0.2305  0.0000
11.9283  0.0000  -0.2305  0.2305  0.0000
11.9367  0.0000  -0.2305  0.2305  0.0000
11.9412  0.0000  -0.2304  0.2304  0.0000
11.9470  0.0000  -0.2305  0.2305  0.0000
11.9534  0.0000  -0.2305  0.2305  0.0000
11.9590  0.0000  -0.2305  0.2305  0.0000
11.9646  0.0000  -0.2305  0.2305  0.0000
11.9702  0.0000  -0.2305  0.2305  0.0000
11.9752  0.0000  -0.2305  0.2305  0.0000
11.9805  0.0000  -0.2305  0.2305  0.0000
11.9857  0.0000  -0.2304  0.2304  0.0000
11.9920  0.0000  -0.2304  0.2304  0.0000
11.9973  0.0000  -0.2304  0.2304  0.0000
12.0026  0.0000  -0.2304  0.2304  0.0000
12.0079  0.0000  -0.2304  0.2304  0.0000
12.0135  0.0000  -0.2304  0.2304  0.0000
12.0191  0.0000  -0.2304  0.2304  0.0000
12.0244  0.0000  -0.2304  0.2304  0.0000
12.0297  0.0000  -0.2304  0.2304  0.0000
12.0424  0.0000  -0.2304  0.2304  0.0000
12.0481  0.0000  -0.2305  0.2305  0.0000
12.0539  0.0000  -0.2304  0.2304  0.0000
12.0596  0.0000  -0.2304  0.2304  0.0000
12.0652  0.0000  -0.2304  0.2304  0.0000
12.0709  0.0000  -0.2304  0.2304  0.0000
12.0772  0.0000  -0.2304  0.2304  0.0000
12.0823  0.0000  -0.2304  0.2304  0.0000
12.0873  0.0000  -0.2305  0.2305  0.0000
12.0926  0.0000  -0.2305  0.2305  0.0000
12.0978  0.0000  -0.2304  0.2304  0.0000
12.1030  0.0000  -0.2305  0.2305  0.0000
12.1083  0.0000  -0.2304  0.2304  0.0000
12.1147  0.0000  -0.2304  0.2304  0.0000
12.1200  0.0000  -0.2305  0.2305  0.0000
12.1252  0.0000  -0.2305  0.2305  0.0000
12.1313  0.0000  -0.2304  0.2304  0.0000
12.1385  0.0000  -0.2304  0.2304  0.0000
12.1437  0.0000  -0.2305  0.2305  0.0000
12.1487  0.0000  -0.2305  0.2305  0.0000
12.1538  0.0000  -0.2304  0.2304  0.0000
12.1588  0.0000  -0.2304  0.2304  0.0000
12.1641  0.0000  -0.2304  0.2304  0.0000
12.1693  0.0000  -0.2304  0.2304  0.0000
12.1751  0.0000  -0.2304  0.2304  0.0000
12.1800  0.0000  -0.2304  0.2304  0.0000
12.1850  0.0000  -0.2304  0.2304  0.0000
12.1917  0.0000  -0.2304  0.2304  0.0000
12.1978  0.0000  -0.2304  0.2304  0.0000
12.2031  0.0000  -0.2304  0.2304  0.0000
12.2103  0.0000  -0.2304  0.2304  0.0000
12.2160  0.0000  -0.2304  0.2304  0.0000
12.2211  0.0000  -0.2304  0.2304  0.0000
12.2271  0.0000  -0.2304  0.2304  0.0000
12.2320  0.0000  -0.2304  0.2304  0.0000
12.2373  0.0000  -0.2304  0.2304  0.0000
12.2423  0.0000  -0.2304  0.2304  0.0000
12.2472  0.0000  -0.2304  0.2304  0.0000
12.2522  0.0000  -0.2304  0.2304  0.0000
12.2571  0.0000  -0.2304  0.2304  0.0000
12.2619  0.0000  -0.2303  0.2303  0.0000
12.2670  0.0000  -0.2303  0.2303  0.0000
12.2720  0.0000  -0.2303  0.2303  0.0000
12.2775  0.0000  -0.2303  0.2303  0.0000
12.2825  0.0000  -0.2303  0.2303  0.0000
12.2875  0.0000  -0.2303  0.2303  0.0000
12.2925  0.0000  -0.2303  0.2303  0.0000
12.2976  0.0000  -0.2303  0.2303  0.0000
12.3060  0.0000  -0.2303  0.2303  0.0000
12.3113  0.0000  -0.2303  0.2303  0.0000
12.3165  0.0000  -0.2303  0.2303  0.0000
12.3219  0.0000  -0.2303  0.2303  0.0000
12.3274  0.0000  -0.2303  0.2303  0.0000
12.3331  0.0000  -0.2303  0.2303  0.0000
12.3399  0.0000  -0.2303  0.2303  0.0000
12.3467  0.0000  -0.2303  0.2303  0.0000
12.3515  0.0000  -0.2303  0.2303  0.0000
12.3562  0.0000  -0.2303  0.2303  0.0000
12.3609  0.0000  -0.2303  0.2303  0.0000
12.3657  0.0000  -0.2303  0.2303  0.0000
12.3708  0.0000  -0.2303  0.2303  0.0000
12.3755  0.0000  -0.2303  0.2303  0.0000
12.3805  0.0000  -0.2303  0.2303  0.0000
12.3851  0.0000  -0.2302  0.2302  0.0000
12.3899  0.0000  -0.2302  0.2302  0.0000
12.3948  0.0000  -0.2303  0.2303  0.0000
12.3998  0.0000  -0.2303  0.2303  0.0000
12.4046  0.0000  -0.2303  0.2303  0.0000
12.4095  0.0000  -0.2303  0.2303  0.0000
12.4146  0.0000  -0.2303  0.2303  0.0000
12.4195  0.0000  -0.2303  0.2303  0.0000
12.4244  0.0000  -0.2303  0.2303  0.0000
12.4294  0.0000  -0.2303  0.2303  0.0000
12.4347  0.0000  -0.2303  0.2303  0.0000
12.4398  0.0000  -0.2303  0.2303  0.0000
12.4462  0.0000  -0.2303  0.2303  0.0000
12.4516  0.0000  -0.2303  0.2303  0.0000
12.4578  0.0000  -0.2302  0.2302  0.0000
12.4631  0.0000  -0.2302  0.2302  0.0000
12.4694  0.0000  -0.2302  0.2302  0.0000
12.4752  0.0000  -0.2303  0.2303  0.0000
12.4804  0.0000  -0.2302  0.2302  0.0000
12.4854  0.0000  -0.2303  0.2303  0.0000
12.4906  0.0000  -0.2303  0.2303  0.0000
12.4960  0.0000  -0.2303  0.2303  0.0000
12.5011  0.0000  -0.2303  0.2303  0.0000
12.5063  0.0000  -0.2302  0.2302  0.0000
12.5116  0.0000  -0.2302  0.2302  0.0000
12.5167  0.0000  -0.2302  0.2302  0.0000
12.5219  0.0000  -0.2302  0.2302  0.0000
12.5269  0.0000  -0.2302  0.2302  0.0000
12.5320  0.0000  -0.2302  0.2302  0.0000
12.5439  0.0000  -0.2302  0.2302  0.0000
12.5489  0.0000  -0.2302  0.2302  0.0000
12.5539  0.0000  -0.2302  0.2302  0.0000
12.5587  0.0000  -0.2302  0.2302  0.0000
12.5636  0.0000  -0.2302  0.2302  0.0000
12.5685  0.0000  -0.2302  0.2302  0.0000
12.5735  0.0000  -0.2302  0.2302  0.0000
12.5788  0.0000  -0.2302  0.2302  0.0000
12.5838  0.0000  -0.2302  0.2302  0.0000
12.5888  0.0000  -0.2302  0.2302  0.0000
12.5942  0.0000  -0.2302  0.2302  0.0000
12.5992  0.0000  -0.2302  0.2302  0.0000
12.6043  0.0000  -0.2302  0.2302  0.0000
12.6095  0.0000  -0.2302  0.2302  0.0000
12.6145  0.0000  -0.2301  0.2301  0.0000
12.6195  0.0000  -0.2302  0.2302  0.0000
12.6246  0.0000  -0.2301  0.2301  0.0000
12.6296  0.0000  -0.2301  0.2301  0.0000
12.6360  0.0000  -0.2301  0.2301  0.0000
12.6432  0.0000  -0.2301  0.2301  0.0000
12.6483  0.0000  -0.2301  0.2301  0.0000
12.6534  0.0000  -0.2301  0.2301  0.0000
12.6583  0.0000  -0.2301  0.2301  0.0000
12.6633  0.0000  -0.2301  0.2301  0.0000
12.6683  0.0000  -0.2301  0.2301  0.0000
12.6737  0.0000  -0.2301  0.2301  0.0000
12.6786  0.0000  -0.2301  0.2301  0.0000
12.6837  0.0000  -0.2301  0.2301  0.0000
12.6888  0.0000  -0.2301  0.2301  0.0000
12.6980  0.0000  -0.2301  0.2301  0.0000
12.7033  0.0000  -0.2302  0.2302  0.0000
12.7090  0.0000  -0.2302  0.2302  0.0000
12.7132  0.0000  -0.2302  0.2302  0.0000
12.7181  0.0000  -0.2301  0.2301  0.0000
12.7230  0.0000  -0.2301  0.2301  0.0000
12.7277  0.0000  -0.2301  0.2301  0.0000
12.7326  0.0000  -0.2301  0.2301  0.0000
12.7374  0.0000  -0.2301  0.2301  0.0000
12.7423  0.0000  -0.2301  0.2301  0.0000
12.7471  0.0000  -0.2301  0.2301  0.0000
12.7521  0.0000  -0.2301  0.2301  0.0000
12.7571  0.0000  -0.2300  0.2300  0.0000
12.7623  0.0000  -0.2300  0.2300  0.0000
12.7674  0.0000  -0.2300  0.2300  0.0000
12.7727  0.0000  -0.2301  0.2301  0.0000
12.7779  0.0000  -0.2301  0.2301  0.0000
12.7833  0.0000  -0.2301  0.2301  0.0000
12.7882  0.0000  -0.2301  0.2301  0.0000
12.7933  0.0000  -0.2301  0.2301  0.0000
12.7985  0.0000  -0.2301  0.2301  0.0000
12.8036  0.0000  -0.2301  0.2301  0.0000
12.8087  0.0000  -0.2301  0.2301  0.0000
12.8140  0.0000  -0.2301  0.2301  0.0000
12.8192  0.0000  -0.2301  0.2301  0.0000
12.8243  0.0000  -0.2301  0.2301  0.0000
12.8295  0.0000  -0.2300  0.2300  0.0000
12.8346  0.0000  -0.2301  0.2301  0.0000
12.8398  0.0000  -0.2300  0.2300  0.0000
12.8449  0.0000  -0.2300  0.2300  0.0000
12.8500  0.0000  -0.2300  0.2300  0.0000
12.8553  0.0000  -0.2300  0.2300  0.0000
12.8605  0.0000  -0.2300  0.2300  0.0000
12.8656  0.0000  -0.2300  0.2300  0.0000
12.8709  0.0000  -0.2300  0.2300  0.0000
12.8765  0.0000  -0.2300  0.2300  0.0000
12.8816  0.0000  -0.2300  0.2300  0.0000
12.8868  0.0000  -0.2300  0.2300  0.0000
12.8919  0.0000  -0.2300  0.2300  0.0000
12.8970  0.0000  -0.2300  0.2300  0.0000
12.9021  0.0000  -0.2300  0.2300  0.0000
12.9072  0.0000  -0.2300  0.2300  0.0000
12.9122  0.0000  -0.2300  0.2300  0.0000
12.9173  0.0000  -0.2300  0.2300  0.0000
12.9226  0.0000  -0.2300  0.2300  0.0000
12.9279  0.0000  -0.2300  0.2300  0.0000
12.9334  0.0000  -0.2300  0.2300  0.0000
12.9387  0.0000  -0.2300  0.2300  0.0000
12.9443  0.0000  -0.2300  0.2300  0.0000
12.9507  0.0000  -0.2300  0.2300  0.0000
12.9582  0.0000  -0.2300  0.2300  0.0000
12.9638  0.0000  -0.2300  0.2300  0.0000
12.9694  0.0000  -0.2300  0.2300  0.0000
12.9738  0.0000  -0.2300  0.2300  0.0000
12.9791  0.0000  -0.2300  0.2300  0.0000
12.9843  0.0000  -0.2300  0.2300  0.0000
12.9896  0.0000  -0.2300  0.2300  0.0000
12.9950  0.0000  -0.2300  0.2300  0.0000
13.0005  0.0000  -0.2300  0.2300  0.0000
13.0059  0.0000  -0.2300  0.2300  0.0000
13.0121  0.0000  -0.2300  0.2300  0.0000
13.0182  0.0000  -0.2300  0.2300  0.0000
13.0236  0.0000  -0.2300  0.2300  0.0000
13.0288  0.0000  -0.2300  0.2300  0.0000
13.0344  0.0000  -0.2300  0.2300  0.0000
13.0461  0.0000  -0.2300  0.2300  0.0000
13.0516  0.0000  -0.2300  0.2300  0.0000
13.0569  0.0000  -0.2300  0.2300  0.0000
13.0622  0.0000  -0.2300  0.2300  0.0000
13.0683  0.0000  -0.2300  0.2300  0.0000
13.0738  0.0000  -0.2300  0.2300  0.0000
13.0798  0.0000  -0.2300  0.2300  0.0000
13.0851  0.0000  -0.2300  0.2300  0.0000
13.0905  0.0000  -0.2300  0.2300  0.0000
13.0949  0.0000  -0.2300  0.2300  0.0000
13.1007  0.0000  -0.2299  0.2299  0.0000
13.1062  0.0000  -0.2299  0.2299  0.0000
13.1122  0.0000  -0.2299  0.2299  0.0000
13.1181  0.0000  -0.2299  0.2299  0.0000
13.1238  0.0000  -0.2299  0.2299  0.0000
13.1297  0.0000  -0.2299  0.2299  0.0000
13.1353  0.0000  -0.2299  0.2299  0.0000
13.1450  0.0000  -0.2299  0.2299  0.0000
13.1513  0.0000  -0.2299  0.2299  0.0000
13.1592  0.0000  -0.2299  0.2299  0.0000
13.1678  0.0000  -0.2299  0.2299  0.0000
13.1740  0.0000  -0.2299  0.2299  0.0000
13.1802  0.0000  -0.2299  0.2299  0.0000
13.1865  0.0000  -0.2299  0.2299  0.0000
13.1932  0.0000  -0.2299  0.2299  0.0000
13.1984  0.0000  -0.2299  0.2299  0.0000
13.2043  0.0000  -0.2299  0.2299  0.0000
13.2093  0.0000  -0.2299  0.2299  0.0000
13.2152  0.0000  -0.2299  0.2299  0.0000
13.2207  0.0000  -0.2299  0.2299  0.0000
13.2259  0.0000  -0.2299  0.2299  0.0000
13.2323  0.0000  -0.2299  0.2299  0.0000
13.2379  0.0000  -0.2299  0.2299  0.0000
13.2434  0.0000  -0.2299  0.2299  0.0000
13.2488  0.0000  -0.2299  0.2299  0.0000
13.2545  0.0000  -0.2299  0.2299  0.0000
13.2597  0.0000  -0.2299  0.2299  0.0000
13.2650  0.0000  -0.2299  0.2299  0.0000
13.2703  0.0000  -0.2299  0.2299  0.0000
13.2758  0.0000  -0.2299  0.2299  0.0000
13.2811  0.0000  -0.2299  0.2299  0.0000
13.2871  0.0000  -0.2299  0.2299  0.0000
13.2925  0.0000  -0.2299  0.2299  0.0000
13.2980  0.0000  -0.2299  0.2299  0.0000
13.3033  0.0000  -0.2299  0.2299  0.0000
13.3098  0.0000  -0.2299  0.2299  0.0000
13.3153  0.0000  -0.2299  0.2299  0.0000
13.3207  0.0000  -0.2298  0.2298  0.0000
13.3260  0.0000  -0.2298  0.2298  0.0000
13.3314  0.0000  -0.2298  0.2298  0.0000
13.3370  0.0000  -0.2298  0.2298  0.0000
13.3422  0.0000  -0.2298  0.2298  0.0000
13.3475  0.0000  -0.2298  0.2298  0.0000
13.3529  0.0000  -0.2298  0.2298  0.0000
13.3582  0.0000  -0.2298  0.2298  0.0000
13.3635  0.0000  -0.2298  0.2298  0.0000
13.3690  0.0000  -0.2298  0.2298  0.0000
13.3746  0.0000  -0.2298  0.2298  0.0000
13.3800  0.0000  -0.2298  0.2298  0.0000
13.3854  0.0000  -0.2298  0.2298  0.0000
13.3908  0.0000  -0.2298  0.2298  0.0000
13.3963  0.0000  -0.2298  0.2298  0.0000
13.4017  0.0000  -0.2298  0.2298  0.0000
13.4073  0.0000  -0.2298  0.2298  0.0000
13.4127  0.0000  -0.2298  0.2298  0.0000
13.4180  0.0000  -0.2298  0.2298  0.0000
13.4233  0.0000  -0.2298  0.2298  0.0000
13.4282  0.0000  -0.2298  0.2298  0.0000
13.4337  0.0000  -0.2298  0.2298  0.0000
13.4391  0.0000  -0.2298  0.2298  0.0000
13.4444  0.0000  -0.2298  0.2298  0.0000
13.4502  0.0000  -0.2298  0.2298  0.0000
13.4603  0.0000  -0.2298  0.2298  0.0000
13.4663  0.0000  -0.2298  0.2298  0.0000
13.4724  0.0000  -0.2298  0.2298  0.0000
13.4783  0.0000  -0.2298  0.2298  0.0000
13.4839  0.0000  -0.2298  0.2298  0.0000
13.4895  0.0000  -0.2298  0.2298  0.0000
13.4949  0.0000  -0.2298  0.2298  0.0000
13.4992  0.0000  -0.2298  0.2298  0.0000
13.5047  0.0000  -0.2297  0.2297  0.0000
13.5103  0.0000  -0.2297  0.2297  0.0000
13.5158  0.0000  -0.2298  0.2298  0.0000
13.5213  0.0000  -0.2298  0.2298  0.0000
13.5268  0.0000  -0.2298  0.2298  0.0000
13.5323  0.0000  -0.2298  0.2298  0.0000
13.5378  0.0000  -0.2298  0.2298  0.0000
13.5513  0.0000  -0.2298  0.2298  0.0000
13.5568  0.0000  -0.2298  0.2298  0.0000
13.5621  0.0000  -0.2298  0.2298  0.0000
13.5677  0.0000  -0.2298  0.2298  0.0000
13.5732  0.0000  -0.2297  0.2297  0.0000
13.5775  0.0000  -0.2297  0.2297  0.0000
13.5835  0.0000  -0.2297  0.2297  0.0000
13.5893  0.0000  -0.2297  0.2297  0.0000
13.5950  0.0000  -0.2297  0.2297  0.0000
13.6003  0.0000  -0.2297  0.2297  0.0000
13.6059  0.0000  -0.2297  0.2297  0.0000
13.6114  0.0000  -0.2298  0.2298  0.0000
13.6169  0.0000  -0.2297  0.2297  0.0000
13.6222  0.0000  -0.2297  0.2297  0.0000
13.6277  0.0000  -0.2297  0.2297  0.0000
13.6332  0.0000  -0.2297  0.2297  0.0000
13.6386  0.0000  -0.2297  0.2297  0.0000
13.6474  0.0000  -0.2297  0.2297  0.0000
13.6531  0.0000  -0.2297  0.2297  0.0000
13.6586  0.0000  -0.2297  0.2297  0.0000
13.6642  0.0000  -0.2297  0.2297  0.0000
13.6696  0.0000  -0.2298  0.2298  0.0000
13.6753  0.0000  -0.2297  0.2297  0.0000
13.6805  0.0000  -0.2297  0.2297  0.0000
13.6862  0.0000  -0.2297  0.2297  0.0000
13.6919  0.0000  -0.2297  0.2297  0.0000
13.6977  0.0000  -0.2297  0.2297  0.0000
13.7036  0.0000  -0.2297  0.2297  0.0000
13.7096  0.0000  -0.2297  0.2297  0.0000
13.7205  0.0000  -0.2297  0.2297  0.0000
13.7264  0.0000  -0.2296  0.2296  0.0000
13.7332  0.0000  -0.2296  0.2296  0.0000
13.7387  0.0000  -0.2297  0.2297  0.0000
13.7442  0.0000  -0.2297  0.2297  0.0000
13.7498  0.0000  -0.2296  0.2296  0.0000
13.7555  0.0000  -0.2297  0.2297  0.0000
13.7601  0.0000  -0.2297  0.2297  0.0000
13.7659  0.0000  -0.2297  0.2297  0.0000
13.7717  0.0000  -0.2296  0.2296  0.0000
13.7780  0.0000  -0.2296  0.2296  0.0000
13.7837  0.0000  -0.2296  0.2296  0.0000
13.7895  0.0000  -0.2296  0.2296  0.0000
13.7953  0.0000  -0.2296  0.2296  0.0000
13.8011  0.0000  -0.2296  0.2296  0.0000
13.8068  0.0000  -0.2296  0.2296  0.0000
13.8127  0.0000  -0.2297  0.2297  0.0000
13.8193  0.0000  -0.2297  0.2297  0.0000
13.8254  0.0000  -0.2297  0.2297  0.0000
13.8317  0.0000  -0.2297  0.2297  0.0000
13.8374  0.0000  -0.2296  0.2296  0.0000
13.8432  0.0000  -0.2296  0.2296  0.0000
13.8493  0.0000  -0.2296  0.2296  0.0000
13.8561  0.0000  -0.2296  0.2296  0.0000
13.8620  0.0000  -0.2296  0.2296  0.0000
13.8683  0.0000  -0.2296  0.2296  0.0000
13.8743  0.0000  -0.2296  0.2296  0.0000
13.8803  0.0000  -0.2296  0.2296  0.0000
13.8862  0.0000  -0.2296  0.2296  0.0000
13.8920  0.0000  -0.2296  0.2296  0.0000
13.8974  0.0000  -0.2296  0.2296  0.0000
13.9028  0.0000  -0.2296  0.2296  0.0000
13.9082  0.0000  -0.2296  0.2296  0.0000
13.9137  0.0000  -0.2296  0.2296  0.0000
13.9192  0.0000  -0.2296  0.2296  0.0000
13.9251  0.0000  -0.2296  0.2296  0.0000
13.9308  0.0000  -0.2296  0.2296  0.0000
13.9365  0.0000  -0.2296  0.2296  0.0000
13.9419  0.0000  -0.2296  0.2296  0.0000
13.9472  0.0000  -0.2296  0.2296  0.0000
13.9528  0.0000  -0.2295  0.2295  0.0000
13.9585  0.0000  -0.2295  0.2295  0.0000
13.9640  0.0000  -0.2296  0.2296  0.0000
13.9697  0.0000  -0.2295  0.2295  0.0000
13.9767  0.0000  -0.2296  0.2296  0.0000
13.9831  0.0000  -0.2296  0.2296  0.0000
13.9892  0.0000  -0.2296  0.2296  0.0000
13.9944  0.0000  -0.2296  0.2296  0.0000
14.0000  0.0000  -0.2296  0.2296  0.0000
14.0054  0.0000  -0.2296  0.2296  0.0000
14.0112  0.0000  -0.2296  0.2296  0.0000
14.0225  0.0000  -0.2296  0.2296  0.0000
14.0279  0.0000  -0.2296  0.2296  0.0000
14.0334  0.0000  -0.2296  0.2296  0.0000
14.0388  0.0000  -0.2295  0.2295  0.0000
14.0520  0.0000  -0.2295  0.2295  0.0000
14.0596  0.0000  -0.2295  0.2295  0.0000
14.0681  0.0000  -0.2295  0.2295  0.0000
14.0733  0.0000  -0.2295  0.2295  0.0000
14.0807  0.0000  -0.2295  0.2295  0.0000
14.0867  0.0000  -0.2295  0.2295  0.0000
14.0920  0.0000  -0.2295  0.2295  0.0000
14.0974  0.0000  -0.2296  0.2296  0.0000
14.1026  0.0000  -0.2296  0.2296  0.0000
14.1079  0.0000  -0.2295  0.2295  0.0000
14.1132  0.0000  -0.2296  0.2296  0.0000
