0.0297  0.0000  -0.0008  0.0008  0.0000
0.0388  0.0000  -0.0007  0.0007  0.0000
0.0464  0.0000  -0.0007  0.0007  0.0000
0.0528  0.0000  -0.0007  0.0007  0.0000
0.0601  0.0000  -0.0008  0.0008  0.0000
0.0678  0.0000  -0.0007  0.0007  0.0000
0.0736  0.0000  -0.0007  0.0007  0.0000
0.0794  0.0000  -0.0007  0.0007  0.0000
0.0848  0.0000  -0.0007  0.0007  0.0000
0.0902  0.0000  -0.0007  0.0007  0.0000
0.0956  0.0000  -0.0006  0.0006  0.0000
0.1010  0.0000  -0.0007  0.0007  0.0000
0.1064  0.0000  -0.0007  0.0007  0.0000
0.1119  0.0000  -0.0007  0.0007  0.0000
0.1171  0.0000  -0.0007  0.0007  0.0000
0.1228  0.0000  -0.0007  0.0007  0.0000
0.1282  0.0000  -0.0006  0.0006  0.0000
0.1337  0.0000  -0.0006  0.0006  0.0000
0.1390  0.0000  -0.0006  0.0006  0.0000
0.1445  0.0000  -0.0006  0.0006  0.0000
0.1512  0.0000  -0.0006  0.0006  0.0000
0.1583  0.0000  -0.0006  0.0006  0.0000
0.1653  0.0000  -0.0006  0.0006  0.0000
0.1732  0.0000  -0.0007  0.0007  0.0000
0.1793  0.0000  -0.0006  0.0006  0.0000
0.1864  0.0000  -0.0006  0.0006  0.0000
0.1920  0.0000  -0.0006  0.0006  0.0000
0.1985  0.0000  -0.0006  0.0006  0.0000
0.2047  0.0000  -0.0006  0.0006  0.0000
0.2102  0.0000  -0.0006  0.0006  0.0000
0.2162  0.0000  -0.0006  0.0006  0.0000
0.2220  0.0000  -0.0007  0.0007  0.0000
0.2275  0.0000  -0.0006  0.0006  0.0000
0.2330  0.0000  -0.0006  0.0006  0.0000
0.2386  0.0000  -0.0006  0.0006  0.0000
0.2443  0.0000  -0.0006  0.0006  0.0000
0.2499  0.0000  -0.0006  0.0006  0.0000
0.2564  0.0000  -0.0006  0.0006  0.0000
0.2622  0.0000  -0.0006  0.0006  0.0000
0.2679  0.0000  -0.0006  0.0006  0.0000
0.2735  0.0000  -0.0006  0.0006  0.0000
0.2790  0.0000  -0.0006  0.0006  0.0000
0.2845  0.0000  -0.0006  0.0006  0.0000
0.2898  0.0000  -0.0005  0.0005  0.0000
0.2953  0.0000  -0.0005  0.0005  0.0000
0.3012  0.0000  -0.0005  0.0005  0.0000
0.3073  0.0000  -0.0005  0.0005  0.0000
0.3135  0.0000  -0.0005  0.0005  0.0000
0.3196  0.0000  -0.0005  0.0005  0.0000
0.3258  0.0000  -0.0005  0.0005  0.0000
0.3318  0.0000  -0.0004  0.0004  0.0000
0.3375  0.0000  -0.0004  0.0004  0.0000
0.3433  0.0000  -0.0004  0.0004  0.0000
0.3490  0.0000  -0.0004  0.0004  0.0000
0.3548  0.0000  -0.0004  0.0004  0.0000
0.3606  0.0000  -0.0004  0.0004  0.0000
0.3662  0.0000  -0.0004  0.0004  0.0000
0.3718  0.0000  -0.0004  0.0004  0.0000
0.3780  0.0000  -0.0004  0.0004  0.0000
0.3836  0.0000  -0.0004  0.0004  0.0000
0.3893  0.0000  -0.0004  0.0004  0.0000
0.3949  0.0000  -0.0004  0.0004  0.0000
0.4006  0.0000  -0.0004  0.0004  0.0000
0.4065  0.0000  -0.0003  0.0003  0.0000
0.4122  0.0000  -0.0003  0.0003  0.0000
0.4181  0.0000  -0.0004  0.0004  0.0000
0.4245  0.0000  -0.0003  0.0003  0.0000
0.4321  0.0000  -0.0003  0.0003  0.0000
0.4390  0.0000  -0.0003  0.0003  0.0000
0.4452  0.0000  -0.0003  0.0003  0.0000
0.4505  0.0000  -0.0003  0.0003  0.0000
0.4560  0.0000  -0.0003  0.0003  0.0000
0.4616  0.0000  -0.0004  0.0004  0.0000
0.4672  0.0000  -0.0004  0.0004  0.0000
0.4728  0.0000  -0.0003  0.0003  0.0000
0.4785  0.0000  -0.0003  0.0003  0.0000
0.4845  0.0000  -0.0003  0.0003  0.0000
0.4903  0.0000  -0.0003  0.0003  0.0000
0.4959  0.0000  -0.0003  0.0003  0.0000
0.5029  0.0000  -0.0003  0.0003  0.0000
0.5103  0.0000  -0.0003  0.0003  0.0000
0.5158  0.0000  -0.0003  0.0003  0.0000
0.5341  0.0000  -0.0003  0.0003  0.0000
0.5403  0.0000  -0.0002  0.0002  0.0000
0.5462  0.0000  -0.0002  0.0002  0.0000
0.5514  0.0000  -0.0002  0.0002  0.0000
0.5572  0.0000  -0.0002  0.0002  0.0000
0.5633  0.0000  -0.0002  0.0002  0.0000
0.5692  0.0000  -0.0002  0.0002  0.0000
0.5751  0.0000  -0.0002  0.0002  0.0000
0.5811  0.0000  -0.0002  0.0002  0.0000
0.5866  0.0000  -0.0002  0.0002  0.0000
0.5920  0.0000  -0.0002  0.0002  0.0000
0.5973  0.0000  -0.0002  0.0002  0.0000
0.6030  0.0000  -0.0001  0.0001  0.0000
0.6084  0.0000  -0.0001  0.0001  0.0000
0.6137  0.0000  -0.0001  0.0001  0.0000
0.6192  0.0000  -0.0001  0.0001  0.0000
0.6248  0.0000  -0.0001  0.0001  0.0000
0.6301  0.0000  -0.0001  0.0001  0.0000
0.6355  0.0000  -0.0001  0.0001  0.0000
0.6409  0.0000  -0.0001  0.0001  0.0000
0.6465  0.0000  -0.0002  0.0002  0.0000
0.6519  0.0000  -0.0002  0.0002  0.0000
0.6571  0.0000  -0.0001  0.0001  0.0000
0.6627  0.0000  -0.0002  0.0002  0.0000
0.6689  0.0000  -0.0001  0.0001  0.0000
0.6744  0.0000  -0.0001  0.0001  0.0000
0.6806  0.0000  -0.0001  0.0001  0.0000
0.6864  0.0000  -0.0001  0.0001  0.0000
0.6928  0.0000  -0.0001  0.0001  0.0000
0.6986  0.0000  -0.0001  0.0001  0.0000
0.7046  0.0000  -0.0001  0.0001  0.0000
0.7100  0.0000  -0.0001  0.0001  0.0000
0.7150  0.0000  -0.0001  0.0001  0.0000
0.7202  0.0000  -0.0001  0.0001  0.0000
0.7254  0.0000  -0.0001  0.0001  0.0000
0.7306  0.0000  -0.0001  0.0001  0.0000
0.7356  0.0000  -0.0000  0.0000  0.0000
0.7409  0.0000  -0.0000  0.0000  0.0000
0.7464  0.0000  -0.0000  0.0000  0.0000
0.7519  0.0000  -0.0000  0.0000  0.0000
0.7572  0.0000  -0.0000  0.0000  0.0000
0.7644  0.0000  -0.0000  0.0000  0.0000
0.7700  0.0000  -0.0000  0.0000  0.0000
0.7753  0.0000  -0.0000  0.0000  0.0000
0.7807  0.0000  -0.0000  0.0000  0.0000
0.7860  0.0000  -0.0000  0.0000  0.0000
0.7916  0.0000  -0.0000  0.0000  0.0000
0.7969  0.0000  -0.0000  0.0000  0.0000
0.8024  0.0000  -0.0000  0.0000  0.0000
0.8076  0.0000  -0.0000  0.0000  0.0000
0.8131  0.0000  0.0001  -0.0001  0.0000
0.8183  0.0000  0.0001  -0.0001  0.0000
0.8238  0.0000  0.0001  -0.0001  0.0000
0.8291  0.0000  0.0001  -0.0001  0.0000
0.8345  0.0000  0.0001  -0.0001  0.0000
0.8401  0.0000  0.0001  -0.0001  0.0000
0.8454  0.0000  0.0001  -0.0001  0.0000
0.8508  0.0000  0.0001  -0.0001  0.0000
0.8560  0.0000  -0.0000  0.0000  0.0000
0.8614  0.0000  -0.0000  0.0000  0.0000
0.8670  0.0000  -0.0000  0.0000  0.0000
0.8725  0.0000  -0.0000  0.0000  0.0000
0.8780  0.0000  -0.0000  0.0000  0.0000
0.8835  0.0000  0.0001  -0.0001  0.0000
0.8891  0.0000  0.0001  -0.0001  0.0000
0.8945  0.0000  0.0001  -0.0001  0.0000
0.9001  0.0000  0.0001  -0.0001  0.0000
0.9054  0.0000  -0.0000  0.0000  0.0000
0.9108  0.0000  -0.0000  0.0000  0.0000
0.9168  0.0000  -0.0000  0.0000  0.0000
0.9246  0.0000  -0.0000  0.0000  0.0000
0.9306  0.0000  -0.0000  0.0000  0.0000
0.9363  0.0000  -0.0000  0.0000  0.0000
0.9424  0.0000  -0.0000  0.0000  0.0000
0.9478  0.0000  -0.0000  0.0000  0.0000
0.9534  0.0000  -0.0000  0.0000  0.0000
0.9589  0.0000  -0.0000  0.0000  0.0000
0.9646  0.0000  -0.0000  0.0000  0.0000
0.9702  0.0000  -0.0000  0.0000  0.0000
0.9756  0.0000  0.0001  -0.0001  0.0000
0.9812  0.0000  0.0001  -0.0001  0.0000
0.9878  0.0000  0.0001  -0.0001  0.0000
0.9932  0.0000  0.0001  -0.0001  0.0000
0.9998  0.0000  0.0001  -0.0001  0.0000
1.0058  0.0000  0.0001  -0.0001  0.0000
1.0117  0.0000  0.0001  -0.0001  0.0000
1.0191  0.0000  0.0001  -0.0001  0.0000
1.0356  0.0000  0.0001  -0.0001  0.0000
1.0415  0.0000  0.0001  -0.0001  0.0000
1.0473  0.0000  0.0001  -0.0001  0.0000
1.0536  0.0000  0.0001  -0.0001  0.0000
1.0597  0.0000  0.0001  -0.0001  0.0000
1.0654  0.0000  0.0001  -0.0001  0.0000
1.0712  0.0000  0.0002  -0.0002  0.0000
1.0770  0.0000  0.0001  -0.0001  0.0000
1.0832  0.0000  0.0001  -0.0001  0.0000
1.0889  0.0000  0.0001  -0.0001  0.0000
1.0965  0.0000  0.0002  -0.0002  0.0000
1.1026  0.0000  0.0002  -0.0002  0.0000
1.1083  0.0000  0.0003  -0.0003  0.0000
1.1145  0.0000  0.0002  -0.0002  0.0000
1.1203  0.0000  0.0003  -0.0003  0.0000
1.1260  0.0000  0.0003  -0.0003  0.0000
1.1317  0.0000  0.0003  -0.0003  0.0000
1.1374  0.0000  0.0003  -0.0003  0.0000
1.1435  0.0000  0.0003  -0.0003  0.0000
1.1490  0.0000  0.0003  -0.0003  0.0000
1.1551  0.0000  0.0003  -0.0003  0.0000
1.1612  0.0000  0.0003  -0.0003  0.0000
1.1666  0.0000  0.0003  -0.0003  0.0000
1.1724  0.0000  0.0003  -0.0003  0.0000
1.1782  0.0000  0.0003  -0.0003  0.0000
1.1861  0.0000  0.0003  -0.0003  0.0000
1.1925  0.0000  0.0003  -0.0003  0.0000
1.1987  0.0000  0.0003  -0.0003  0.0000
1.2103  0.0000  0.0003  -0.0003  0.0000
1.2165  0.0000  0.0003  -0.0003  0.0000
1.2278  0.0000  0.0003  -0.0003  0.0000
1.2342  0.0000  0.0003  -0.0003  0.0000
1.2408  0.0000  0.0003  -0.0003  0.0000
1.2469  0.0000  0.0003  -0.0003  0.0000
1.2530  0.0000  0.0003  -0.0003  0.0000
1.2594  0.0000  0.0003  -0.0003  0.0000
1.2645  0.0000  0.0003  -0.0003  0.0000
1.2717  0.0000  0.0003  -0.0003  0.0000
1.2768  0.0000  0.0003  -0.0003  0.0000
1.2820  0.0000  0.0003  -0.0003  0.0000
1.2872  0.0000  0.0003  -0.0003  0.0000
1.2923  0.0000  0.0003  -0.0003  0.0000
1.2975  0.0000  0.0003  -0.0003  0.0000
1.3030  0.0000  0.0003  -0.0003  0.0000
1.3084  0.0000  0.0003  -0.0003  0.0000
1.3137  0.0000  0.0003  -0.0003  0.0000
1.3194  0.0000  0.0003  -0.0003  0.0000
1.3253  0.0000  0.0003  -0.0003  0.0000
1.3307  0.0000  0.0003  -0.0003  0.0000
1.3362  0.0000  0.0003  -0.0003  0.0000
1.3417  0.0000  0.0003  -0.0003  0.0000
1.3471  0.0000  0.0003  -0.0003  0.0000
1.3525  0.0000  0.0003  -0.0003  0.0000
1.3579  0.0000  0.0003  -0.0003  0.0000
1.3634  0.0000  0.0003  -0.0003  0.0000
1.3689  0.0000  0.0003  -0.0003  0.0000
1.3743  0.0000  0.0003  -0.0003  0.0000
1.3798  0.0000  0.0003  -0.0003  0.0000
1.3854  0.0000  0.0003  -0.0003  0.0000
1.3908  0.0000  0.0003  -0.0003  0.0000
1.3962  0.0000  0.0003  -0.0003  0.0000
1.4018  0.0000  0.0003  -0.0003  0.0000
1.4073  0.0000  0.0003  -0.0003  0.0000
1.4128  0.0000  0.0003  -0.0003  0.0000
1.4178  0.0000  0.0003  -0.0003  0.0000
1.4263  0.0000  0.0003  -0.0003  0.0000
1.4325  0.0000  0.0003  -0.0003  0.0000
1.4388  0.0000  0.0003  -0.0003  0.0000
1.4468  0.0000  0.0003  -0.0003  0.0000
1.4522  0.0000  0.0003  -0.0003  0.0000
1.4574  0.0000  0.0003  -0.0003  0.0000
1.4627  0.0000  0.0003  -0.0003  0.0000
1.4681  0.0000  0.0003  -0.0003  0.0000
1.4734  0.0000  0.0003  -0.0003  0.0000
1.4787  0.0000  0.0003  -0.0003  0.0000
1.4840  0.0000  0.0003  -0.0003  0.0000
1.4894  0.0000  0.0003  -0.0003  0.0000
1.4948  0.0000  0.0003  -0.0003  0.0000
1.5008  0.0000  0.0003  -0.0003  0.0000
1.5062  0.0000  0.0003  -0.0003  0.0000
1.5109  0.0000  0.0003  -0.0003  0.0000
1.5163  0.0000  0.0003  -0.0003  0.0000
1.5234  0.0000  0.0003  -0.0003  0.0000
1.5383  0.0000  0.0003  -0.0003  0.0000
1.5436  0.0000  0.0004  -0.0004  0.0000
1.5490  0.0000  0.0003  -0.0003  0.0000
1.5543  0.0000  0.0003  -0.0003  0.0000
1.5602  0.0000  0.0003  -0.0003  0.0000
1.5653  0.0000  0.0003  -0.0003  0.0000
1.5703  0.0000  0.0003  -0.0003  0.0000
1.5753  0.0000  0.0003  -0.0003  0.0000
1.5804  0.0000  0.0003  -0.0003  0.0000
1.5854  0.0000  0.0003  -0.0003  0.0000
1.5905  0.0000  0.0003  -0.0003  0.0000
1.5955  0.0000  0.0003  -0.0003  0.0000
1.6005  0.0000  0.0003  -0.0003  0.0000
1.6056  0.0000  0.0003  -0.0003  0.0000
1.6106  0.0000  0.0003  -0.0003  0.0000
1.6157  0.0000  0.0003  -0.0003  0.0000
1.6208  0.0000  0.0003  -0.0003  0.0000
1.6259  0.0000  0.0003  -0.0003  0.0000
1.6303  0.0000  0.0003  -0.0003  0.0000
1.6354  0.0000  0.0003  -0.0003  0.0000
1.6405  0.0000  0.0003  -0.0003  0.0000
1.6456  0.0000  0.0003  -0.0003  0.0000
1.6505  0.0000  0.0003  -0.0003  0.0000
1.6557  0.0000  0.0003  -0.0003  0.0000
1.6608  0.0000  0.0003  -0.0003  0.0000
1.6671  0.0000  0.0003  -0.0003  0.0000
1.6722  0.0000  0.0003  -0.0003  0.0000
1.6773  0.0000  0.0003  -0.0003  0.0000
1.6837  0.0000  0.0004  -0.0004  0.0000
1.6893  0.0000  0.0004  -0.0004  0.0000
1.6946  0.0000  0.0004  -0.0004  0.0000
1.7006  0.0000  0.0004  -0.0004  0.0000
1.7057  0.0000  0.0004  -0.0004  0.0000
1.7106  0.0000  0.0004  -0.0004  0.0000
1.7157  0.0000  0.0004  -0.0004  0.0000
1.7207  0.0000  0.0004  -0.0004  0.0000
1.7258  0.0000  0.0004  -0.0004  0.0000
1.7308  0.0000  0.0004  -0.0004  0.0000
1.7358  0.0000  0.0004  -0.0004  0.0000
1.7410  0.0000  0.0004  -0.0004  0.0000
1.7466  0.0000  0.0004  -0.0004  0.0000
1.7518  0.0000  0.0004  -0.0004  0.0000
1.7569  0.0000  0.0004  -0.0004  0.0000
1.7622  0.0000  0.0004  -0.0004  0.0000
1.7675  0.0000  0.0004  -0.0004  0.0000
1.7729  0.0000  0.0004  -0.0004  0.0000
1.7791  0.0000  0.0004  -0.0004  0.0000
1.7847  0.0000  0.0004  -0.0004  0.0000
1.7901  0.0000  0.0004  -0.0004  0.0000
1.7953  0.0000  0.0004  -0.0004  0.0000
1.8008  0.0000  0.0004  -0.0004  0.0000
1.8061  0.0000  0.0005  -0.0005  0.0000
1.8116  0.0000  0.0005  -0.0005  0.0000
1.8169  0.0000  0.0005  -0.0005  0.0000
1.8229  0.0000  0.0005  -0.0005  0.0000
1.8288  0.0000  0.0005  -0.0005  0.0000
1.8346  0.0000  0.0005  -0.0005  0.0000
1.8402  0.0000  0.0005  -0.0005  0.0000
1.8459  0.0000  0.0005  -0.0005  0.0000
1.8517  0.0000  0.0005  -0.0005  0.0000
1.8574  0.0000  0.0005  -0.0005  0.0000
1.8631  0.0000  0.0005  -0.0005  0.0000
1.8696  0.0000  0.0004  -0.0004  0.0000
1.8751  0.0000  0.0005  -0.0005  0.0000
1.8808  0.0000  0.0005  -0.0005  0.0000
1.8865  0.0000  0.0005  -0.0005  0.0000
1.8921  0.0000  0.0005  -0.0005  0.0000
1.8978  0.0000  0.0005  -0.0005  0.0000
1.9037  0.0000  0.0005  -0.0005  0.0000
1.9095  0.0000  0.0005  -0.0005  0.0000
1.9151  0.0000  0.0005  -0.0005  0.0000
1.9214  0.0000  0.0005  -0.0005  0.0000
1.9297  0.0000  0.0005  -0.0005  0.0000
1.9365  0.0000  0.0005  -0.0005  0.0000
1.9423  0.0000  0.0006  -0.0006  0.0000
1.9473  0.0000  0.0006  -0.0006  0.0000
1.9531  0.0000  0.0006  -0.0006  0.0000
1.9588  0.0000  0.0006  -0.0006  0.0000
1.9646  0.0000  0.0006  -0.0006  0.0000
1.9692  0.0000  0.0006  -0.0006  0.0000
1.9748  0.0000  0.0006  -0.0006  0.0000
1.9805  0.0000  0.0006  -0.0006  0.0000
1.9867  0.0000  0.0006  -0.0006  0.0000
1.9925  0.0000  0.0006  -0.0006  0.0000
1.9981  0.0000  0.0006  -0.0006  0.0000
2.0044  0.0000  0.0006  -0.0006  0.0000
2.0101  0.0000  0.0005  -0.0005  0.0000
2.0156  0.0000  0.0005  -0.0005  0.0000
2.0212  0.0000  0.0005  -0.0005  0.0000
2.0288  0.0000  0.0006  -0.0006  0.0000
2.0447  0.0000  0.0006  -0.0006  0.0000
2.0501  0.0000  0.0006  -0.0006  0.0000
2.0557  0.0000  0.0006  -0.0006  0.0000
2.0614  0.0000  0.0006  -0.0006  0.0000
2.0668  0.0000  0.0006  -0.0006  0.0000
2.0724  0.0000  0.0006  -0.0006  0.0000
2.0778  0.0000  0.0006  -0.0006  0.0000
2.0832  0.0000  0.0006  -0.0006  0.0000
2.0886  0.0000  0.0006  -0.0006  0.0000
2.0940  0.0000  0.0006  -0.0006  0.0000
2.0997  0.0000  0.0006  -0.0006  0.0000
2.1051  0.0000  0.0006  -0.0006  0.0000
2.1108  0.0000  0.0006  -0.0006  0.0000
2.1165  0.0000  0.0006  -0.0006  0.0000
2.1231  0.0000  0.0006  -0.0006  0.0000
2.1287  0.0000  0.0006  -0.0006  0.0000
2.1343  0.0000  0.0006  -0.0006  0.0000
2.1400  0.0000  0.0006  -0.0006  0.0000
2.1454  0.0000  0.0006  -0.0006  0.0000
2.1508  0.0000  0.0006  -0.0006  0.0000
2.1562  0.0000  0.0006  -0.0006  0.0000
2.1618  0.0000  0.0006  -0.0006  0.0000
2.1673  0.0000  0.0006  -0.0006  0.0000
2.1727  0.0000  0.0006  -0.0006  0.0000
2.1783  0.0000  0.0006  -0.0006  0.0000
2.1853  0.0000  0.0006  -0.0006  0.0000
2.1917  0.0000  0.0006  -0.0006  0.0000
2.1977  0.0000  0.0006  -0.0006  0.0000
2.2030  0.0000  0.0006  -0.0006  0.0000
2.2085  0.0000  0.0006  -0.0006  0.0000
2.2139  0.0000  0.0007  -0.0007  0.0000
2.2198  0.0000  0.0006  -0.0006  0.0000
2.2253  0.0000  0.0006  -0.0006  0.0000
2.2347  0.0000  0.0007  -0.0007  0.0000
2.2405  0.0000  0.0007  -0.0007  0.0000
2.2460  0.0000  0.0007  -0.0007  0.0000
2.2559  0.0000  0.0007  -0.0007  0.0000
2.2622  0.0000  0.0007  -0.0007  0.0000
2.2681  0.0000  0.0007  -0.0007  0.0000
2.2741  0.0000  0.0007  -0.0007  0.0000
2.2836  0.0000  0.0007  -0.0007  0.0000
2.2893  0.0000  0.0007  -0.0007  0.0000
2.2948  0.0000  0.0007  -0.0007  0.0000
2.3006  0.0000  0.0007  -0.0007  0.0000
2.3057  0.0000  0.0007  -0.0007  0.0000
2.3110  0.0000  0.0007  -0.0007  0.0000
2.3163  0.0000  0.0007  -0.0007  0.0000
2.3216  0.0000  0.0007  -0.0007  0.0000
2.3271  0.0000  0.0007  -0.0007  0.0000
2.3323  0.0000  0.0007  -0.0007  0.0000
2.3379  0.0000  0.0007  -0.0007  0.0000
2.3432  0.0000  0.0007  -0.0007  0.0000
2.3489  0.0000  0.0007  -0.0007  0.0000
2.3541  0.0000  0.0007  -0.0007  0.0000
2.3593  0.0000  0.0007  -0.0007  0.0000
2.3647  0.0000  0.0007  -0.0007  0.0000
2.3700  0.0000  0.0007  -0.0007  0.0000
2.3753  0.0000  0.0007  -0.0007  0.0000
2.3805  0.0000  0.0007  -0.0007  0.0000
2.3858  0.0000  0.0007  -0.0007  0.0000
2.3911  0.0000  0.0007  -0.0007  0.0000
2.3968  0.0000  0.0007  -0.0007  0.0000
2.4032  0.0000  0.0007  -0.0007  0.0000
2.4091  0.0000  0.0007  -0.0007  0.0000
2.4148  0.0000  0.0007  -0.0007  0.0000
2.4206  0.0000  0.0007  -0.0007  0.0000
2.4264  0.0000  0.0007  -0.0007  0.0000
2.4320  0.0000  0.0007  -0.0007  0.0000
2.4380  0.0000  0.0008  -0.0008  0.0000
2.4448  0.0000  0.0008  -0.0008  0.0000
2.4513  0.0000  0.0008  -0.0008  0.0000
2.4575  0.0000  0.0008  -0.0008  0.0000
2.4643  0.0000  0.0008  -0.0008  0.0000
2.4703  0.0000  0.0008  -0.0008  0.0000
2.4763  0.0000  0.0008  -0.0008  0.0000
2.4822  0.0000  0.0008  -0.0008  0.0000
2.4884  0.0000  0.0008  -0.0008  0.0000
2.4942  0.0000  0.0008  -0.0008  0.0000
2.5003  0.0000  0.0008  -0.0008  0.0000
2.5069  0.0000  0.0009  -0.0009  0.0000
2.5129  0.0000  0.0009  -0.0009  0.0000
2.5190  0.0000  0.0009  -0.0009  0.0000
2.5252  0.0000  0.0009  -0.0009  0.0000
2.5311  0.0000  0.0009  -0.0009  0.0000
2.5481  0.0000  0.0009  -0.0009  0.0000
2.5539  0.0000  0.0009  -0.0009  0.0000
2.5602  0.0000  0.0009  -0.0009  0.0000
2.5662  0.0000  0.0009  -0.0009  0.0000
2.5722  0.0000  0.0009  -0.0009  0.0000
2.5782  0.0000  0.0009  -0.0009  0.0000
2.5840  0.0000  0.0009  -0.0009  0.0000
2.5901  0.0000  0.0009  -0.0009  0.0000
2.5961  0.0000  0.0009  -0.0009  0.0000
2.6022  0.0000  0.0009  -0.0009  0.0000
2.6081  0.0000  0.0009  -0.0009  0.0000
2.6140  0.0000  0.0009  -0.0009  0.0000
2.6200  0.0000  0.0009  -0.0009  0.0000
2.6260  0.0000  0.0009  -0.0009  0.0000
2.6319  0.0000  0.0009  -0.0009  0.0000
2.6385  0.0000  0.0009  -0.0009  0.0000
2.6445  0.0000  0.0009  -0.0009  0.0000
2.6506  0.0000  0.0009  -0.0009  0.0000
2.6566  0.0000  0.0009  -0.0009  0.0000
2.6627  0.0000  0.0009  -0.0009  0.0000
2.6688  0.0000  0.0009  -0.0009  0.0000
2.6747  0.0000  0.0009  -0.0009  0.0000
2.6809  0.0000  0.0010  -0.0010  0.0000
2.6883  0.0000  0.0010  -0.0010  0.0000
2.6945  0.0000  0.0010  -0.0010  0.0000
2.7014  0.0000  0.0010  -0.0010  0.0000
2.7074  0.0000  0.0010  -0.0010  0.0000
2.7141  0.0000  0.0010  -0.0010  0.0000
2.7206  0.0000  0.0010  -0.0010  0.0000
2.7275  0.0000  0.0010  -0.0010  0.0000
2.7335  0.0000  0.0010  -0.0010  0.0000
2.7394  0.0000  0.0010  -0.0010  0.0000
2.7455  0.0000  0.0010  -0.0010  0.0000
2.7515  0.0000  0.0009  -0.0009  0.0000
2.7574  0.0000  0.0010  -0.0010  0.0000
2.7635  0.0000  0.0010  -0.0010  0.0000
2.7696  0.0000  0.0010  -0.0010  0.0000
2.7756  0.0000  0.0010  -0.0010  0.0000
2.7818  0.0000  0.0010  -0.0010  0.0000
2.7877  0.0000  0.0010  -0.0010  0.0000
2.7945  0.0000  0.0010  -0.0010  0.0000
2.8007  0.0000  0.0010  -0.0010  0.0000
2.8068  0.0000  0.0010  -0.0010  0.0000
2.8129  0.0000  0.0010  -0.0010  0.0000
2.8189  0.0000  0.0010  -0.0010  0.0000
2.8252  0.0000  0.0010  -0.0010  0.0000
2.8316  0.0000  0.0010  -0.0010  0.0000
2.8374  0.0000  0.0010  -0.0010  0.0000
2.8435  0.0000  0.0010  -0.0010  0.0000
2.8494  0.0000  0.0010  -0.0010  0.0000
2.8556  0.0000  0.0010  -0.0010  0.0000
2.8619  0.0000  0.0010  -0.0010  0.0000
2.8678  0.0000  0.0010  -0.0010  0.0000
2.8739  0.0000  0.0010  -0.0010  0.0000
2.8804  0.0000  0.0010  -0.0010  0.0000
2.8867  0.0000  0.0010  -0.0010  0.0000
2.8928  0.0000  0.0010  -0.0010  0.0000
2.8988  0.0000  0.0010  -0.0010  0.0000
2.9051  0.0000  0.0010  -0.0010  0.0000
2.9111  0.0000  0.0010  -0.0010  0.0000
2.9185  0.0000  0.0010  -0.0010  0.0000
2.9249  0.0000  0.0010  -0.0010  0.0000
2.9311  0.0000  0.0010  -0.0010  0.0000
2.9370  0.0000  0.0010  -0.0010  0.0000
2.9436  0.0000  0.0010  -0.0010  0.0000
2.9495  0.0000  0.0010  -0.0010  0.0000
2.9556  0.0000  0.0010  -0.0010  0.0000
2.9609  0.0000  0.0010  -0.0010  0.0000
2.9669  0.0000  0.0010  -0.0010  0.0000
2.9724  0.0000  0.0010  -0.0010  0.0000
2.9781  0.0000  0.0010  -0.0010  0.0000
2.9838  0.0000  0.0010  -0.0010  0.0000
2.9893  0.0000  0.0010  -0.0010  0.0000
2.9949  0.0000  0.0010  -0.0010  0.0000
3.0003  0.0000  0.0010  -0.0010  0.0000
3.0056  0.0000  0.0010  -0.0010  0.0000
3.0115  0.0000  0.0010  -0.0010  0.0000
3.0169  0.0000  0.0010  -0.0010  0.0000
3.0226  0.0000  0.0010  -0.0010  0.0000
3.0280  0.0000  0.0010  -0.0010  0.0000
3.0333  0.0000  0.0010  -0.0010  0.0000
3.0507  0.0000  0.0010  -0.0010  0.0000
3.0558  0.0000  0.0010  -0.0010  0.0000
3.0613  0.0000  0.0010  -0.0010  0.0000
3.0673  0.0000  0.0010  -0.0010  0.0000
3.0725  0.0000  0.0010  -0.0010  0.0000
3.0776  0.0000  0.0010  -0.0010  0.0000
3.0827  0.0000  0.0010  -0.0010  0.0000
3.0878  0.0000  0.0010  -0.0010  0.0000
3.0930  0.0000  0.0010  -0.0010  0.0000
3.0983  0.0000  0.0010  -0.0010  0.0000
3.1040  0.0000  0.0010  -0.0010  0.0000
3.1093  0.0000  0.0010  -0.0010  0.0000
3.1148  0.0000  0.0010  -0.0010  0.0000
3.1202  0.0000  0.0010  -0.0010  0.0000
3.1256  0.0000  0.0010  -0.0010  0.0000
3.1310  0.0000  0.0010  -0.0010  0.0000
3.1364  0.0000  0.0010  -0.0010  0.0000
3.1421  0.0000  0.0010  -0.0010  0.0000
3.1478  0.0000  0.0010  -0.0010  0.0000
3.1532  0.0000  0.0010  -0.0010  0.0000
3.1588  0.0000  0.0010  -0.0010  0.0000
3.1642  0.0000  0.0010  -0.0010  0.0000
3.1696  0.0000  0.0010  -0.0010  0.0000
3.1752  0.0000  0.0010  -0.0010  0.0000
3.1808  0.0000  0.0010  -0.0010  0.0000
3.1864  0.0000  0.0010  -0.0010  0.0000
3.1914  0.0000  0.0010  -0.0010  0.0000
3.1969  0.0000  0.0010  -0.0010  0.0000
3.2040  0.0000  0.0010  -0.0010  0.0000
3.2103  0.0000  0.0010  -0.0010  0.0000
3.2159  0.0000  0.0010  -0.0010  0.0000
3.2225  0.0000  0.0010  -0.0010  0.0000
3.2283  0.0000  0.0010  -0.0010  0.0000
3.2338  0.0000  0.0010  -0.0010  0.0000
3.2393  0.0000  0.0010  -0.0010  0.0000
3.2449  0.0000  0.0010  -0.0010  0.0000
3.2500  0.0000  0.0010  -0.0010  0.0000
3.2558  0.0000  0.0010  -0.0010  0.0000
3.2615  0.0000  0.0010  -0.0010  0.0000
3.2669  0.0000  0.0010  -0.0010  0.0000
3.2715  0.0000  0.0010  -0.0010  0.0000
3.2767  0.0000  0.0010  -0.0010  0.0000
3.2823  0.0000  0.0010  -0.0010  0.0000
3.2876  0.0000  0.0010  -0.0010  0.0000
3.2929  0.0000  0.0010  -0.0010  0.0000
3.3002  0.0000  0.0010  -0.0010  0.0000
3.3064  0.0000  0.0010  -0.0010  0.0000
3.3111  0.0000  0.0010  -0.0010  0.0000
3.3184  0.0000  0.0010  -0.0010  0.0000
3.3244  0.0000  0.0010  -0.0010  0.0000
3.3303  0.0000  0.0010  -0.0010  0.0000
3.3362  0.0000  0.0010  -0.0010  0.0000
3.3418  0.0000  0.0010  -0.0010  0.0000
3.3491  0.0000  0.0010  -0.0010  0.0000
3.3542  0.0000  0.0010  -0.0010  0.0000
3.3599  0.0000  0.0010  -0.0010  0.0000
3.3652  0.0000  0.0010  -0.0010  0.0000
3.3703  0.0000  0.0010  -0.0010  0.0000
3.3756  0.0000  0.0010  -0.0010  0.0000
3.3807  0.0000  0.0010  -0.0010  0.0000
3.3859  0.0000  0.0010  -0.0010  0.0000
3.3913  0.0000  0.0010  -0.0010  0.0000
3.3965  0.0000  0.0010  -0.0010  0.0000
3.4016  0.0000  0.0010  -0.0010  0.0000
3.4069  0.0000  0.0010  -0.0010  0.0000
3.4123  0.0000  0.0010  -0.0010  0.0000
3.4177  0.0000  0.0010  -0.0010  0.0000
3.4229  0.0000  0.0010  -0.0010  0.0000
3.4287  0.0000  0.0010  -0.0010  0.0000
3.4340  0.0000  0.0010  -0.0010  0.0000
3.4395  0.0000  0.0010  -0.0010  0.0000
3.4471  0.0000  0.0010  -0.0010  0.0000
3.4530  0.0000  0.0010  -0.0010  0.0000
3.4589  0.0000  0.0010  -0.0010  0.0000
3.4653  0.0000  0.0010  -0.0010  0.0000
3.4708  0.0000  0.0010  -0.0010  0.0000
3.4764  0.0000  0.0010  -0.0010  0.0000
3.4819  0.0000  0.0010  -0.0010  0.0000
3.4872  0.0000  0.0010  -0.0010  0.0000
3.4924  0.0000  0.0010  -0.0010  0.0000
3.4978  0.0000  0.0010  -0.0010  0.0000
3.5031  0.0000  0.0010  -0.0010  0.0000
3.5084  0.0000  0.0010  -0.0010  0.0000
3.5141  0.0000  0.0010  -0.0010  0.0000
3.5194  0.0000  0.0010  -0.0010  0.0000
3.5246  0.0000  0.0010  -0.0010  0.0000
3.5299  0.0000  0.0010  -0.0010  0.0000
3.5387  0.0000  0.0010  -0.0010  0.0000
3.5543  0.0000  0.0010  -0.0010  0.0000
3.5609  0.0000  0.0011  -0.0011  0.0000
3.5666  0.0000  0.0011  -0.0011  0.0000
3.5722  0.0000  0.0011  -0.0011  0.0000
3.5778  0.0000  0.0011  -0.0011  0.0000
3.5831  0.0000  0.0011  -0.0011  0.0000
3.5884  0.0000  0.0011  -0.0011  0.0000
3.5937  0.0000  0.0011  -0.0011  0.0000
3.5991  0.0000  0.0011  -0.0011  0.0000
3.6044  0.0000  0.0011  -0.0011  0.0000
3.6099  0.0000  0.0011  -0.0011  0.0000
3.6154  0.0000  0.0011  -0.0011  0.0000
3.6208  0.0000  0.0011  -0.0011  0.0000
3.6260  0.0000  0.0011  -0.0011  0.0000
3.6314  0.0000  0.0011  -0.0011  0.0000
3.6366  0.0000  0.0011  -0.0011  0.0000
3.6419  0.0000  0.0011  -0.0011  0.0000
3.6476  0.0000  0.0011  -0.0011  0.0000
3.6529  0.0000  0.0011  -0.0011  0.0000
3.6584  0.0000  0.0011  -0.0011  0.0000
3.6638  0.0000  0.0011  -0.0011  0.0000
3.6691  0.0000  0.0012  -0.0012  0.0000
3.6744  0.0000  0.0011  -0.0011  0.0000
3.6800  0.0000  0.0012  -0.0012  0.0000
3.6852  0.0000  0.0012  -0.0012  0.0000
3.6906  0.0000  0.0012  -0.0012  0.0000
3.6960  0.0000  0.0012  -0.0012  0.0000
3.7024  0.0000  0.0012  -0.0012  0.0000
3.7071  0.0000  0.0012  -0.0012  0.0000
3.7126  0.0000  0.0012  -0.0012  0.0000
3.7183  0.0000  0.0012  -0.0012  0.0000
3.7250  0.0000  0.0012  -0.0012  0.0000
3.7303  0.0000  0.0012  -0.0012  0.0000
3.7356  0.0000  0.0012  -0.0012  0.0000
3.7410  0.0000  0.0012  -0.0012  0.0000
3.7463  0.0000  0.0011  -0.0011  0.0000
3.7516  0.0000  0.0012  -0.0012  0.0000
3.7569  0.0000  0.0012  -0.0012  0.0000
3.7623  0.0000  0.0012  -0.0012  0.0000
3.7676  0.0000  0.0012  -0.0012  0.0000
3.7730  0.0000  0.0012  -0.0012  0.0000
3.7784  0.0000  0.0012  -0.0012  0.0000
3.7837  0.0000  0.0012  -0.0012  0.0000
3.7886  0.0000  0.0012  -0.0012  0.0000
3.7938  0.0000  0.0012  -0.0012  0.0000
3.7993  0.0000  0.0012  -0.0012  0.0000
3.8049  0.0000  0.0012  -0.0012  0.0000
3.8104  0.0000  0.0012  -0.0012  0.0000
3.8173  0.0000  0.0012  -0.0012  0.0000
3.8230  0.0000  0.0012  -0.0012  0.0000
3.8289  0.0000  0.0012  -0.0012  0.0000
3.8345  0.0000  0.0012  -0.0012  0.0000
3.8403  0.0000  0.0012  -0.0012  0.0000
3.8460  0.0000  0.0012  -0.0012  0.0000
3.8518  0.0000  0.0012  -0.0012  0.0000
3.8575  0.0000  0.0012  -0.0012  0.0000
3.8633  0.0000  0.0012  -0.0012  0.0000
3.8692  0.0000  0.0012  -0.0012  0.0000
3.8748  0.0000  0.0012  -0.0012  0.0000
3.8805  0.0000  0.0012  -0.0012  0.0000
3.8861  0.0000  0.0012  -0.0012  0.0000
3.8916  0.0000  0.0012  -0.0012  0.0000
3.8973  0.0000  0.0012  -0.0012  0.0000
3.9030  0.0000  0.0012  -0.0012  0.0000
3.9087  0.0000  0.0012  -0.0012  0.0000
3.9145  0.0000  0.0012  -0.0012  0.0000
3.9202  0.0000  0.0012  -0.0012  0.0000
3.9259  0.0000  0.0012  -0.0012  0.0000
3.9317  0.0000  0.0013  -0.0013  0.0000
3.9374  0.0000  0.0012  -0.0012  0.0000
3.9448  0.0000  0.0012  -0.0012  0.0000
3.9523  0.0000  0.0013  -0.0013  0.0000
3.9574  0.0000  0.0013  -0.0013  0.0000
3.9629  0.0000  0.0013  -0.0013  0.0000
3.9690  0.0000  0.0012  -0.0012  0.0000
3.9738  0.0000  0.0012  -0.0012  0.0000
3.9802  0.0000  0.0012  -0.0012  0.0000
3.9853  0.0000  0.0012  -0.0012  0.0000
3.9914  0.0000  0.0012  -0.0012  0.0000
3.9968  0.0000  0.0013  -0.0013  0.0000
4.0024  0.0000  0.0012  -0.0012  0.0000
4.0078  0.0000  0.0012  -0.0012  0.0000
4.0133  0.0000  0.0012  -0.0012  0.0000
4.0194  0.0000  0.0012  -0.0012  0.0000
4.0249  0.0000  0.0012  -0.0012  0.0000
4.0306  0.0000  0.0012  -0.0012  0.0000
4.0359  0.0000  0.0012  -0.0012  0.0000
4.0414  0.0000  0.0012  -0.0012  0.0000
4.0568  0.0000  0.0012  -0.0012  0.0000
4.0629  0.0000  0.0012  -0.0012  0.0000
4.0705  0.0000  0.0012  -0.0012  0.0000
4.0764  0.0000  0.0013  -0.0013  0.0000
4.0820  0.0000  0.0013  -0.0013  0.0000
4.0873  0.0000  0.0013  -0.0013  0.0000
4.0927  0.0000  0.0013  -0.0013  0.0000
4.0982  0.0000  0.0012  -0.0012  0.0000
4.1036  0.0000  0.0012  -0.0012  0.0000
4.1089  0.0000  0.0013  -0.0013  0.0000
4.1143  0.0000  0.0013  -0.0013  0.0000
4.1201  0.0000  0.0013  -0.0013  0.0000
4.1256  0.0000  0.0013  -0.0013  0.0000
4.1311  0.0000  0.0013  -0.0013  0.0000
4.1364  0.0000  0.0013  -0.0013  0.0000
4.1418  0.0000  0.0013  -0.0013  0.0000
4.1481  0.0000  0.0013  -0.0013  0.0000
4.1535  0.0000  0.0013  -0.0013  0.0000
4.1589  0.0000  0.0013  -0.0013  0.0000
4.1645  0.0000  0.0013  -0.0013  0.0000
4.1699  0.0000  0.0013  -0.0013  0.0000
4.1753  0.0000  0.0013  -0.0013  0.0000
4.1809  0.0000  0.0013  -0.0013  0.0000
4.1861  0.0000  0.0013  -0.0013  0.0000
4.1915  0.0000  0.0013  -0.0013  0.0000
4.1969  0.0000  0.0013  -0.0013  0.0000
4.2035  0.0000  0.0013  -0.0013  0.0000
4.2093  0.0000  0.0013  -0.0013  0.0000
4.2148  0.0000  0.0013  -0.0013  0.0000
4.2206  0.0000  0.0014  -0.0014  0.0000
4.2258  0.0000  0.0013  -0.0013  0.0000
4.2312  0.0000  0.0013  -0.0013  0.0000
4.2365  0.0000  0.0013  -0.0013  0.0000
4.2419  0.0000  0.0013  -0.0013  0.0000
4.2473  0.0000  0.0013  -0.0013  0.0000
4.2527  0.0000  0.0014  -0.0014  0.0000
4.2582  0.0000  0.0013  -0.0013  0.0000
4.2635  0.0000  0.0014  -0.0014  0.0000
4.2693  0.0000  0.0013  -0.0013  0.0000
4.2746  0.0000  0.0014  -0.0014  0.0000
4.2805  0.0000  0.0013  -0.0013  0.0000
4.2859  0.0000  0.0014  -0.0014  0.0000
4.2912  0.0000  0.0014  -0.0014  0.0000
4.2997  0.0000  0.0014  -0.0014  0.0000
4.3054  0.0000  0.0014  -0.0014  0.0000
4.3109  0.0000  0.0014  -0.0014  0.0000
4.3195  0.0000  0.0014  -0.0014  0.0000
4.3251  0.0000  0.0014  -0.0014  0.0000
4.3310  0.0000  0.0014  -0.0014  0.0000
4.3370  0.0000  0.0014  -0.0014  0.0000
4.3428  0.0000  0.0014  -0.0014  0.0000
4.3481  0.0000  0.0014  -0.0014  0.0000
4.3533  0.0000  0.0014  -0.0014  0.0000
4.3587  0.0000  0.0014  -0.0014  0.0000
4.3639  0.0000  0.0014  -0.0014  0.0000
4.3699  0.0000  0.0014  -0.0014  0.0000
4.3754  0.0000  0.0014  -0.0014  0.0000
4.3812  0.0000  0.0014  -0.0014  0.0000
4.3859  0.0000  0.0014  -0.0014  0.0000
4.3917  0.0000  0.0014  -0.0014  0.0000
4.3984  0.0000  0.0014  -0.0014  0.0000
4.4040  0.0000  0.0014  -0.0014  0.0000
4.4099  0.0000  0.0014  -0.0014  0.0000
4.4157  0.0000  0.0014  -0.0014  0.0000
4.4217  0.0000  0.0014  -0.0014  0.0000
4.4273  0.0000  0.0014  -0.0014  0.0000
4.4328  0.0000  0.0014  -0.0014  0.0000
4.4390  0.0000  0.0015  -0.0015  0.0000
4.4445  0.0000  0.0014  -0.0014  0.0000
4.4499  0.0000  0.0014  -0.0014  0.0000
4.4552  0.0000  0.0015  -0.0015  0.0000
4.4612  0.0000  0.0015  -0.0015  0.0000
4.4675  0.0000  0.0016  -0.0016  0.0000
4.4730  0.0000  0.0015  -0.0015  0.0000
4.4786  0.0000  0.0015  -0.0015  0.0000
4.4846  0.0000  0.0016  -0.0016  0.0000
4.4899  0.0000  0.0015  -0.0015  0.0000
4.4954  0.0000  0.0015  -0.0015  0.0000
4.5007  0.0000  0.0016  -0.0016  0.0000
4.5063  0.0000  0.0016  -0.0016  0.0000
4.5117  0.0000  0.0015  -0.0015  0.0000
4.5174  0.0000  0.0015  -0.0015  0.0000
4.5231  0.0000  0.0015  -0.0015  0.0000
4.5286  0.0000  0.0015  -0.0015  0.0000
4.5342  0.0000  0.0015  -0.0015  0.0000
4.5400  0.0000  0.0015  -0.0015  0.0000
4.5456  0.0000  0.0015  -0.0015  0.0000
4.5616  0.0000  0.0015  -0.0015  0.0000
4.5672  0.0000  0.0015  -0.0015  0.0000
4.5729  0.0000  0.0015  -0.0015  0.0000
4.5784  0.0000  0.0015  -0.0015  0.0000
4.5839  0.0000  0.0015  -0.0015  0.0000
4.5896  0.0000  0.0015  -0.0015  0.0000
4.5953  0.0000  0.0015  -0.0015  0.0000
4.6009  0.0000  0.0015  -0.0015  0.0000
4.6066  0.0000  0.0016  -0.0016  0.0000
4.6124  0.0000  0.0015  -0.0015  0.0000
4.6180  0.0000  0.0016  -0.0016  0.0000
4.6238  0.0000  0.0015  -0.0015  0.0000
4.6287  0.0000  0.0015  -0.0015  0.0000
4.6344  0.0000  0.0015  -0.0015  0.0000
4.6402  0.0000  0.0015  -0.0015  0.0000
4.6458  0.0000  0.0015  -0.0015  0.0000
4.6515  0.0000  0.0015  -0.0015  0.0000
4.6571  0.0000  0.0015  -0.0015  0.0000
4.6628  0.0000  0.0016  -0.0016  0.0000
4.6684  0.0000  0.0016  -0.0016  0.0000
4.6740  0.0000  0.0016  -0.0016  0.0000
4.6796  0.0000  0.0016  -0.0016  0.0000
4.6852  0.0000  0.0016  -0.0016  0.0000
4.6908  0.0000  0.0016  -0.0016  0.0000
4.6964  0.0000  0.0016  -0.0016  0.0000
4.7032  0.0000  0.0016  -0.0016  0.0000
4.7098  0.0000  0.0016  -0.0016  0.0000
4.7156  0.0000  0.0017  -0.0017  0.0000
4.7224  0.0000  0.0017  -0.0017  0.0000
4.7281  0.0000  0.0016  -0.0016  0.0000
4.7337  0.0000  0.0016  -0.0016  0.0000
4.7393  0.0000  0.0016  -0.0016  0.0000
4.7449  0.0000  0.0016  -0.0016  0.0000
4.7508  0.0000  0.0016  -0.0016  0.0000
4.7566  0.0000  0.0016  -0.0016  0.0000
4.7627  0.0000  0.0016  -0.0016  0.0000
4.7683  0.0000  0.0016  -0.0016  0.0000
4.7737  0.0000  0.0016  -0.0016  0.0000
4.7795  0.0000  0.0016  -0.0016  0.0000
4.7850  0.0000  0.0016  -0.0016  0.0000
4.7905  0.0000  0.0016  -0.0016  0.0000
4.7960  0.0000  0.0016  -0.0016  0.0000
4.8019  0.0000  0.0016  -0.0016  0.0000
4.8075  0.0000  0.0016  -0.0016  0.0000
4.8134  0.0000  0.0016  -0.0016  0.0000
4.8193  0.0000  0.0016  -0.0016  0.0000
4.8250  0.0000  0.0016  -0.0016  0.0000
4.8317  0.0000  0.0016  -0.0016  0.0000
4.8379  0.0000  0.0016  -0.0016  0.0000
4.8436  0.0000  0.0016  -0.0016  0.0000
4.8491  0.0000  0.0016  -0.0016  0.0000
4.8549  0.0000  0.0016  -0.0016  0.0000
4.8607  0.0000  0.0016  -0.0016  0.0000
4.8664  0.0000  0.0016  -0.0016  0.0000
4.8721  0.0000  0.0016  -0.0016  0.0000
4.8776  0.0000  0.0016  -0.0016  0.0000
4.8832  0.0000  0.0016  -0.0016  0.0000
4.8887  0.0000  0.0016  -0.0016  0.0000
4.8942  0.0000  0.0016  -0.0016  0.0000
4.9001  0.0000  0.0016  -0.0016  0.0000
4.9058  0.0000  0.0016  -0.0016  0.0000
4.9115  0.0000  0.0016  -0.0016  0.0000
4.9172  0.0000  0.0016  -0.0016  0.0000
4.9227  0.0000  0.0016  -0.0016  0.0000
4.9283  0.0000  0.0016  -0.0016  0.0000
4.9338  0.0000  0.0016  -0.0016  0.0000
4.9397  0.0000  0.0016  -0.0016  0.0000
4.9452  0.0000  0.0016  -0.0016  0.0000
4.9507  0.0000  0.0016  -0.0016  0.0000
4.9559  0.0000  0.0016  -0.0016  0.0000
4.9654  0.0000  0.0017  -0.0017  0.0000
4.9717  0.0000  0.0017  -0.0017  0.0000
4.9776  0.0000  0.0017  -0.0017  0.0000
4.9840  0.0000  0.0017  -0.0017  0.0000
4.9910  0.0000  0.0016  -0.0016  0.0000
4.9967  0.0000  0.0017  -0.0017  0.0000
5.0026  0.0000  0.0017  -0.0017  0.0000
5.0160  0.0000  0.0017  -0.0017  0.0000
5.0225  0.0000  0.0017  -0.0017  0.0000
5.0279  0.0000  0.0017  -0.0017  0.0000
5.0332  0.0000  0.0017  -0.0017  0.0000
5.0387  0.0000  0.0017  -0.0017  0.0000
5.0439  0.0000  0.0017  -0.0017  0.0000
5.0494  0.0000  0.0017  -0.0017  0.0000
5.0590  0.0000  0.0017  -0.0017  0.0000
5.0660  0.0000  0.0017  -0.0017  0.0000
5.0713  0.0000  0.0017  -0.0017  0.0000
5.0765  0.0000  0.0016  -0.0016  0.0000
5.0837  0.0000  0.0018  -0.0018  0.0000
5.0895  0.0000  0.0020  -0.0020  0.0000
5.0951  0.0000  0.0024  -0.0024  0.0000
5.1006  0.0000  0.0027  -0.0027  0.0000
5.1064  0.0000  0.0030  -0.0030  0.0000
5.1123  0.0000  0.0032  -0.0032  0.0000
5.1178  0.0000  0.0036  -0.0036  0.0000
5.1234  0.0000  0.0040  -0.0040  0.0000
5.1289  0.0000  0.0045  -0.0045  0.0000
5.1344  0.0000  0.0050  -0.0050  0.0000
5.1400  0.0000  0.0057  -0.0057  0.0000
5.1454  0.0000  0.0064  -0.0064  0.0000
5.1507  0.0000  0.0071  -0.0071  0.0000
5.1564  0.0000  0.0080  -0.0080  0.0000
5.1619  0.0000  0.0087  -0.0087  0.0000
5.1673  0.0000  0.0095  -0.0095  0.0000
5.1728  0.0000  0.0102  -0.0102  0.0000
5.1784  0.0000  0.0109  -0.0109  0.0000
5.1838  0.0000  0.0118  -0.0118  0.0000
5.1894  0.0000  0.0125  -0.0125  0.0000
5.1948  0.0000  0.0131  -0.0131  0.0000
5.2005  0.0000  0.0137  -0.0137  0.0000
5.2066  0.0000  0.0143  -0.0143  0.0000
5.2122  0.0000  0.0148  -0.0148  0.0000
5.2180  0.0000  0.0151  -0.0151  0.0000
5.2257  0.0000  0.0154  -0.0154  0.0000
5.2322  0.0000  0.0161  -0.0161  0.0000
5.2382  0.0000  0.0167  -0.0167  0.0000
5.2438  0.0000  0.0174  -0.0174  0.0000
5.2495  0.0000  0.0179  -0.0179  0.0000
5.2559  0.0000  0.0185  -0.0185  0.0000
5.2612  0.0000  0.0194  -0.0194  0.0000
5.2675  0.0000  0.0198  -0.0198  0.0000
5.2728  0.0000  0.0202  -0.0202  0.0000
5.2783  0.0000  0.0206  -0.0206  0.0000
5.2837  0.0000  0.0212  -0.0212  0.0000
5.2891  0.0000  0.0220  -0.0220  0.0000
5.2945  0.0000  0.0226  -0.0226  0.0000
5.3000  0.0000  0.0233  -0.0233  0.0000
5.3053  0.0000  0.0238  -0.0238  0.0000
5.3108  0.0000  0.0241  -0.0241  0.0000
5.3164  0.0000  0.0246  -0.0246  0.0000
5.3219  0.0000  0.0256  -0.0256  0.0000
5.3275  0.0000  0.0264  -0.0264  0.0000
5.3368  0.0000  0.0266  -0.0266  0.0000
5.3428  0.0000  0.0271  -0.0271  0.0000
5.3488  0.0000  0.0269  -0.0269  0.0000
5.3558  0.0000  0.0263  -0.0263  0.0000
5.3614  0.0000  0.0247  -0.0247  0.0000
5.3667  0.0000  0.0232  -0.0232  0.0000
5.3720  0.0000  0.0215  -0.0215  0.0000
5.3772  0.0000  0.0210  -0.0210  0.0000
5.3826  0.0000  0.0205  -0.0205  0.0000
5.3880  0.0000  0.0201  -0.0201  0.0000
5.3933  0.0000  0.0197  -0.0197  0.0000
5.3987  0.0000  0.0194  -0.0194  0.0000
5.4040  0.0000  0.0194  -0.0194  0.0000
5.4093  0.0000  0.0195  -0.0195  0.0000
5.4145  0.0000  0.0198  -0.0198  0.0000
5.4201  0.0000  0.0201  -0.0201  0.0000
5.4254  0.0000  0.0205  -0.0205  0.0000
5.4306  0.0000  0.0203  -0.0203  0.0000
5.4359  0.0000  0.0198  -0.0198  0.0000
5.4414  0.0000  0.0196  -0.0196  0.0000
5.4466  0.0000  0.0189  -0.0189  0.0000
5.4519  0.0000  0.0182  -0.0182  0.0000
5.4571  0.0000  0.0170  -0.0170  0.0000
5.4670  0.0000  0.0152  -0.0152  0.0000
5.4730  0.0000  0.0125  -0.0125  0.0000
5.4788  0.0000  0.0120  -0.0120  0.0000
5.4866  0.0000  0.0112  -0.0112  0.0000
5.4918  0.0000  0.0105  -0.0105  0.0000
5.4974  0.0000  0.0098  -0.0098  0.0000
5.5030  0.0000  0.0088  -0.0088  0.0000
5.5090  0.0000  0.0082  -0.0082  0.0000
5.5191  0.0000  0.0067  -0.0067  0.0000
5.5251  0.0000  0.0045  -0.0045  0.0000
5.5308  0.0000  0.0041  -0.0041  0.0000
5.5364  0.0000  0.0039  -0.0039  0.0000
5.5419  0.0000  0.0032  -0.0032  0.0000
5.5478  0.0000  0.0031  -0.0031  0.0000
5.5533  0.0000  0.0019  -0.0019  0.0000
5.5636  0.0000  0.0015  -0.0015  0.0000
5.5705  0.0000  0.0002  -0.0002  0.0000
5.5760  0.0000  0.0007  -0.0007  0.0000
5.5816  0.0000  0.0009  -0.0009  0.0000
5.5891  0.0000  0.0010  -0.0010  0.0000
5.5949  0.0000  0.0015  -0.0015  0.0000
5.6006  0.0000  0.0015  -0.0015  0.0000
5.6069  0.0000  0.0013  -0.0013  0.0000
5.6125  0.0000  0.0006  -0.0006  0.0000
5.6180  0.0000  0.0000  -0.0000  0.0000
5.6238  0.0000  0.0000  -0.0000  0.0000
5.6294  0.0000  0.0004  -0.0004  0.0000
5.6352  0.0000  0.0008  -0.0008  0.0000
5.6407  0.0000  0.0003  -0.0003  0.0000
5.6466  0.0000  0.0005  -0.0005  0.0000
5.6520  0.0000  -0.0005  0.0005  0.0000
5.6575  0.0000  -0.0012  0.0012  0.0000
5.6633  0.0000  -0.0018  0.0018  0.0000
5.6691  0.0000  -0.0022  0.0022  0.0000
5.6745  0.0000  -0.0033  0.0033  0.0000
5.6800  0.0000  -0.0037  0.0037  0.0000
5.6855  0.0000  -0.0041  0.0041  0.0000
5.6909  0.0000  -0.0054  0.0054  0.0000
5.6965  0.0000  -0.0063  0.0063  0.0000
5.7021  0.0000  -0.0068  0.0068  0.0000
5.7075  0.0000  -0.0079  0.0079  0.0000
5.7136  0.0000  -0.0089  0.0089  0.0000
5.7192  0.0000  -0.0101  0.0101  0.0000
5.7268  0.0000  -0.0110  0.0110  0.0000
5.7325  0.0000  -0.0123  0.0123  0.0000
5.7383  0.0000  -0.0131  0.0131  0.0000
5.7429  0.0000  -0.0138  0.0138  0.0000
5.7483  0.0000  -0.0140  0.0140  0.0000
5.7537  0.0000  -0.0143  0.0143  0.0000
5.7594  0.0000  -0.0146  0.0146  0.0000
5.7645  0.0000  -0.0150  0.0150  0.0000
5.7697  0.0000  -0.0161  0.0161  0.0000
5.7748  0.0000  -0.0170  0.0170  0.0000
5.7801  0.0000  -0.0179  0.0179  0.0000
5.7852  0.0000  -0.0193  0.0193  0.0000
5.7902  0.0000  -0.0210  0.0210  0.0000
5.7953  0.0000  -0.0229  0.0229  0.0000
5.8005  0.0000  -0.0244  0.0244  0.0000
5.8057  0.0000  -0.0249  0.0249  0.0000
5.8109  0.0000  -0.0253  0.0253  0.0000
5.8162  0.0000  -0.0259  0.0259  0.0000
5.8216  0.0000  -0.0262  0.0262  0.0000
5.8268  0.0000  -0.0262  0.0262  0.0000
5.8322  0.0000  -0.0258  0.0258  0.0000
5.8373  0.0000  -0.0257  0.0257  0.0000
5.8439  0.0000  -0.0251  0.0251  0.0000
5.8492  0.0000  -0.0250  0.0250  0.0000
5.8542  0.0000  -0.0248  0.0248  0.0000
5.8598  0.0000  -0.0249  0.0249  0.0000
5.8654  0.0000  -0.0253  0.0253  0.0000
5.8709  0.0000  -0.0254  0.0254  0.0000
5.8765  0.0000  -0.0258  0.0258  0.0000
5.8821  0.0000  -0.0267  0.0267  0.0000
5.8875  0.0000  -0.0271  0.0271  0.0000
5.8930  0.0000  -0.0265  0.0265  0.0000
5.8987  0.0000  -0.0257  0.0257  0.0000
5.9043  0.0000  -0.0249  0.0249  0.0000
5.9101  0.0000  -0.0237  0.0237  0.0000
5.9162  0.0000  -0.0227  0.0227  0.0000
5.9226  0.0000  -0.0214  0.0214  0.0000
5.9295  0.0000  -0.0210  0.0210  0.0000
5.9345  0.0000  -0.0209  0.0209  0.0000
5.9409  0.0000  -0.0206  0.0206  0.0000
5.9477  0.0000  -0.0210  0.0210  0.0000
5.9537  0.0000  -0.0212  0.0212  0.0000
5.9599  0.0000  -0.0215  0.0215  0.0000
5.9669  0.0000  -0.0212  0.0212  0.0000
5.9734  0.0000  -0.0211  0.0211  0.0000
5.9784  0.0000  -0.0209  0.0209  0.0000
5.9854  0.0000  -0.0207  0.0207  0.0000
5.9926  0.0000  -0.0204  0.0204  0.0000
5.9993  0.0000  -0.0210  0.0210  0.0000
6.0079  0.0000  -0.0211  0.0211  0.0000
6.0136  0.0000  -0.0216  0.0216  0.0000
6.0241  0.0000  -0.0218  0.0218  0.0000
6.0306  0.0000  -0.0229  0.0229  0.0000
6.0362  0.0000  -0.0243  0.0243  0.0000
6.0419  0.0000  -0.0250  0.0250  0.0000
6.0475  0.0000  -0.0261  0.0261  0.0000
6.0530  0.0000  -0.0270  0.0270  0.0000
6.0586  0.0000  -0.0278  0.0278  0.0000
6.0689  0.0000  -0.0290  0.0290  0.0000
6.0760  0.0000  -0.0307  0.0307  0.0000
6.0818  0.0000  -0.0324  0.0324  0.0000
6.0877  0.0000  -0.0331  0.0331  0.0000
6.0951  0.0000  -0.0341  0.0341  0.0000
6.1007  0.0000  -0.0354  0.0354  0.0000
6.1053  0.0000  -0.0363  0.0363  0.0000
6.1111  0.0000  -0.0368  0.0368  0.0000
6.1166  0.0000  -0.0378  0.0378  0.0000
6.1216  0.0000  -0.0385  0.0385  0.0000
6.1274  0.0000  -0.0388  0.0388  0.0000
6.1328  0.0000  -0.0399  0.0399  0.0000
6.1383  0.0000  -0.0400  0.0400  0.0000
6.1438  0.0000  -0.0402  0.0402  0.0000
6.1492  0.0000  -0.0410  0.0410  0.0000
6.1548  0.0000  -0.0409  0.0409  0.0000
6.1604  0.0000  -0.0409  0.0409  0.0000
6.1649  0.0000  -0.0410  0.0410  0.0000
6.1708  0.0000  -0.0405  0.0405  0.0000
6.1763  0.0000  -0.0410  0.0410  0.0000
6.1818  0.0000  -0.0412  0.0412  0.0000
6.1866  0.0000  -0.0414  0.0414  0.0000
6.1924  0.0000  -0.0412  0.0412  0.0000
6.1979  0.0000  -0.0411  0.0411  0.0000
6.2034  0.0000  -0.0409  0.0409  0.0000
6.2088  0.0000  -0.0409  0.0409  0.0000
6.2143  0.0000  -0.0408  0.0408  0.0000
6.2203  0.0000  -0.0405  0.0405  0.0000
6.2261  0.0000  -0.0400  0.0400  0.0000
6.2319  0.0000  -0.0399  0.0399  0.0000
6.2377  0.0000  -0.0399  0.0399  0.0000
6.2437  0.0000  -0.0395  0.0395  0.0000
6.2492  0.0000  -0.0397  0.0397  0.0000
6.2546  0.0000  -0.0398  0.0398  0.0000
6.2601  0.0000  -0.0398  0.0398  0.0000
6.2661  0.0000  -0.0399  0.0399  0.0000
6.2715  0.0000  -0.0403  0.0403  0.0000
6.2769  0.0000  -0.0410  0.0410  0.0000
6.2824  0.0000  -0.0418  0.0418  0.0000
6.2884  0.0000  -0.0424  0.0424  0.0000
6.2939  0.0000  -0.0431  0.0431  0.0000
6.2995  0.0000  -0.0436  0.0436  0.0000
6.3052  0.0000  -0.0439  0.0439  0.0000
6.3118  0.0000  -0.0438  0.0438  0.0000
6.3173  0.0000  -0.0438  0.0438  0.0000
6.3228  0.0000  -0.0435  0.0435  0.0000
6.3284  0.0000  -0.0437  0.0437  0.0000
6.3339  0.0000  -0.0451  0.0451  0.0000
6.3388  0.0000  -0.0453  0.0453  0.0000
6.3448  0.0000  -0.0459  0.0459  0.0000
6.3521  0.0000  -0.0466  0.0466  0.0000
6.3585  0.0000  -0.0479  0.0479  0.0000
6.3642  0.0000  -0.0486  0.0486  0.0000
6.3706  0.0000  -0.0493  0.0493  0.0000
6.3766  0.0000  -0.0503  0.0503  0.0000
6.3820  0.0000  -0.0504  0.0504  0.0000
6.3873  0.0000  -0.0508  0.0508  0.0000
6.3928  0.0000  -0.0516  0.0516  0.0000
6.3983  0.0000  -0.0518  0.0518  0.0000
6.4037  0.0000  -0.0523  0.0523  0.0000
6.4092  0.0000  -0.0529  0.0529  0.0000
6.4147  0.0000  -0.0537  0.0537  0.0000
6.4203  0.0000  -0.0542  0.0542  0.0000
6.4264  0.0000  -0.0544  0.0544  0.0000
6.4318  0.0000  -0.0550  0.0550  0.0000
6.4359  0.0000  -0.0549  0.0549  0.0000
6.4415  0.0000  -0.0550  0.0550  0.0000
6.4468  0.0000  -0.0552  0.0552  0.0000
6.4521  0.0000  -0.0553  0.0553  0.0000
6.4570  0.0000  -0.0553  0.0553  0.0000
6.4624  0.0000  -0.0553  0.0553  0.0000
6.4682  0.0000  -0.0557  0.0557  0.0000
6.4739  0.0000  -0.0559  0.0559  0.0000
6.4797  0.0000  -0.0560  0.0560  0.0000
6.4864  0.0000  -0.0565  0.0565  0.0000
6.4922  0.0000  -0.0573  0.0573  0.0000
6.4982  0.0000  -0.0581  0.0581  0.0000
6.5028  0.0000  -0.0587  0.0587  0.0000
6.5083  0.0000  -0.0589  0.0589  0.0000
6.5138  0.0000  -0.0594  0.0594  0.0000
6.5207  0.0000  -0.0595  0.0595  0.0000
6.5280  0.0000  -0.0602  0.0602  0.0000
6.5337  0.0000  -0.0605  0.0605  0.0000
6.5388  0.0000  -0.0611  0.0611  0.0000
6.5450  0.0000  -0.0611  0.0611  0.0000
6.5513  0.0000  -0.0619  0.0619  0.0000
6.5566  0.0000  -0.0624  0.0624  0.0000
6.5617  0.0000  -0.0629  0.0629  0.0000
6.5713  0.0000  -0.0635  0.0635  0.0000
6.5776  0.0000  -0.0645  0.0645  0.0000
6.5827  0.0000  -0.0653  0.0653  0.0000
6.5880  0.0000  -0.0657  0.0657  0.0000
6.5932  0.0000  -0.0664  0.0664  0.0000
6.5983  0.0000  -0.0668  0.0668  0.0000
6.6059  0.0000  -0.0671  0.0671  0.0000
6.6114  0.0000  -0.0672  0.0672  0.0000
6.6170  0.0000  -0.0674  0.0674  0.0000
6.6227  0.0000  -0.0671  0.0671  0.0000
6.6284  0.0000  -0.0669  0.0669  0.0000
6.6342  0.0000  -0.0668  0.0668  0.0000
6.6399  0.0000  -0.0666  0.0666  0.0000
6.6454  0.0000  -0.0662  0.0662  0.0000
6.6510  0.0000  -0.0664  0.0664  0.0000
6.6566  0.0000  -0.0660  0.0660  0.0000
6.6609  0.0000  -0.0658  0.0658  0.0000
6.6663  0.0000  -0.0655  0.0655  0.0000
6.6721  0.0000  -0.0652  0.0652  0.0000
6.6770  0.0000  -0.0649  0.0649  0.0000
6.6820  0.0000  -0.0645  0.0645  0.0000
6.6869  0.0000  -0.0641  0.0641  0.0000
6.6920  0.0000  -0.0636  0.0636  0.0000
6.6973  0.0000  -0.0631  0.0631  0.0000
6.7015  0.0000  -0.0629  0.0629  0.0000
6.7070  0.0000  -0.0625  0.0625  0.0000
6.7126  0.0000  -0.0623  0.0623  0.0000
6.7180  0.0000  -0.0624  0.0624  0.0000
6.7233  0.0000  -0.0623  0.0623  0.0000
6.7285  0.0000  -0.0621  0.0621  0.0000
6.7340  0.0000  -0.0620  0.0620  0.0000
6.7400  0.0000  -0.0619  0.0619  0.0000
6.7457  0.0000  -0.0617  0.0617  0.0000
6.7515  0.0000  -0.0621  0.0621  0.0000
6.7575  0.0000  -0.0621  0.0621  0.0000
6.7621  0.0000  -0.0625  0.0625  0.0000
6.7675  0.0000  -0.0628  0.0628  0.0000
6.7733  0.0000  -0.0633  0.0633  0.0000
6.7790  0.0000  -0.0638  0.0638  0.0000
6.7852  0.0000  -0.0646  0.0646  0.0000
6.7924  0.0000  -0.0648  0.0648  0.0000
6.7982  0.0000  -0.0656  0.0656  0.0000
6.8036  0.0000  -0.0660  0.0660  0.0000
6.8093  0.0000  -0.0665  0.0665  0.0000
6.8150  0.0000  -0.0665  0.0665  0.0000
6.8206  0.0000  -0.0674  0.0674  0.0000
6.8263  0.0000  -0.0673  0.0673  0.0000
6.8318  0.0000  -0.0680  0.0680  0.0000
6.8372  0.0000  -0.0682  0.0682  0.0000
6.8428  0.0000  -0.0687  0.0687  0.0000
6.8481  0.0000  -0.0691  0.0691  0.0000
6.8533  0.0000  -0.0692  0.0692  0.0000
6.8602  0.0000  -0.0699  0.0699  0.0000
6.8654  0.0000  -0.0698  0.0698  0.0000
6.8705  0.0000  -0.0704  0.0704  0.0000
6.8757  0.0000  -0.0706  0.0706  0.0000
6.8811  0.0000  -0.0709  0.0709  0.0000
6.8863  0.0000  -0.0711  0.0711  0.0000
6.8915  0.0000  -0.0712  0.0712  0.0000
6.8969  0.0000  -0.0714  0.0714  0.0000
6.9023  0.0000  -0.0718  0.0718  0.0000
6.9081  0.0000  -0.0720  0.0720  0.0000
6.9136  0.0000  -0.0715  0.0715  0.0000
6.9191  0.0000  -0.0718  0.0718  0.0000
6.9247  0.0000  -0.0717  0.0717  0.0000
6.9303  0.0000  -0.0718  0.0718  0.0000
6.9358  0.0000  -0.0716  0.0716  0.0000
6.9414  0.0000  -0.0718  0.0718  0.0000
6.9469  0.0000  -0.0714  0.0714  0.0000
6.9522  0.0000  -0.0716  0.0716  0.0000
6.9573  0.0000  -0.0714  0.0714  0.0000
6.9626  0.0000  -0.0711  0.0711  0.0000
6.9680  0.0000  -0.0714  0.0714  0.0000
6.9732  0.0000  -0.0710  0.0710  0.0000
6.9783  0.0000  -0.0711  0.0711  0.0000
6.9839  0.0000  -0.0707  0.0707  0.0000
6.9896  0.0000  -0.0708  0.0708  0.0000
6.9951  0.0000  -0.0707  0.0707  0.0000
7.0006  0.0000  -0.0712  0.0712  0.0000
7.0060  0.0000  -0.0713  0.0713  0.0000
7.0122  0.0000  -0.0713  0.0713  0.0000
7.0183  0.0000  -0.0716  0.0716  0.0000
7.0306  0.0000  -0.0718  0.0718  0.0000
7.0370  0.0000  -0.0718  0.0718  0.0000
7.0428  0.0000  -0.0716  0.0716  0.0000
7.0484  0.0000  -0.0719  0.0719  0.0000
7.0538  0.0000  -0.0713  0.0713  0.0000
7.0594  0.0000  -0.0713  0.0713  0.0000
7.0647  0.0000  -0.0710  0.0710  0.0000
7.0747  0.0000  -0.0706  0.0706  0.0000
7.0813  0.0000  -0.0698  0.0698  0.0000
7.0866  0.0000  -0.0696  0.0696  0.0000
7.0917  0.0000  -0.0696  0.0696  0.0000
7.0972  0.0000  -0.0695  0.0695  0.0000
7.1027  0.0000  -0.0692  0.0692  0.0000
7.1081  0.0000  -0.0695  0.0695  0.0000
7.1146  0.0000  -0.0694  0.0694  0.0000
7.1202  0.0000  -0.0695  0.0695  0.0000
7.1256  0.0000  -0.0694  0.0694  0.0000
7.1313  0.0000  -0.0695  0.0695  0.0000
7.1367  0.0000  -0.0696  0.0696  0.0000
7.1422  0.0000  -0.0699  0.0699  0.0000
7.1479  0.0000  -0.0700  0.0700  0.0000
7.1533  0.0000  -0.0700  0.0700  0.0000
7.1587  0.0000  -0.0700  0.0700  0.0000
7.1644  0.0000  -0.0702  0.0702  0.0000
7.1701  0.0000  -0.0702  0.0702  0.0000
7.1755  0.0000  -0.0704  0.0704  0.0000
7.1814  0.0000  -0.0703  0.0703  0.0000
7.1867  0.0000  -0.0709  0.0709  0.0000
7.1922  0.0000  -0.0713  0.0713  0.0000
7.1975  0.0000  -0.0716  0.0716  0.0000
7.2030  0.0000  -0.0722  0.0722  0.0000
7.2084  0.0000  -0.0728  0.0728  0.0000
7.2138  0.0000  -0.0733  0.0733  0.0000
7.2194  0.0000  -0.0733  0.0733  0.0000
7.2248  0.0000  -0.0738  0.0738  0.0000
7.2302  0.0000  -0.0742  0.0742  0.0000
7.2358  0.0000  -0.0742  0.0742  0.0000
7.2421  0.0000  -0.0746  0.0746  0.0000
7.2490  0.0000  -0.0747  0.0747  0.0000
7.2546  0.0000  -0.0753  0.0753  0.0000
7.2616  0.0000  -0.0751  0.0751  0.0000
7.2688  0.0000  -0.0751  0.0751  0.0000
7.2742  0.0000  -0.0752  0.0752  0.0000
7.2796  0.0000  -0.0756  0.0756  0.0000
7.2848  0.0000  -0.0749  0.0749  0.0000
7.2901  0.0000  -0.0749  0.0749  0.0000
7.2952  0.0000  -0.0743  0.0743  0.0000
7.3004  0.0000  -0.0740  0.0740  0.0000
7.3058  0.0000  -0.0737  0.0737  0.0000
7.3111  0.0000  -0.0733  0.0733  0.0000
7.3165  0.0000  -0.0728  0.0728  0.0000
7.3217  0.0000  -0.0724  0.0724  0.0000
7.3301  0.0000  -0.0718  0.0718  0.0000
7.3357  0.0000  -0.0712  0.0712  0.0000
7.3413  0.0000  -0.0705  0.0705  0.0000
7.3481  0.0000  -0.0700  0.0700  0.0000
7.3538  0.0000  -0.0694  0.0694  0.0000
7.3598  0.0000  -0.0691  0.0691  0.0000
7.3675  0.0000  -0.0687  0.0687  0.0000
7.3728  0.0000  -0.0680  0.0680  0.0000
7.3779  0.0000  -0.0679  0.0679  0.0000
7.3830  0.0000  -0.0672  0.0672  0.0000
7.3880  0.0000  -0.0669  0.0669  0.0000
7.3929  0.0000  -0.0665  0.0665  0.0000
7.3970  0.0000  -0.0661  0.0661  0.0000
7.4020  0.0000  -0.0660  0.0660  0.0000
7.4069  0.0000  -0.0660  0.0660  0.0000
7.4120  0.0000  -0.0657  0.0657  0.0000
7.4173  0.0000  -0.0658  0.0658  0.0000
7.4225  0.0000  -0.0657  0.0657  0.0000
7.4277  0.0000  -0.0657  0.0657  0.0000
7.4327  0.0000  -0.0664  0.0664  0.0000
7.4378  0.0000  -0.0661  0.0661  0.0000
7.4430  0.0000  -0.0663  0.0663  0.0000
7.4481  0.0000  -0.0662  0.0662  0.0000
7.4531  0.0000  -0.0663  0.0663  0.0000
7.4584  0.0000  -0.0658  0.0658  0.0000
7.4634  0.0000  -0.0659  0.0659  0.0000
7.4685  0.0000  -0.0659  0.0659  0.0000
7.4737  0.0000  -0.0659  0.0659  0.0000
7.4788  0.0000  -0.0656  0.0656  0.0000
7.4839  0.0000  -0.0656  0.0656  0.0000
7.4894  0.0000  -0.0655  0.0655  0.0000
7.4949  0.0000  -0.0651  0.0651  0.0000
7.5035  0.0000  -0.0648  0.0648  0.0000
7.5094  0.0000  -0.0644  0.0644  0.0000
7.5149  0.0000  -0.0644  0.0644  0.0000
7.5207  0.0000  -0.0646  0.0646  0.0000
7.5292  0.0000  -0.0644  0.0644  0.0000
7.5342  0.0000  -0.0645  0.0645  0.0000
7.5399  0.0000  -0.0645  0.0645  0.0000
7.5450  0.0000  -0.0646  0.0646  0.0000
7.5507  0.0000  -0.0646  0.0646  0.0000
7.5557  0.0000  -0.0646  0.0646  0.0000
7.5611  0.0000  -0.0649  0.0649  0.0000
7.5662  0.0000  -0.0649  0.0649  0.0000
7.5744  0.0000  -0.0647  0.0647  0.0000
7.5809  0.0000  -0.0650  0.0650  0.0000
7.5876  0.0000  -0.0653  0.0653  0.0000
7.5930  0.0000  -0.0657  0.0657  0.0000
7.5984  0.0000  -0.0658  0.0658  0.0000
7.6041  0.0000  -0.0661  0.0661  0.0000
7.6097  0.0000  -0.0664  0.0664  0.0000
7.6152  0.0000  -0.0665  0.0665  0.0000
7.6226  0.0000  -0.0669  0.0669  0.0000
7.6282  0.0000  -0.0672  0.0672  0.0000
7.6347  0.0000  -0.0675  0.0675  0.0000
7.6403  0.0000  -0.0677  0.0677  0.0000
7.6457  0.0000  -0.0680  0.0680  0.0000
7.6513  0.0000  -0.0680  0.0680  0.0000
7.6567  0.0000  -0.0681  0.0681  0.0000
7.6623  0.0000  -0.0679  0.0679  0.0000
7.6678  0.0000  -0.0681  0.0681  0.0000
7.6731  0.0000  -0.0682  0.0682  0.0000
7.6786  0.0000  -0.0680  0.0680  0.0000
7.6840  0.0000  -0.0678  0.0678  0.0000
7.6898  0.0000  -0.0676  0.0676  0.0000
7.6952  0.0000  -0.0675  0.0675  0.0000
7.7007  0.0000  -0.0673  0.0673  0.0000
7.7060  0.0000  -0.0670  0.0670  0.0000
7.7116  0.0000  -0.0668  0.0668  0.0000
7.7168  0.0000  -0.0667  0.0667  0.0000
7.7224  0.0000  -0.0663  0.0663  0.0000
7.7280  0.0000  -0.0664  0.0664  0.0000
7.7336  0.0000  -0.0663  0.0663  0.0000
7.7394  0.0000  -0.0662  0.0662  0.0000
7.7451  0.0000  -0.0662  0.0662  0.0000
7.7507  0.0000  -0.0661  0.0661  0.0000
7.7561  0.0000  -0.0663  0.0663  0.0000
7.7625  0.0000  -0.0661  0.0661  0.0000
7.7684  0.0000  -0.0660  0.0660  0.0000
7.7741  0.0000  -0.0660  0.0660  0.0000
7.7809  0.0000  -0.0661  0.0661  0.0000
7.7866  0.0000  -0.0661  0.0661  0.0000
7.7923  0.0000  -0.0664  0.0664  0.0000
7.7986  0.0000  -0.0662  0.0662  0.0000
7.8039  0.0000  -0.0662  0.0662  0.0000
7.8091  0.0000  -0.0666  0.0666  0.0000
7.8144  0.0000  -0.0665  0.0665  0.0000
7.8199  0.0000  -0.0662  0.0662  0.0000
7.8250  0.0000  -0.0662  0.0662  0.0000
7.8302  0.0000  -0.0656  0.0656  0.0000
7.8354  0.0000  -0.0657  0.0657  0.0000
7.8405  0.0000  -0.0651  0.0651  0.0000
7.8457  0.0000  -0.0644  0.0644  0.0000
7.8511  0.0000  -0.0644  0.0644  0.0000
7.8565  0.0000  -0.0639  0.0639  0.0000
7.8617  0.0000  -0.0634  0.0634  0.0000
7.8675  0.0000  -0.0633  0.0633  0.0000
7.8742  0.0000  -0.0629  0.0629  0.0000
7.8797  0.0000  -0.0625  0.0625  0.0000
7.8849  0.0000  -0.0616  0.0616  0.0000
7.8901  0.0000  -0.0613  0.0613  0.0000
7.8954  0.0000  -0.0606  0.0606  0.0000
7.9006  0.0000  -0.0598  0.0598  0.0000
7.9058  0.0000  -0.0591  0.0591  0.0000
7.9111  0.0000  -0.0582  0.0582  0.0000
7.9172  0.0000  -0.0578  0.0578  0.0000
7.9230  0.0000  -0.0576  0.0576  0.0000
7.9282  0.0000  -0.0569  0.0569  0.0000
7.9333  0.0000  -0.0568  0.0568  0.0000
7.9388  0.0000  -0.0563  0.0563  0.0000
7.9442  0.0000  -0.0563  0.0563  0.0000
7.9497  0.0000  -0.0563  0.0563  0.0000
7.9551  0.0000  -0.0560  0.0560  0.0000
7.9606  0.0000  -0.0559  0.0559  0.0000
7.9665  0.0000  -0.0559  0.0559  0.0000
7.9723  0.0000  -0.0561  0.0561  0.0000
7.9781  0.0000  -0.0559  0.0559  0.0000
7.9845  0.0000  -0.0560  0.0560  0.0000
7.9895  0.0000  -0.0560  0.0560  0.0000
7.9953  0.0000  -0.0562  0.0562  0.0000
8.0020  0.0000  -0.0565  0.0565  0.0000
8.0084  0.0000  -0.0570  0.0570  0.0000
8.0142  0.0000  -0.0570  0.0570  0.0000
8.0207  0.0000  -0.0573  0.0573  0.0000
8.0312  0.0000  -0.0572  0.0572  0.0000
8.0368  0.0000  -0.0574  0.0574  0.0000
8.0431  0.0000  -0.0571  0.0571  0.0000
8.0491  0.0000  -0.0574  0.0574  0.0000
8.0547  0.0000  -0.0571  0.0571  0.0000
8.0602  0.0000  -0.0572  0.0572  0.0000
8.0659  0.0000  -0.0574  0.0574  0.0000
8.0715  0.0000  -0.0573  0.0573  0.0000
8.0824  0.0000  -0.0576  0.0576  0.0000
8.0893  0.0000  -0.0581  0.0581  0.0000
8.0949  0.0000  -0.0588  0.0588  0.0000
8.1007  0.0000  -0.0593  0.0593  0.0000
8.1068  0.0000  -0.0601  0.0601  0.0000
8.1122  0.0000  -0.0605  0.0605  0.0000
8.1175  0.0000  -0.0611  0.0611  0.0000
8.1230  0.0000  -0.0613  0.0613  0.0000
8.1293  0.0000  -0.0622  0.0622  0.0000
8.1352  0.0000  -0.0626  0.0626  0.0000
8.1405  0.0000  -0.0634  0.0634  0.0000
8.1462  0.0000  -0.0645  0.0645  0.0000
8.1518  0.0000  -0.0652  0.0652  0.0000
8.1572  0.0000  -0.0668  0.0668  0.0000
8.1627  0.0000  -0.0679  0.0679  0.0000
8.1679  0.0000  -0.0692  0.0692  0.0000
8.1731  0.0000  -0.0704  0.0704  0.0000
8.1785  0.0000  -0.0720  0.0720  0.0000
8.1838  0.0000  -0.0729  0.0729  0.0000
8.1890  0.0000  -0.0737  0.0737  0.0000
8.1941  0.0000  -0.0746  0.0746  0.0000
8.1994  0.0000  -0.0753  0.0753  0.0000
8.2050  0.0000  -0.0762  0.0762  0.0000
8.2105  0.0000  -0.0769  0.0769  0.0000
8.2161  0.0000  -0.0778  0.0778  0.0000
8.2219  0.0000  -0.0785  0.0785  0.0000
8.2274  0.0000  -0.0792  0.0792  0.0000
8.2329  0.0000  -0.0798  0.0798  0.0000
8.2384  0.0000  -0.0803  0.0803  0.0000
8.2439  0.0000  -0.0806  0.0806  0.0000
8.2495  0.0000  -0.0806  0.0806  0.0000
8.2540  0.0000  -0.0809  0.0809  0.0000
8.2611  0.0000  -0.0804  0.0804  0.0000
8.2682  0.0000  -0.0806  0.0806  0.0000
8.2735  0.0000  -0.0805  0.0805  0.0000
8.2790  0.0000  -0.0802  0.0802  0.0000
8.2847  0.0000  -0.0803  0.0803  0.0000
8.2898  0.0000  -0.0798  0.0798  0.0000
8.2951  0.0000  -0.0795  0.0795  0.0000
8.3006  0.0000  -0.0794  0.0794  0.0000
8.3061  0.0000  -0.0790  0.0790  0.0000
8.3116  0.0000  -0.0783  0.0783  0.0000
8.3174  0.0000  -0.0779  0.0779  0.0000
8.3254  0.0000  -0.0774  0.0774  0.0000
8.3311  0.0000  -0.0767  0.0767  0.0000
8.3370  0.0000  -0.0762  0.0762  0.0000
8.3425  0.0000  -0.0754  0.0754  0.0000
8.3477  0.0000  -0.0749  0.0749  0.0000
8.3528  0.0000  -0.0740  0.0740  0.0000
8.3579  0.0000  -0.0734  0.0734  0.0000
8.3631  0.0000  -0.0728  0.0728  0.0000
8.3682  0.0000  -0.0720  0.0720  0.0000
8.3734  0.0000  -0.0710  0.0710  0.0000
8.3786  0.0000  -0.0703  0.0703  0.0000
8.3853  0.0000  -0.0696  0.0696  0.0000
8.3904  0.0000  -0.0683  0.0683  0.0000
8.3954  0.0000  -0.0674  0.0674  0.0000
8.4005  0.0000  -0.0665  0.0665  0.0000
8.4055  0.0000  -0.0653  0.0653  0.0000
8.4106  0.0000  -0.0643  0.0643  0.0000
8.4157  0.0000  -0.0631  0.0631  0.0000
8.4206  0.0000  -0.0623  0.0623  0.0000
8.4257  0.0000  -0.0613  0.0613  0.0000
8.4307  0.0000  -0.0603  0.0603  0.0000
8.4364  0.0000  -0.0596  0.0596  0.0000
8.4417  0.0000  -0.0587  0.0587  0.0000
8.4469  0.0000  -0.0581  0.0581  0.0000
8.4520  0.0000  -0.0572  0.0572  0.0000
8.4571  0.0000  -0.0567  0.0567  0.0000
8.4622  0.0000  -0.0563  0.0563  0.0000
8.4672  0.0000  -0.0557  0.0557  0.0000
8.4724  0.0000  -0.0556  0.0556  0.0000
8.4775  0.0000  -0.0550  0.0550  0.0000
8.4827  0.0000  -0.0545  0.0545  0.0000
8.4879  0.0000  -0.0543  0.0543  0.0000
8.4930  0.0000  -0.0539  0.0539  0.0000
8.4980  0.0000  -0.0538  0.0538  0.0000
8.5031  0.0000  -0.0540  0.0540  0.0000
8.5096  0.0000  -0.0541  0.0541  0.0000
8.5148  0.0000  -0.0542  0.0542  0.0000
8.5202  0.0000  -0.0545  0.0545  0.0000
8.5277  0.0000  -0.0544  0.0544  0.0000
8.5357  0.0000  -0.0553  0.0553  0.0000
8.5414  0.0000  -0.0553  0.0553  0.0000
8.5471  0.0000  -0.0554  0.0554  0.0000
8.5521  0.0000  -0.0557  0.0557  0.0000
8.5573  0.0000  -0.0561  0.0561  0.0000
8.5626  0.0000  -0.0562  0.0562  0.0000
8.5679  0.0000  -0.0568  0.0568  0.0000
8.5731  0.0000  -0.0572  0.0572  0.0000
8.5782  0.0000  -0.0581  0.0581  0.0000
8.5877  0.0000  -0.0589  0.0589  0.0000
8.5940  0.0000  -0.0594  0.0594  0.0000
8.5996  0.0000  -0.0597  0.0597  0.0000
8.6050  0.0000  -0.0595  0.0595  0.0000
8.6105  0.0000  -0.0599  0.0599  0.0000
8.6159  0.0000  -0.0598  0.0598  0.0000
8.6216  0.0000  -0.0597  0.0597  0.0000
8.6270  0.0000  -0.0602  0.0602  0.0000
8.6324  0.0000  -0.0604  0.0604  0.0000
8.6397  0.0000  -0.0605  0.0605  0.0000
8.6454  0.0000  -0.0615  0.0615  0.0000
8.6507  0.0000  -0.0619  0.0619  0.0000
8.6562  0.0000  -0.0623  0.0623  0.0000
8.6618  0.0000  -0.0629  0.0629  0.0000
8.6675  0.0000  -0.0634  0.0634  0.0000
8.6731  0.0000  -0.0640  0.0640  0.0000
8.6785  0.0000  -0.0647  0.0647  0.0000
8.6840  0.0000  -0.0655  0.0655  0.0000
8.6896  0.0000  -0.0662  0.0662  0.0000
8.6949  0.0000  -0.0671  0.0671  0.0000
8.7005  0.0000  -0.0678  0.0678  0.0000
8.7060  0.0000  -0.0688  0.0688  0.0000
8.7117  0.0000  -0.0698  0.0698  0.0000
8.7170  0.0000  -0.0709  0.0709  0.0000
8.7227  0.0000  -0.0712  0.0712  0.0000
8.7282  0.0000  -0.0720  0.0720  0.0000
8.7337  0.0000  -0.0725  0.0725  0.0000
8.7391  0.0000  -0.0730  0.0730  0.0000
8.7448  0.0000  -0.0740  0.0740  0.0000
8.7502  0.0000  -0.0741  0.0741  0.0000
8.7557  0.0000  -0.0744  0.0744  0.0000
8.7620  0.0000  -0.0750  0.0750  0.0000
8.7675  0.0000  -0.0752  0.0752  0.0000
8.7729  0.0000  -0.0753  0.0753  0.0000
8.7784  0.0000  -0.0754  0.0754  0.0000
8.7871  0.0000  -0.0755  0.0755  0.0000
8.7930  0.0000  -0.0758  0.0758  0.0000
8.7988  0.0000  -0.0757  0.0757  0.0000
8.8034  0.0000  -0.0756  0.0756  0.0000
8.8091  0.0000  -0.0755  0.0755  0.0000
8.8147  0.0000  -0.0752  0.0752  0.0000
8.8210  0.0000  -0.0751  0.0751  0.0000
8.8275  0.0000  -0.0748  0.0748  0.0000
8.8331  0.0000  -0.0746  0.0746  0.0000
8.8386  0.0000  -0.0749  0.0749  0.0000
8.8441  0.0000  -0.0750  0.0750  0.0000
8.8496  0.0000  -0.0750  0.0750  0.0000
8.8550  0.0000  -0.0754  0.0754  0.0000
8.8606  0.0000  -0.0753  0.0753  0.0000
8.8660  0.0000  -0.0757  0.0757  0.0000
8.8717  0.0000  -0.0756  0.0756  0.0000
8.8772  0.0000  -0.0761  0.0761  0.0000
8.8828  0.0000  -0.0763  0.0763  0.0000
8.8884  0.0000  -0.0769  0.0769  0.0000
8.8954  0.0000  -0.0774  0.0774  0.0000
8.9007  0.0000  -0.0781  0.0781  0.0000
8.9062  0.0000  -0.0785  0.0785  0.0000
8.9117  0.0000  -0.0791  0.0791  0.0000
8.9174  0.0000  -0.0788  0.0788  0.0000
8.9230  0.0000  -0.0790  0.0790  0.0000
8.9284  0.0000  -0.0790  0.0790  0.0000
8.9337  0.0000  -0.0786  0.0786  0.0000
8.9391  0.0000  -0.0785  0.0785  0.0000
8.9446  0.0000  -0.0783  0.0783  0.0000
8.9509  0.0000  -0.0781  0.0781  0.0000
8.9564  0.0000  -0.0782  0.0782  0.0000
8.9618  0.0000  -0.0778  0.0778  0.0000
8.9670  0.0000  -0.0779  0.0779  0.0000
8.9722  0.0000  -0.0776  0.0776  0.0000
8.9773  0.0000  -0.0776  0.0776  0.0000
8.9828  0.0000  -0.0774  0.0774  0.0000
8.9880  0.0000  -0.0772  0.0772  0.0000
8.9933  0.0000  -0.0770  0.0770  0.0000
8.9985  0.0000  -0.0765  0.0765  0.0000
9.0037  0.0000  -0.0762  0.0762  0.0000
9.0177  0.0000  -0.0763  0.0763  0.0000
9.0235  0.0000  -0.0759  0.0759  0.0000
9.0280  0.0000  -0.0763  0.0763  0.0000
9.0334  0.0000  -0.0765  0.0765  0.0000
9.0388  0.0000  -0.0773  0.0773  0.0000
9.0445  0.0000  -0.0774  0.0774  0.0000
9.0504  0.0000  -0.0777  0.0777  0.0000
9.0557  0.0000  -0.0780  0.0780  0.0000
9.0611  0.0000  -0.0781  0.0781  0.0000
9.0663  0.0000  -0.0789  0.0789  0.0000
9.0706  0.0000  -0.0799  0.0799  0.0000
9.0758  0.0000  -0.0800  0.0800  0.0000
9.0811  0.0000  -0.0812  0.0812  0.0000
9.0909  0.0000  -0.0817  0.0817  0.0000
9.0973  0.0000  -0.0832  0.0832  0.0000
9.1029  0.0000  -0.0842  0.0842  0.0000
9.1079  0.0000  -0.0856  0.0856  0.0000
9.1129  0.0000  -0.0869  0.0869  0.0000
9.1180  0.0000  -0.0880  0.0880  0.0000
9.1230  0.0000  -0.0899  0.0899  0.0000
9.1279  0.0000  -0.0910  0.0910  0.0000
9.1341  0.0000  -0.0931  0.0931  0.0000
9.1392  0.0000  -0.0945  0.0945  0.0000
9.1442  0.0000  -0.0960  0.0960  0.0000
9.1504  0.0000  -0.0977  0.0977  0.0000
9.1554  0.0000  -0.1001  0.1001  0.0000
9.1604  0.0000  -0.1022  0.1022  0.0000
9.1655  0.0000  -0.1042  0.1042  0.0000
9.1704  0.0000  -0.1064  0.1064  0.0000
9.1755  0.0000  -0.1085  0.1085  0.0000
9.1804  0.0000  -0.1105  0.1105  0.0000
9.1855  0.0000  -0.1127  0.1127  0.0000
9.1914  0.0000  -0.1149  0.1149  0.0000
9.1964  0.0000  -0.1178  0.1178  0.0000
9.2006  0.0000  -0.1198  0.1198  0.0000
9.2056  0.0000  -0.1210  0.1210  0.0000
9.2106  0.0000  -0.1232  0.1232  0.0000
9.2156  0.0000  -0.1243  0.1243  0.0000
9.2206  0.0000  -0.1260  0.1260  0.0000
9.2255  0.0000  -0.1282  0.1282  0.0000
9.2304  0.0000  -0.1294  0.1294  0.0000
9.2354  0.0000  -0.1311  0.1311  0.0000
9.2425  0.0000  -0.1331  0.1331  0.0000
9.2476  0.0000  -0.1340  0.1340  0.0000
9.2545  0.0000  -0.1357  0.1357  0.0000
9.2602  0.0000  -0.1372  0.1372  0.0000
9.2664  0.0000  -0.1383  0.1383  0.0000
9.2725  0.0000  -0.1396  0.1396  0.0000
9.2782  0.0000  -0.1402  0.1402  0.0000
9.2835  0.0000  -0.1414  0.1414  0.0000
9.2877  0.0000  -0.1424  0.1424  0.0000
9.2929  0.0000  -0.1432  0.1432  0.0000
9.2980  0.0000  -0.1439  0.1439  0.0000
9.3024  0.0000  -0.1447  0.1447  0.0000
9.3075  0.0000  -0.1453  0.1453  0.0000
9.3123  0.0000  -0.1460  0.1460  0.0000
9.3169  0.0000  -0.1469  0.1469  0.0000
9.3220  0.0000  -0.1481  0.1481  0.0000
9.3271  0.0000  -0.1489  0.1489  0.0000
9.3320  0.0000  -0.1496  0.1496  0.0000
9.3367  0.0000  -0.1505  0.1505  0.0000
9.3414  0.0000  -0.1507  0.1507  0.0000
9.3463  0.0000  -0.1512  0.1512  0.0000
9.3511  0.0000  -0.1520  0.1520  0.0000
9.3558  0.0000  -0.1523  0.1523  0.0000
9.3610  0.0000  -0.1528  0.1528  0.0000
9.3658  0.0000  -0.1537  0.1537  0.0000
9.3707  0.0000  -0.1544  0.1544  0.0000
9.3758  0.0000  -0.1553  0.1553  0.0000
9.3805  0.0000  -0.1557  0.1557  0.0000
9.3853  0.0000  -0.1557  0.1557  0.0000
9.3902  0.0000  -0.1563  0.1563  0.0000
9.3949  0.0000  -0.1565  0.1565  0.0000
9.4015  0.0000  -0.1570  0.1570  0.0000
9.4063  0.0000  -0.1574  0.1574  0.0000
9.4112  0.0000  -0.1581  0.1581  0.0000
9.4160  0.0000  -0.1587  0.1587  0.0000
9.4213  0.0000  -0.1590  0.1590  0.0000
9.4263  0.0000  -0.1595  0.1595  0.0000
9.4314  0.0000  -0.1592  0.1592  0.0000
9.4365  0.0000  -0.1594  0.1594  0.0000
9.4417  0.0000  -0.1594  0.1594  0.0000
9.4471  0.0000  -0.1595  0.1595  0.0000
9.4523  0.0000  -0.1598  0.1598  0.0000
9.4591  0.0000  -0.1596  0.1596  0.0000
9.4640  0.0000  -0.1601  0.1601  0.0000
9.4690  0.0000  -0.1601  0.1601  0.0000
9.4738  0.0000  -0.1604  0.1604  0.0000
9.4787  0.0000  -0.1608  0.1608  0.0000
9.4837  0.0000  -0.1605  0.1605  0.0000
9.4887  0.0000  -0.1603  0.1603  0.0000
9.4935  0.0000  -0.1603  0.1603  0.0000
9.4985  0.0000  -0.1598  0.1598  0.0000
9.5034  0.0000  -0.1596  0.1596  0.0000
9.5082  0.0000  -0.1597  0.1597  0.0000
9.5131  0.0000  -0.1592  0.1592  0.0000
9.5223  0.0000  -0.1588  0.1588  0.0000
9.5271  0.0000  -0.1582  0.1582  0.0000
9.5321  0.0000  -0.1580  0.1580  0.0000
9.5370  0.0000  -0.1576  0.1576  0.0000
9.5431  0.0000  -0.1575  0.1575  0.0000
9.5472  0.0000  -0.1567  0.1567  0.0000
9.5545  0.0000  -0.1563  0.1563  0.0000
9.5613  0.0000  -0.1550  0.1550  0.0000
9.5667  0.0000  -0.1543  0.1543  0.0000
9.5719  0.0000  -0.1534  0.1534  0.0000
9.5769  0.0000  -0.1528  0.1528  0.0000
9.5819  0.0000  -0.1522  0.1522  0.0000
9.5869  0.0000  -0.1515  0.1515  0.0000
9.5959  0.0000  -0.1508  0.1508  0.0000
9.6022  0.0000  -0.1497  0.1497  0.0000
9.6071  0.0000  -0.1492  0.1492  0.0000
9.6120  0.0000  -0.1487  0.1487  0.0000
9.6170  0.0000  -0.1483  0.1483  0.0000
9.6220  0.0000  -0.1479  0.1479  0.0000
9.6271  0.0000  -0.1474  0.1474  0.0000
9.6320  0.0000  -0.1470  0.1470  0.0000
9.6368  0.0000  -0.1467  0.1467  0.0000
9.6419  0.0000  -0.1464  0.1464  0.0000
9.6468  0.0000  -0.1462  0.1462  0.0000
9.6534  0.0000  -0.1461  0.1461  0.0000
9.6585  0.0000  -0.1460  0.1460  0.0000
9.6635  0.0000  -0.1461  0.1461  0.0000
9.6691  0.0000  -0.1462  0.1462  0.0000
9.6739  0.0000  -0.1464  0.1464  0.0000
9.6789  0.0000  -0.1467  0.1467  0.0000
9.6838  0.0000  -0.1471  0.1471  0.0000
9.6888  0.0000  -0.1475  0.1475  0.0000
9.6937  0.0000  -0.1481  0.1481  0.0000
9.6991  0.0000  -0.1488  0.1488  0.0000
9.7039  0.0000  -0.1496  0.1496  0.0000
9.7088  0.0000  -0.1504  0.1504  0.0000
9.7136  0.0000  -0.1512  0.1512  0.0000
9.7186  0.0000  -0.1522  0.1522  0.0000
9.7234  0.0000  -0.1532  0.1532  0.0000
9.7283  0.0000  -0.1541  0.1541  0.0000
9.7332  0.0000  -0.1550  0.1550  0.0000
9.7383  0.0000  -0.1558  0.1558  0.0000
9.7432  0.0000  -0.1567  0.1567  0.0000
9.7482  0.0000  -0.1578  0.1578  0.0000
9.7534  0.0000  -0.1589  0.1589  0.0000
9.7584  0.0000  -0.1599  0.1599  0.0000
9.7634  0.0000  -0.1609  0.1609  0.0000
9.7683  0.0000  -0.1619  0.1619  0.0000
9.7734  0.0000  -0.1628  0.1628  0.0000
9.7785  0.0000  -0.1638  0.1638  0.0000
9.7842  0.0000  -0.1650  0.1650  0.0000
9.7892  0.0000  -0.1659  0.1659  0.0000
9.7946  0.0000  -0.1668  0.1668  0.0000
9.8003  0.0000  -0.1677  0.1677  0.0000
9.8054  0.0000  -0.1688  0.1688  0.0000
9.8102  0.0000  -0.1696  0.1696  0.0000
9.8153  0.0000  -0.1704  0.1704  0.0000
9.8202  0.0000  -0.1713  0.1713  0.0000
9.8250  0.0000  -0.1721  0.1721  0.0000
9.8300  0.0000  -0.1727  0.1727  0.0000
9.8349  0.0000  -0.1732  0.1732  0.0000
9.8399  0.0000  -0.1740  0.1740  0.0000
9.8447  0.0000  -0.1747  0.1747  0.0000
9.8495  0.0000  -0.1753  0.1753  0.0000
9.8542  0.0000  -0.1759  0.1759  0.0000
9.8594  0.0000  -0.1764  0.1764  0.0000
9.8650  0.0000  -0.1768  0.1768  0.0000
9.8701  0.0000  -0.1772  0.1772  0.0000
9.8752  0.0000  -0.1777  0.1777  0.0000
9.8804  0.0000  -0.1780  0.1780  0.0000
9.8855  0.0000  -0.1782  0.1782  0.0000
9.8907  0.0000  -0.1785  0.1785  0.0000
9.8959  0.0000  -0.1785  0.1785  0.0000
9.9013  0.0000  -0.1785  0.1785  0.0000
9.9080  0.0000  -0.1786  0.1786  0.0000
9.9124  0.0000  -0.1786  0.1786  0.0000
9.9173  0.0000  -0.1784  0.1784  0.0000
9.9229  0.0000  -0.1783  0.1783  0.0000
9.9284  0.0000  -0.1782  0.1782  0.0000
9.9338  0.0000  -0.1780  0.1780  0.0000
9.9392  0.0000  -0.1780  0.1780  0.0000
9.9450  0.0000  -0.1779  0.1779  0.0000
9.9505  0.0000  -0.1779  0.1779  0.0000
9.9559  0.0000  -0.1778  0.1778  0.0000
9.9618  0.0000  -0.1777  0.1777  0.0000
9.9673  0.0000  -0.1776  0.1776  0.0000
9.9726  0.0000  -0.1776  0.1776  0.0000
9.9781  0.0000  -0.1776  0.1776  0.0000
9.9844  0.0000  -0.1776  0.1776  0.0000
9.9898  0.0000  -0.1776  0.1776  0.0000
9.9953  0.0000  -0.1777  0.1777  0.0000
10.0007  0.0000  -0.1777  0.1777  0.0000
10.0062  0.0000  -0.1777  0.1777  0.0000
10.0118  0.0000  -0.1778  0.1778  0.0000
10.0173  0.0000  -0.1779  0.1779  0.0000
10.0285  0.0000  -0.1779  0.1779  0.0000
10.0342  0.0000  -0.1780  0.1780  0.0000
10.0399  0.0000  -0.1781  0.1781  0.0000
10.0451  0.0000  -0.1781  0.1781  0.0000
10.0509  0.0000  -0.1781  0.1781  0.0000
10.0574  0.0000  -0.1781  0.1781  0.0000
10.0624  0.0000  -0.1781  0.1781  0.0000
10.0676  0.0000  -0.1782  0.1782  0.0000
10.0727  0.0000  -0.1782  0.1782  0.0000
10.0780  0.0000  -0.1782  0.1782  0.0000
10.0831  0.0000  -0.1781  0.1781  0.0000
10.0883  0.0000  -0.1781  0.1781  0.0000
10.0981  0.0000  -0.1781  0.1781  0.0000
10.1042  0.0000  -0.1779  0.1779  0.0000
10.1095  0.0000  -0.1779  0.1779  0.0000
10.1146  0.0000  -0.1779  0.1779  0.0000
10.1198  0.0000  -0.1778  0.1778  0.0000
10.1251  0.0000  -0.1779  0.1779  0.0000
10.1303  0.0000  -0.1778  0.1778  0.0000
10.1358  0.0000  -0.1778  0.1778  0.0000
10.1411  0.0000  -0.1778  0.1778  0.0000
10.1466  0.0000  -0.1778  0.1778  0.0000
10.1537  0.0000  -0.1779  0.1779  0.0000
10.1612  0.0000  -0.1779  0.1779  0.0000
10.1669  0.0000  -0.1779  0.1779  0.0000
10.1737  0.0000  -0.1779  0.1779  0.0000
10.1787  0.0000  -0.1780  0.1780  0.0000
10.1836  0.0000  -0.1780  0.1780  0.0000
10.1885  0.0000  -0.1780  0.1780  0.0000
10.1934  0.0000  -0.1780  0.1780  0.0000
10.1984  0.0000  -0.1779  0.1779  0.0000
10.2033  0.0000  -0.1779  0.1779  0.0000
10.2082  0.0000  -0.1778  0.1778  0.0000
10.2131  0.0000  -0.1778  0.1778  0.0000
10.2181  0.0000  -0.1778  0.1778  0.0000
10.2231  0.0000  -0.1778  0.1778  0.0000
10.2279  0.0000  -0.1778  0.1778  0.0000
10.2329  0.0000  -0.1777  0.1777  0.0000
10.2378  0.0000  -0.1777  0.1777  0.0000
10.2429  0.0000  -0.1778  0.1778  0.0000
10.2481  0.0000  -0.1778  0.1778  0.0000
10.2532  0.0000  -0.1778  0.1778  0.0000
10.2590  0.0000  -0.1778  0.1778  0.0000
10.2639  0.0000  -0.1778  0.1778  0.0000
10.2690  0.0000  -0.1778  0.1778  0.0000
10.2738  0.0000  -0.1778  0.1778  0.0000
10.2788  0.0000  -0.1778  0.1778  0.0000
10.2842  0.0000  -0.1778  0.1778  0.0000
10.2895  0.0000  -0.1778  0.1778  0.0000
10.2945  0.0000  -0.1778  0.1778  0.0000
10.2997  0.0000  -0.1778  0.1778  0.0000
10.3047  0.0000  -0.1778  0.1778  0.0000
10.3094  0.0000  -0.1778  0.1778  0.0000
10.3142  0.0000  -0.1778  0.1778  0.0000
10.3192  0.0000  -0.1778  0.1778  0.0000
10.3241  0.0000  -0.1778  0.1778  0.0000
10.3292  0.0000  -0.1778  0.1778  0.0000
10.3341  0.0000  -0.1778  0.1778  0.0000
10.3389  0.0000  -0.1777  0.1777  0.0000
10.3439  0.0000  -0.1777  0.1777  0.0000
10.3489  0.0000  -0.1777  0.1777  0.0000
10.3539  0.0000  -0.1777  0.1777  0.0000
10.3590  0.0000  -0.1777  0.1777  0.0000
10.3640  0.0000  -0.1777  0.1777  0.0000
10.3692  0.0000  -0.1777  0.1777  0.0000
10.3743  0.0000  -0.1777  0.1777  0.0000
10.3795  0.0000  -0.1777  0.1777  0.0000
10.3846  0.0000  -0.1777  0.1777  0.0000
10.3896  0.0000  -0.1777  0.1777  0.0000
10.3940  0.0000  -0.1777  0.1777  0.0000
10.3990  0.0000  -0.1777  0.1777  0.0000
10.4039  0.0000  -0.1777  0.1777  0.0000
10.4088  0.0000  -0.1777  0.1777  0.0000
10.4153  0.0000  -0.1777  0.1777  0.0000
10.4203  0.0000  -0.1777  0.1777  0.0000
10.4252  0.0000  -0.1777  0.1777  0.0000
10.4300  0.0000  -0.1777  0.1777  0.0000
10.4349  0.0000  -0.1777  0.1777  0.0000
10.4400  0.0000  -0.1777  0.1777  0.0000
10.4449  0.0000  -0.1777  0.1777  0.0000
10.4498  0.0000  -0.1777  0.1777  0.0000
10.4549  0.0000  -0.1776  0.1776  0.0000
10.4604  0.0000  -0.1776  0.1776  0.0000
10.4652  0.0000  -0.1777  0.1777  0.0000
10.4702  0.0000  -0.1777  0.1777  0.0000
10.4751  0.0000  -0.1777  0.1777  0.0000
10.4801  0.0000  -0.1777  0.1777  0.0000
10.4850  0.0000  -0.1776  0.1776  0.0000
10.4899  0.0000  -0.1776  0.1776  0.0000
10.4949  0.0000  -0.1776  0.1776  0.0000
10.5000  0.0000  -0.1777  0.1777  0.0000
10.5051  0.0000  -0.1777  0.1777  0.0000
10.5106  0.0000  -0.1777  0.1777  0.0000
10.5161  0.0000  -0.1777  0.1777  0.0000
10.5214  0.0000  -0.1777  0.1777  0.0000
10.5309  0.0000  -0.1776  0.1776  0.0000
10.5361  0.0000  -0.1776  0.1776  0.0000
10.5417  0.0000  -0.1776  0.1776  0.0000
10.5468  0.0000  -0.1776  0.1776  0.0000
10.5522  0.0000  -0.1777  0.1777  0.0000
10.5594  0.0000  -0.1777  0.1777  0.0000
10.5649  0.0000  -0.1777  0.1777  0.0000
10.5702  0.0000  -0.1777  0.1777  0.0000
10.5757  0.0000  -0.1776  0.1776  0.0000
10.5812  0.0000  -0.1776  0.1776  0.0000
10.5866  0.0000  -0.1776  0.1776  0.0000
10.5921  0.0000  -0.1776  0.1776  0.0000
10.6022  0.0000  -0.1776  0.1776  0.0000
10.6088  0.0000  -0.1776  0.1776  0.0000
10.6138  0.0000  -0.1776  0.1776  0.0000
10.6192  0.0000  -0.1776  0.1776  0.0000
10.6246  0.0000  -0.1776  0.1776  0.0000
10.6310  0.0000  -0.1776  0.1776  0.0000
10.6367  0.0000  -0.1776  0.1776  0.0000
10.6421  0.0000  -0.1776  0.1776  0.0000
10.6474  0.0000  -0.1776  0.1776  0.0000
10.6525  0.0000  -0.1777  0.1777  0.0000
10.6579  0.0000  -0.1777  0.1777  0.0000
10.6631  0.0000  -0.1776  0.1776  0.0000
10.6693  0.0000  -0.1776  0.1776  0.0000
10.6742  0.0000  -0.1776  0.1776  0.0000
10.6801  0.0000  -0.1776  0.1776  0.0000
10.6854  0.0000  -0.1776  0.1776  0.0000
10.6903  0.0000  -0.1776  0.1776  0.0000
10.6964  0.0000  -0.1776  0.1776  0.0000
10.7018  0.0000  -0.1775  0.1775  0.0000
10.7071  0.0000  -0.1776  0.1776  0.0000
10.7124  0.0000  -0.1776  0.1776  0.0000
10.7178  0.0000  -0.1776  0.1776  0.0000
10.7231  0.0000  -0.1776  0.1776  0.0000
10.7285  0.0000  -0.1776  0.1776  0.0000
10.7338  0.0000  -0.1776  0.1776  0.0000
10.7387  0.0000  -0.1776  0.1776  0.0000
10.7442  0.0000  -0.1776  0.1776  0.0000
10.7506  0.0000  -0.1775  0.1775  0.0000
10.7562  0.0000  -0.1775  0.1775  0.0000
10.7616  0.0000  -0.1776  0.1776  0.0000
10.7670  0.0000  -0.1776  0.1776  0.0000
10.7722  0.0000  -0.1776  0.1776  0.0000
10.7775  0.0000  -0.1775  0.1775  0.0000
10.7834  0.0000  -0.1775  0.1775  0.0000
10.7886  0.0000  -0.1775  0.1775  0.0000
10.7936  0.0000  -0.1775  0.1775  0.0000
10.7989  0.0000  -0.1775  0.1775  0.0000
10.8034  0.0000  -0.1775  0.1775  0.0000
10.8099  0.0000  -0.1775  0.1775  0.0000
10.8153  0.0000  -0.1775  0.1775  0.0000
10.8208  0.0000  -0.1775  0.1775  0.0000
10.8258  0.0000  -0.1775  0.1775  0.0000
10.8308  0.0000  -0.1775  0.1775  0.0000
10.8355  0.0000  -0.1775  0.1775  0.0000
10.8403  0.0000  -0.1775  0.1775  0.0000
10.8451  0.0000  -0.1775  0.1775  0.0000
10.8500  0.0000  -0.1775  0.1775  0.0000
10.8547  0.0000  -0.1775  0.1775  0.0000
10.8599  0.0000  -0.1775  0.1775  0.0000
10.8648  0.0000  -0.1775  0.1775  0.0000
10.8698  0.0000  -0.1774  0.1774  0.0000
10.8749  0.0000  -0.1774  0.1774  0.0000
10.8800  0.0000  -0.1774  0.1774  0.0000
10.8851  0.0000  -0.1774  0.1774  0.0000
10.8903  0.0000  -0.1775  0.1775  0.0000
10.8957  0.0000  -0.1775  0.1775  0.0000
10.9012  0.0000  -0.1775  0.1775  0.0000
10.9064  0.0000  -0.1775  0.1775  0.0000
10.9117  0.0000  -0.1775  0.1775  0.0000
10.9179  0.0000  -0.1775  0.1775  0.0000
10.9281  0.0000  -0.1775  0.1775  0.0000
10.9335  0.0000  -0.1774  0.1774  0.0000
10.9388  0.0000  -0.1774  0.1774  0.0000
10.9441  0.0000  -0.1774  0.1774  0.0000
10.9491  0.0000  -0.1774  0.1774  0.0000
10.9544  0.0000  -0.1774  0.1774  0.0000
10.9596  0.0000  -0.1774  0.1774  0.0000
10.9648  0.0000  -0.1774  0.1774  0.0000
10.9699  0.0000  -0.1774  0.1774  0.0000
10.9750  0.0000  -0.1774  0.1774  0.0000
10.9802  0.0000  -0.1774  0.1774  0.0000
10.9859  0.0000  -0.1774  0.1774  0.0000
10.9910  0.0000  -0.1774  0.1774  0.0000
10.9961  0.0000  -0.1774  0.1774  0.0000
11.0015  0.0000  -0.1774  0.1774  0.0000
11.0066  0.0000  -0.1774  0.1774  0.0000
11.0119  0.0000  -0.1774  0.1774  0.0000
11.0184  0.0000  -0.1774  0.1774  0.0000
11.0239  0.0000  -0.1774  0.1774  0.0000
11.0381  0.0000  -0.1774  0.1774  0.0000
11.0431  0.0000  -0.1774  0.1774  0.0000
11.0483  0.0000  -0.1774  0.1774  0.0000
11.0565  0.0000  -0.1774  0.1774  0.0000
11.0641  0.0000  -0.1774  0.1774  0.0000
11.0692  0.0000  -0.1774  0.1774  0.0000
11.0742  0.0000  -0.1773  0.1773  0.0000
11.0792  0.0000  -0.1773  0.1773  0.0000
11.0840  0.0000  -0.1774  0.1774  0.0000
11.0891  0.0000  -0.1774  0.1774  0.0000
11.0938  0.0000  -0.1774  0.1774  0.0000
11.0987  0.0000  -0.1774  0.1774  0.0000
11.1087  0.0000  -0.1774  0.1774  0.0000
11.1146  0.0000  -0.1774  0.1774  0.0000
11.1197  0.0000  -0.1774  0.1774  0.0000
11.1245  0.0000  -0.1774  0.1774  0.0000
11.1294  0.0000  -0.1774  0.1774  0.0000
11.1343  0.0000  -0.1774  0.1774  0.0000
11.1394  0.0000  -0.1774  0.1774  0.0000
11.1444  0.0000  -0.1774  0.1774  0.0000
11.1493  0.0000  -0.1773  0.1773  0.0000
11.1542  0.0000  -0.1773  0.1773  0.0000
11.1594  0.0000  -0.1773  0.1773  0.0000
11.1647  0.0000  -0.1773  0.1773  0.0000
11.1696  0.0000  -0.1773  0.1773  0.0000
11.1744  0.0000  -0.1773  0.1773  0.0000
11.1805  0.0000  -0.1773  0.1773  0.0000
11.1854  0.0000  -0.1773  0.1773  0.0000
11.1902  0.0000  -0.1773  0.1773  0.0000
11.1951  0.0000  -0.1773  0.1773  0.0000
11.2005  0.0000  -0.1773  0.1773  0.0000
11.2053  0.0000  -0.1773  0.1773  0.0000
11.2114  0.0000  -0.1773  0.1773  0.0000
11.2162  0.0000  -0.1773  0.1773  0.0000
11.2212  0.0000  -0.1773  0.1773  0.0000
11.2269  0.0000  -0.1773  0.1773  0.0000
11.2318  0.0000  -0.1773  0.1773  0.0000
11.2365  0.0000  -0.1773  0.1773  0.0000
11.2411  0.0000  -0.1773  0.1773  0.0000
11.2462  0.0000  -0.1773  0.1773  0.0000
11.2513  0.0000  -0.1773  0.1773  0.0000
11.2563  0.0000  -0.1773  0.1773  0.0000
11.2614  0.0000  -0.1773  0.1773  0.0000
11.2665  0.0000  -0.1773  0.1773  0.0000
11.2720  0.0000  -0.1773  0.1773  0.0000
11.2783  0.0000  -0.1773  0.1773  0.0000
11.2848  0.0000  -0.1773  0.1773  0.0000
11.2898  0.0000  -0.1773  0.1773  0.0000
11.2948  0.0000  -0.1773  0.1773  0.0000
11.3001  0.0000  -0.1773  0.1773  0.0000
11.3066  0.0000  -0.1773  0.1773  0.0000
11.3120  0.0000  -0.1773  0.1773  0.0000
11.3173  0.0000  -0.1772  0.1772  0.0000
11.3230  0.0000  -0.1772  0.1772  0.0000
11.3281  0.0000  -0.1772  0.1772  0.0000
11.3334  0.0000  -0.1773  0.1773  0.0000
11.3386  0.0000  -0.1773  0.1773  0.0000
11.3440  0.0000  -0.1773  0.1773  0.0000
11.3495  0.0000  -0.1773  0.1773  0.0000
11.3547  0.0000  -0.1773  0.1773  0.0000
11.3600  0.0000  -0.1773  0.1773  0.0000
11.3654  0.0000  -0.1773  0.1773  0.0000
11.3712  0.0000  -0.1773  0.1773  0.0000
11.3766  0.0000  -0.1772  0.1772  0.0000
11.3823  0.0000  -0.1773  0.1773  0.0000
11.3875  0.0000  -0.1773  0.1773  0.0000
11.3932  0.0000  -0.1772  0.1772  0.0000
11.3987  0.0000  -0.1772  0.1772  0.0000
11.4042  0.0000  -0.1772  0.1772  0.0000
11.4096  0.0000  -0.1772  0.1772  0.0000
11.4149  0.0000  -0.1772  0.1772  0.0000
11.4205  0.0000  -0.1772  0.1772  0.0000
11.4260  0.0000  -0.1772  0.1772  0.0000
11.4333  0.0000  -0.1772  0.1772  0.0000
11.4387  0.0000  -0.1772  0.1772  0.0000
11.4445  0.0000  -0.1772  0.1772  0.0000
11.4502  0.0000  -0.1772  0.1772  0.0000
11.4556  0.0000  -0.1772  0.1772  0.0000
11.4613  0.0000  -0.1772  0.1772  0.0000
11.4668  0.0000  -0.1772  0.1772  0.0000
11.4722  0.0000  -0.1772  0.1772  0.0000
11.4774  0.0000  -0.1772  0.1772  0.0000
11.4829  0.0000  -0.1772  0.1772  0.0000
11.4892  0.0000  -0.1772  0.1772  0.0000
11.4947  0.0000  -0.1772  0.1772  0.0000
11.5004  0.0000  -0.1772  0.1772  0.0000
11.5057  0.0000  -0.1772  0.1772  0.0000
11.5113  0.0000  -0.1772  0.1772  0.0000
11.5166  0.0000  -0.1773  0.1773  0.0000
11.5225  0.0000  -0.1773  0.1773  0.0000
11.5279  0.0000  -0.1773  0.1773  0.0000
11.5381  0.0000  -0.1773  0.1773  0.0000
11.5448  0.0000  -0.1772  0.1772  0.0000
11.5504  0.0000  -0.1773  0.1773  0.0000
11.5559  0.0000  -0.1773  0.1773  0.0000
11.5625  0.0000  -0.1773  0.1773  0.0000
11.5708  0.0000  -0.1773  0.1773  0.0000
11.5767  0.0000  -0.1772  0.1772  0.0000
11.5831  0.0000  -0.1772  0.1772  0.0000
11.5890  0.0000  -0.1772  0.1772  0.0000
11.5946  0.0000  -0.1772  0.1772  0.0000
11.6002  0.0000  -0.1772  0.1772  0.0000
11.6103  0.0000  -0.1772  0.1772  0.0000
11.6173  0.0000  -0.1772  0.1772  0.0000
11.6233  0.0000  -0.1772  0.1772  0.0000
11.6287  0.0000  -0.1772  0.1772  0.0000
11.6339  0.0000  -0.1772  0.1772  0.0000
11.6396  0.0000  -0.1772  0.1772  0.0000
11.6450  0.0000  -0.1772  0.1772  0.0000
11.6502  0.0000  -0.1772  0.1772  0.0000
11.6557  0.0000  -0.1771  0.1771  0.0000
11.6611  0.0000  -0.1771  0.1771  0.0000
11.6663  0.0000  -0.1771  0.1771  0.0000
11.6715  0.0000  -0.1772  0.1772  0.0000
11.6766  0.0000  -0.1771  0.1771  0.0000
11.6819  0.0000  -0.1771  0.1771  0.0000
11.6881  0.0000  -0.1772  0.1772  0.0000
11.6933  0.0000  -0.1772  0.1772  0.0000
11.6992  0.0000  -0.1772  0.1772  0.0000
11.7047  0.0000  -0.1772  0.1772  0.0000
11.7096  0.0000  -0.1772  0.1772  0.0000
11.7155  0.0000  -0.1772  0.1772  0.0000
11.7204  0.0000  -0.1772  0.1772  0.0000
11.7253  0.0000  -0.1772  0.1772  0.0000
11.7302  0.0000  -0.1772  0.1772  0.0000
11.7352  0.0000  -0.1772  0.1772  0.0000
11.7403  0.0000  -0.1772  0.1772  0.0000
11.7453  0.0000  -0.1772  0.1772  0.0000
11.7502  0.0000  -0.1772  0.1772  0.0000
11.7551  0.0000  -0.1771  0.1771  0.0000
11.7601  0.0000  -0.1771  0.1771  0.0000
11.7650  0.0000  -0.1771  0.1771  0.0000
11.7699  0.0000  -0.1771  0.1771  0.0000
11.7748  0.0000  -0.1771  0.1771  0.0000
11.7800  0.0000  -0.1771  0.1771  0.0000
11.7850  0.0000  -0.1771  0.1771  0.0000
11.7900  0.0000  -0.1771  0.1771  0.0000
11.7949  0.0000  -0.1771  0.1771  0.0000
11.8002  0.0000  -0.1771  0.1771  0.0000
11.8067  0.0000  -0.1771  0.1771  0.0000
11.8119  0.0000  -0.1771  0.1771  0.0000
11.8172  0.0000  -0.1771  0.1771  0.0000
11.8233  0.0000  -0.1771  0.1771  0.0000
11.8288  0.0000  -0.1771  0.1771  0.0000
11.8336  0.0000  -0.1771  0.1771  0.0000
11.8385  0.0000  -0.1771  0.1771  0.0000
11.8433  0.0000  -0.1771  0.1771  0.0000
11.8483  0.0000  -0.1770  0.1770  0.0000
11.8530  0.0000  -0.1771  0.1771  0.0000
11.8579  0.0000  -0.1771  0.1771  0.0000
11.8626  0.0000  -0.1771  0.1771  0.0000
11.8674  0.0000  -0.1771  0.1771  0.0000
11.8721  0.0000  -0.1770  0.1770  0.0000
11.8768  0.0000  -0.1770  0.1770  0.0000
11.8817  0.0000  -0.1771  0.1771  0.0000
11.8868  0.0000  -0.1771  0.1771  0.0000
11.8916  0.0000  -0.1770  0.1770  0.0000
11.8964  0.0000  -0.1770  0.1770  0.0000
11.9012  0.0000  -0.1770  0.1770  0.0000
11.9061  0.0000  -0.1770  0.1770  0.0000
11.9111  0.0000  -0.1770  0.1770  0.0000
11.9179  0.0000  -0.1770  0.1770  0.0000
11.9230  0.0000  -0.1771  0.1771  0.0000
11.9303  0.0000  -0.1770  0.1770  0.0000
11.9360  0.0000  -0.1771  0.1771  0.0000
11.9437  0.0000  -0.1770  0.1770  0.0000
11.9489  0.0000  -0.1771  0.1771  0.0000
11.9537  0.0000  -0.1771  0.1771  0.0000
11.9585  0.0000  -0.1771  0.1771  0.0000
11.9634  0.0000  -0.1771  0.1771  0.0000
11.9681  0.0000  -0.1771  0.1771  0.0000
11.9728  0.0000  -0.1771  0.1771  0.0000
11.9776  0.0000  -0.1770  0.1770  0.0000
11.9825  0.0000  -0.1771  0.1771  0.0000
11.9864  0.0000  -0.1771  0.1771  0.0000
11.9912  0.0000  -0.1770  0.1770  0.0000
11.9961  0.0000  -0.1770  0.1770  0.0000
12.0011  0.0000  -0.1770  0.1770  0.0000
12.0060  0.0000  -0.1770  0.1770  0.0000
12.0109  0.0000  -0.1770  0.1770  0.0000
12.0158  0.0000  -0.1771  0.1771  0.0000
12.0208  0.0000  -0.1770  0.1770  0.0000
12.0255  0.0000  -0.1770  0.1770  0.0000
12.0301  0.0000  -0.1770  0.1770  0.0000
12.0392  0.0000  -0.1770  0.1770  0.0000
12.0445  0.0000  -0.1770  0.1770  0.0000
12.0495  0.0000  -0.1770  0.1770  0.0000
12.0552  0.0000  -0.1770  0.1770  0.0000
12.0604  0.0000  -0.1770  0.1770  0.0000
12.0677  0.0000  -0.1770  0.1770  0.0000
12.0736  0.0000  -0.1770  0.1770  0.0000
12.0789  0.0000  -0.1770  0.1770  0.0000
12.0847  0.0000  -0.1770  0.1770  0.0000
12.0898  0.0000  -0.1770  0.1770  0.0000
12.0949  0.0000  -0.1770  0.1770  0.0000
12.1002  0.0000  -0.1770  0.1770  0.0000
12.1056  0.0000  -0.1770  0.1770  0.0000
12.1157  0.0000  -0.1770  0.1770  0.0000
12.1224  0.0000  -0.1770  0.1770  0.0000
12.1278  0.0000  -0.1770  0.1770  0.0000
12.1333  0.0000  -0.1770  0.1770  0.0000
12.1386  0.0000  -0.1770  0.1770  0.0000
12.1440  0.0000  -0.1770  0.1770  0.0000
12.1496  0.0000  -0.1770  0.1770  0.0000
12.1551  0.0000  -0.1770  0.1770  0.0000
12.1604  0.0000  -0.1770  0.1770  0.0000
12.1658  0.0000  -0.1770  0.1770  0.0000
12.1713  0.0000  -0.1770  0.1770  0.0000
12.1767  0.0000  -0.1770  0.1770  0.0000
12.1825  0.0000  -0.1770  0.1770  0.0000
12.1880  0.0000  -0.1770  0.1770  0.0000
12.1961  0.0000  -0.1770  0.1770  0.0000
12.2017  0.0000  -0.1771  0.1771  0.0000
12.2071  0.0000  -0.1771  0.1771  0.0000
12.2129  0.0000  -0.1771  0.1771  0.0000
12.2184  0.0000  -0.1771  0.1771  0.0000
12.2239  0.0000  -0.1771  0.1771  0.0000
12.2296  0.0000  -0.1771  0.1771  0.0000
12.2350  0.0000  -0.1771  0.1771  0.0000
12.2406  0.0000  -0.1771  0.1771  0.0000
12.2460  0.0000  -0.1771  0.1771  0.0000
12.2521  0.0000  -0.1771  0.1771  0.0000
12.2576  0.0000  -0.1771  0.1771  0.0000
12.2633  0.0000  -0.1770  0.1770  0.0000
12.2688  0.0000  -0.1770  0.1770  0.0000
12.2744  0.0000  -0.1770  0.1770  0.0000
12.2799  0.0000  -0.1770  0.1770  0.0000
12.2853  0.0000  -0.1770  0.1770  0.0000
12.2908  0.0000  -0.1770  0.1770  0.0000
12.2963  0.0000  -0.1770  0.1770  0.0000
12.3020  0.0000  -0.1770  0.1770  0.0000
12.3075  0.0000  -0.1770  0.1770  0.0000
12.3133  0.0000  -0.1770  0.1770  0.0000
12.3190  0.0000  -0.1770  0.1770  0.0000
12.3242  0.0000  -0.1770  0.1770  0.0000
12.3304  0.0000  -0.1770  0.1770  0.0000
12.3362  0.0000  -0.1770  0.1770  0.0000
12.3420  0.0000  -0.1770  0.1770  0.0000
12.3473  0.0000  -0.1770  0.1770  0.0000
12.3526  0.0000  -0.1770  0.1770  0.0000
12.3586  0.0000  -0.1769  0.1769  0.0000
12.3635  0.0000  -0.1769  0.1769  0.0000
12.3687  0.0000  -0.1769  0.1769  0.0000
12.3736  0.0000  -0.1769  0.1769  0.0000
12.3787  0.0000  -0.1770  0.1770  0.0000
12.3837  0.0000  -0.1770  0.1770  0.0000
12.3888  0.0000  -0.1770  0.1770  0.0000
12.3939  0.0000  -0.1770  0.1770  0.0000
12.3990  0.0000  -0.1770  0.1770  0.0000
12.4039  0.0000  -0.1769  0.1769  0.0000
12.4091  0.0000  -0.1769  0.1769  0.0000
12.4141  0.0000  -0.1769  0.1769  0.0000
12.4195  0.0000  -0.1769  0.1769  0.0000
12.4246  0.0000  -0.1769  0.1769  0.0000
12.4288  0.0000  -0.1769  0.1769  0.0000
12.4338  0.0000  -0.1769  0.1769  0.0000
12.4388  0.0000  -0.1769  0.1769  0.0000
12.4439  0.0000  -0.1769  0.1769  0.0000
12.4503  0.0000  -0.1769  0.1769  0.0000
12.4555  0.0000  -0.1769  0.1769  0.0000
12.4609  0.0000  -0.1769  0.1769  0.0000
12.4657  0.0000  -0.1769  0.1769  0.0000
12.4707  0.0000  -0.1769  0.1769  0.0000
12.4759  0.0000  -0.1769  0.1769  0.0000
12.4809  0.0000  -0.1769  0.1769  0.0000
12.4858  0.0000  -0.1769  0.1769  0.0000
12.4907  0.0000  -0.1769  0.1769  0.0000
12.4957  0.0000  -0.1769  0.1769  0.0000
12.5006  0.0000  -0.1769  0.1769  0.0000
12.5056  0.0000  -0.1769  0.1769  0.0000
12.5105  0.0000  -0.1769  0.1769  0.0000
12.5154  0.0000  -0.1769  0.1769  0.0000
12.5202  0.0000  -0.1768  0.1768  0.0000
12.5253  0.0000  -0.1768  0.1768  0.0000
12.5302  0.0000  -0.1768  0.1768  0.0000
12.5396  0.0000  -0.1769  0.1769  0.0000
12.5445  0.0000  -0.1769  0.1769  0.0000
12.5502  0.0000  -0.1769  0.1769  0.0000
12.5552  0.0000  -0.1769  0.1769  0.0000
12.5632  0.0000  -0.1769  0.1769  0.0000
12.5698  0.0000  -0.1769  0.1769  0.0000
12.5759  0.0000  -0.1768  0.1768  0.0000
12.5815  0.0000  -0.1768  0.1768  0.0000
12.5864  0.0000  -0.1768  0.1768  0.0000
12.5914  0.0000  -0.1768  0.1768  0.0000
12.5964  0.0000  -0.1768  0.1768  0.0000
12.6014  0.0000  -0.1768  0.1768  0.0000
12.6065  0.0000  -0.1768  0.1768  0.0000
12.6114  0.0000  -0.1768  0.1768  0.0000
12.6210  0.0000  -0.1768  0.1768  0.0000
12.6269  0.0000  -0.1768  0.1768  0.0000
12.6318  0.0000  -0.1768  0.1768  0.0000
12.6366  0.0000  -0.1768  0.1768  0.0000
12.6417  0.0000  -0.1768  0.1768  0.0000
12.6468  0.0000  -0.1768  0.1768  0.0000
12.6517  0.0000  -0.1768  0.1768  0.0000
12.6570  0.0000  -0.1768  0.1768  0.0000
12.6622  0.0000  -0.1768  0.1768  0.0000
12.6670  0.0000  -0.1768  0.1768  0.0000
12.6717  0.0000  -0.1768  0.1768  0.0000
12.6765  0.0000  -0.1768  0.1768  0.0000
12.6813  0.0000  -0.1768  0.1768  0.0000
12.6863  0.0000  -0.1768  0.1768  0.0000
12.6912  0.0000  -0.1768  0.1768  0.0000
12.6961  0.0000  -0.1768  0.1768  0.0000
12.7024  0.0000  -0.1768  0.1768  0.0000
12.7073  0.0000  -0.1768  0.1768  0.0000
12.7122  0.0000  -0.1768  0.1768  0.0000
12.7169  0.0000  -0.1768  0.1768  0.0000
12.7219  0.0000  -0.1768  0.1768  0.0000
12.7266  0.0000  -0.1768  0.1768  0.0000
12.7318  0.0000  -0.1768  0.1768  0.0000
12.7366  0.0000  -0.1768  0.1768  0.0000
12.7417  0.0000  -0.1768  0.1768  0.0000
12.7466  0.0000  -0.1768  0.1768  0.0000
12.7517  0.0000  -0.1768  0.1768  0.0000
12.7566  0.0000  -0.1768  0.1768  0.0000
12.7616  0.0000  -0.1768  0.1768  0.0000
12.7668  0.0000  -0.1768  0.1768  0.0000
12.7716  0.0000  -0.1768  0.1768  0.0000
12.7798  0.0000  -0.1768  0.1768  0.0000
12.7859  0.0000  -0.1768  0.1768  0.0000
12.7919  0.0000  -0.1768  0.1768  0.0000
12.8013  0.0000  -0.1768  0.1768  0.0000
12.8078  0.0000  -0.1768  0.1768  0.0000
12.8136  0.0000  -0.1768  0.1768  0.0000
12.8197  0.0000  -0.1767  0.1767  0.0000
12.8239  0.0000  -0.1767  0.1767  0.0000
12.8281  0.0000  -0.1767  0.1767  0.0000
12.8334  0.0000  -0.1767  0.1767  0.0000
12.8387  0.0000  -0.1767  0.1767  0.0000
12.8444  0.0000  -0.1767  0.1767  0.0000
12.8496  0.0000  -0.1767  0.1767  0.0000
12.8548  0.0000  -0.1767  0.1767  0.0000
12.8599  0.0000  -0.1767  0.1767  0.0000
12.8649  0.0000  -0.1767  0.1767  0.0000
12.8698  0.0000  -0.1768  0.1768  0.0000
12.8747  0.0000  -0.1767  0.1767  0.0000
12.8798  0.0000  -0.1767  0.1767  0.0000
12.8848  0.0000  -0.1767  0.1767  0.0000
12.8897  0.0000  -0.1767  0.1767  0.0000
12.8947  0.0000  -0.1767  0.1767  0.0000
12.8998  0.0000  -0.1767  0.1767  0.0000
12.9053  0.0000  -0.1767  0.1767  0.0000
12.9112  0.0000  -0.1767  0.1767  0.0000
12.9191  0.0000  -0.1767  0.1767  0.0000
12.9247  0.0000  -0.1767  0.1767  0.0000
12.9300  0.0000  -0.1767  0.1767  0.0000
12.9354  0.0000  -0.1767  0.1767  0.0000
12.9411  0.0000  -0.1767  0.1767  0.0000
12.9464  0.0000  -0.1767  0.1767  0.0000
12.9519  0.0000  -0.1767  0.1767  0.0000
12.9589  0.0000  -0.1767  0.1767  0.0000
12.9642  0.0000  -0.1767  0.1767  0.0000
12.9698  0.0000  -0.1767  0.1767  0.0000
12.9751  0.0000  -0.1768  0.1768  0.0000
12.9804  0.0000  -0.1767  0.1767  0.0000
12.9859  0.0000  -0.1767  0.1767  0.0000
12.9914  0.0000  -0.1767  0.1767  0.0000
12.9968  0.0000  -0.1768  0.1768  0.0000
13.0021  0.0000  -0.1768  0.1768  0.0000
13.0075  0.0000  -0.1767  0.1767  0.0000
13.0130  0.0000  -0.1767  0.1767  0.0000
13.0184  0.0000  -0.1768  0.1768  0.0000
13.0237  0.0000  -0.1768  0.1768  0.0000
13.0293  0.0000  -0.1768  0.1768  0.0000
13.0349  0.0000  -0.1768  0.1768  0.0000
13.0447  0.0000  -0.1768  0.1768  0.0000
13.0500  0.0000  -0.1768  0.1768  0.0000
13.0555  0.0000  -0.1768  0.1768  0.0000
13.0608  0.0000  -0.1768  0.1768  0.0000
13.0670  0.0000  -0.1768  0.1768  0.0000
13.0724  0.0000  -0.1768  0.1768  0.0000
13.0784  0.0000  -0.1768  0.1768  0.0000
13.0855  0.0000  -0.1768  0.1768  0.0000
13.0915  0.0000  -0.1768  0.1768  0.0000
13.0972  0.0000  -0.1768  0.1768  0.0000
13.1035  0.0000  -0.1767  0.1767  0.0000
13.1093  0.0000  -0.1767  0.1767  0.0000
13.1151  0.0000  -0.1767  0.1767  0.0000
13.1259  0.0000  -0.1767  0.1767  0.0000
13.1331  0.0000  -0.1768  0.1768  0.0000
13.1385  0.0000  -0.1768  0.1768  0.0000
13.1438  0.0000  -0.1768  0.1768  0.0000
13.1499  0.0000  -0.1768  0.1768  0.0000
13.1555  0.0000  -0.1767  0.1767  0.0000
13.1596  0.0000  -0.1767  0.1767  0.0000
13.1647  0.0000  -0.1767  0.1767  0.0000
13.1697  0.0000  -0.1767  0.1767  0.0000
13.1747  0.0000  -0.1767  0.1767  0.0000
13.1800  0.0000  -0.1767  0.1767  0.0000
13.1851  0.0000  -0.1768  0.1768  0.0000
13.1901  0.0000  -0.1768  0.1768  0.0000
13.1953  0.0000  -0.1768  0.1768  0.0000
13.2002  0.0000  -0.1767  0.1767  0.0000
13.2053  0.0000  -0.1767  0.1767  0.0000
13.2118  0.0000  -0.1767  0.1767  0.0000
13.2170  0.0000  -0.1768  0.1768  0.0000
13.2221  0.0000  -0.1768  0.1768  0.0000
13.2271  0.0000  -0.1768  0.1768  0.0000
13.2321  0.0000  -0.1767  0.1767  0.0000
13.2371  0.0000  -0.1768  0.1768  0.0000
13.2426  0.0000  -0.1768  0.1768  0.0000
13.2477  0.0000  -0.1767  0.1767  0.0000
13.2528  0.0000  -0.1767  0.1767  0.0000
13.2580  0.0000  -0.1767  0.1767  0.0000
13.2631  0.0000  -0.1767  0.1767  0.0000
13.2683  0.0000  -0.1767  0.1767  0.0000
13.2734  0.0000  -0.1767  0.1767  0.0000
13.2786  0.0000  -0.1767  0.1767  0.0000
13.2840  0.0000  -0.1767  0.1767  0.0000
13.2893  0.0000  -0.1767  0.1767  0.0000
13.2947  0.0000  -0.1767  0.1767  0.0000
13.2999  0.0000  -0.1766  0.1766  0.0000
13.3052  0.0000  -0.1767  0.1767  0.0000
13.3099  0.0000  -0.1767  0.1767  0.0000
13.3159  0.0000  -0.1767  0.1767  0.0000
13.3237  0.0000  -0.1767  0.1767  0.0000
13.3295  0.0000  -0.1767  0.1767  0.0000
13.3349  0.0000  -0.1767  0.1767  0.0000
13.3413  0.0000  -0.1767  0.1767  0.0000
13.3465  0.0000  -0.1767  0.1767  0.0000
13.3519  0.0000  -0.1767  0.1767  0.0000
13.3570  0.0000  -0.1767  0.1767  0.0000
13.3622  0.0000  -0.1766  0.1766  0.0000
13.3673  0.0000  -0.1767  0.1767  0.0000
13.3725  0.0000  -0.1767  0.1767  0.0000
13.3777  0.0000  -0.1767  0.1767  0.0000
13.3830  0.0000  -0.1767  0.1767  0.0000
13.3888  0.0000  -0.1767  0.1767  0.0000
13.3940  0.0000  -0.1767  0.1767  0.0000
13.3991  0.0000  -0.1767  0.1767  0.0000
13.4045  0.0000  -0.1767  0.1767  0.0000
13.4097  0.0000  -0.1767  0.1767  0.0000
13.4148  0.0000  -0.1767  0.1767  0.0000
13.4202  0.0000  -0.1767  0.1767  0.0000
13.4254  0.0000  -0.1767  0.1767  0.0000
13.4306  0.0000  -0.1767  0.1767  0.0000
13.4358  0.0000  -0.1767  0.1767  0.0000
13.4413  0.0000  -0.1767  0.1767  0.0000
13.4466  0.0000  -0.1767  0.1767  0.0000
13.4519  0.0000  -0.1767  0.1767  0.0000
13.4572  0.0000  -0.1767  0.1767  0.0000
13.4642  0.0000  -0.1767  0.1767  0.0000
13.4695  0.0000  -0.1767  0.1767  0.0000
13.4747  0.0000  -0.1767  0.1767  0.0000
13.4801  0.0000  -0.1767  0.1767  0.0000
13.4863  0.0000  -0.1767  0.1767  0.0000
13.4917  0.0000  -0.1767  0.1767  0.0000
13.4972  0.0000  -0.1767  0.1767  0.0000
13.5030  0.0000  -0.1767  0.1767  0.0000
13.5084  0.0000  -0.1767  0.1767  0.0000
13.5140  0.0000  -0.1767  0.1767  0.0000
13.5197  0.0000  -0.1767  0.1767  0.0000
13.5252  0.0000  -0.1767  0.1767  0.0000
13.5311  0.0000  -0.1767  0.1767  0.0000
13.5365  0.0000  -0.1767  0.1767  0.0000
13.5470  0.0000  -0.1767  0.1767  0.0000
13.5524  0.0000  -0.1767  0.1767  0.0000
13.5579  0.0000  -0.1767  0.1767  0.0000
13.5635  0.0000  -0.1767  0.1767  0.0000
13.5692  0.0000  -0.1767  0.1767  0.0000
13.5757  0.0000  -0.1766  0.1766  0.0000
13.5846  0.0000  -0.1766  0.1766  0.0000
13.5907  0.0000  -0.1767  0.1767  0.0000
13.5984  0.0000  -0.1766  0.1766  0.0000
13.6037  0.0000  -0.1766  0.1766  0.0000
13.6108  0.0000  -0.1766  0.1766  0.0000
13.6159  0.0000  -0.1767  0.1767  0.0000
13.6256  0.0000  -0.1767  0.1767  0.0000
13.6347  0.0000  -0.1767  0.1767  0.0000
13.6411  0.0000  -0.1766  0.1766  0.0000
13.6469  0.0000  -0.1766  0.1766  0.0000
13.6527  0.0000  -0.1766  0.1766  0.0000
13.6583  0.0000  -0.1766  0.1766  0.0000
13.6637  0.0000  -0.1766  0.1766  0.0000
13.6695  0.0000  -0.1766  0.1766  0.0000
13.6784  0.0000  -0.1766  0.1766  0.0000
13.6839  0.0000  -0.1766  0.1766  0.0000
13.6895  0.0000  -0.1766  0.1766  0.0000
13.6951  0.0000  -0.1766  0.1766  0.0000
13.7028  0.0000  -0.1766  0.1766  0.0000
13.7084  0.0000  -0.1766  0.1766  0.0000
13.7139  0.0000  -0.1766  0.1766  0.0000
13.7207  0.0000  -0.1766  0.1766  0.0000
13.7259  0.0000  -0.1766  0.1766  0.0000
13.7309  0.0000  -0.1766  0.1766  0.0000
13.7358  0.0000  -0.1766  0.1766  0.0000
13.7407  0.0000  -0.1766  0.1766  0.0000
13.7456  0.0000  -0.1766  0.1766  0.0000
13.7512  0.0000  -0.1766  0.1766  0.0000
13.7561  0.0000  -0.1766  0.1766  0.0000
13.7611  0.0000  -0.1766  0.1766  0.0000
13.7660  0.0000  -0.1766  0.1766  0.0000
13.7708  0.0000  -0.1766  0.1766  0.0000
13.7759  0.0000  -0.1766  0.1766  0.0000
13.7808  0.0000  -0.1766  0.1766  0.0000
13.7857  0.0000  -0.1765  0.1765  0.0000
13.7906  0.0000  -0.1765  0.1765  0.0000
13.7955  0.0000  -0.1765  0.1765  0.0000
13.8008  0.0000  -0.1765  0.1765  0.0000
13.8056  0.0000  -0.1765  0.1765  0.0000
13.8105  0.0000  -0.1766  0.1766  0.0000
13.8155  0.0000  -0.1766  0.1766  0.0000
13.8202  0.0000  -0.1765  0.1765  0.0000
13.8251  0.0000  -0.1765  0.1765  0.0000
13.8299  0.0000  -0.1765  0.1765  0.0000
13.8346  0.0000  -0.1765  0.1765  0.0000
13.8395  0.0000  -0.1765  0.1765  0.0000
13.8455  0.0000  -0.1765  0.1765  0.0000
13.8506  0.0000  -0.1765  0.1765  0.0000
13.8557  0.0000  -0.1765  0.1765  0.0000
13.8609  0.0000  -0.1765  0.1765  0.0000
13.8657  0.0000  -0.1765  0.1765  0.0000
13.8713  0.0000  -0.1765  0.1765  0.0000
13.8761  0.0000  -0.1765  0.1765  0.0000
13.8813  0.0000  -0.1765  0.1765  0.0000
13.8862  0.0000  -0.1765  0.1765  0.0000
13.8910  0.0000  -0.1765  0.1765  0.0000
13.8958  0.0000  -0.1765  0.1765  0.0000
13.9006  0.0000  -0.1765  0.1765  0.0000
13.9055  0.0000  -0.1765  0.1765  0.0000
13.9104  0.0000  -0.1765  0.1765  0.0000
13.9151  0.0000  -0.1765  0.1765  0.0000
13.9203  0.0000  -0.1765  0.1765  0.0000
13.9251  0.0000  -0.1765  0.1765  0.0000
13.9301  0.0000  -0.1765  0.1765  0.0000
13.9348  0.0000  -0.1765  0.1765  0.0000
13.9398  0.0000  -0.1765  0.1765  0.0000
13.9445  0.0000  -0.1765  0.1765  0.0000
13.9495  0.0000  -0.1765  0.1765  0.0000
13.9545  0.0000  -0.1765  0.1765  0.0000
13.9595  0.0000  -0.1765  0.1765  0.0000
13.9645  0.0000  -0.1765  0.1765  0.0000
13.9713  0.0000  -0.1765  0.1765  0.0000
13.9763  0.0000  -0.1765  0.1765  0.0000
13.9813  0.0000  -0.1765  0.1765  0.0000
13.9867  0.0000  -0.1765  0.1765  0.0000
13.9913  0.0000  -0.1765  0.1765  0.0000
13.9963  0.0000  -0.1765  0.1765  0.0000
14.0014  0.0000  -0.1765  0.1765  0.0000
14.0065  0.0000  -0.1765  0.1765  0.0000
14.0170  0.0000  -0.1765  0.1765  0.0000
14.0221  0.0000  -0.1765  0.1765  0.0000
14.0272  0.0000  -0.1765  0.1765  0.0000
14.0323  0.0000  -0.1765  0.1765  0.0000
14.0373  0.0000  -0.1765  0.1765  0.0000
14.0473  0.0000  -0.1765  0.1765  0.0000
14.0527  0.0000  -0.1765  0.1765  0.0000
14.0583  0.0000  -0.1765  0.1765  0.0000
14.0654  0.0000  -0.1764  0.1764  0.0000
14.0712  0.0000  -0.1765  0.1765  0.0000
14.0769  0.0000  -0.1765  0.1765  0.0000
14.0831  0.0000  -0.1765  0.1765  0.0000
14.0886  0.0000  -0.1764  0.1764  0.0000
14.0948  0.0000  -0.1765  0.1765  0.0000
14.1024  0.0000  -0.1765  0.1765  0.0000
14.1087  0.0000  -0.1765  0.1765  0.0000
