0.0186  0.0000  0.0000  0.0005  0.0000
0.0333  0.0000  0.0000  0.0005  0.0000
0.0445  0.0000  0.0000  0.0005  0.0000
0.0566  0.0000  0.0029  0.0004  0.0000
0.0673  0.0000  0.0015  0.0004  0.0000
0.0781  0.0000  0.0000  0.0004  0.0000
0.0888  0.0000  0.0000  0.0003  0.0000
0.0995  0.0000  0.0000  0.0003  0.0000
0.1119  0.0000  0.0029  0.0003  0.0000
0.1227  0.0000  0.0015  0.0002  0.0000
0.1349  0.0000  0.0029  0.0002  0.0000
0.1484  0.0000  0.0029  0.0002  0.0000
0.1606  0.0000  0.0000  0.0002  0.0000
0.1729  0.0000  0.0015  0.0002  0.0000
0.1841  0.0000  0.0000  0.0002  0.0000
0.1977  0.0000  0.0015  0.0002  0.0000
0.2118  0.0000  0.0029  0.0002  0.0000
0.2290  0.0000  0.0044  0.0001  0.0000
0.2403  0.0000  0.0000  0.0001  0.0000
0.2514  0.0000  0.0000  0.0001  0.0000
0.2652  0.0000  0.0000  0.0001  0.0000
0.2781  0.0000  0.0029  0.0001  0.0000
0.2900  0.0000  0.0000  -0.0000  0.0000
0.3010  0.0000  0.0015  -0.0000  0.0000
0.3121  0.0000  0.0015  -0.0000  0.0000
0.3240  0.0000  0.0000  0.0001  0.0000
0.3344  0.0000  -0.0029  0.0001  0.0000
0.3448  0.0000  0.0000  0.0001  0.0000
0.3552  0.0000  0.0000  0.0001  0.0000
0.3644  0.0000  0.0015  0.0001  0.0000
0.3749  0.0000  0.0000  0.0001  0.0000
0.3862  0.0000  0.0000  0.0001  0.0000
0.3969  0.0000  0.0000  0.0001  0.0000
0.4075  0.0000  -0.0015  0.0001  0.0000
0.4180  0.0000  0.0059  0.0001  0.0000
0.4290  0.0000  0.0000  0.0001  0.0000
0.4394  0.0000  -0.0029  0.0001  0.0000
0.4503  0.0000  0.0000  0.0001  0.0000
0.4624  0.0000  -0.0029  0.0001  0.0000
0.4745  0.0000  0.0000  0.0001  0.0000
0.4848  0.0000  0.0000  0.0002  0.0000
0.4951  0.0000  -0.0029  0.0002  0.0000
0.5054  0.0000  0.0000  0.0002  0.0000
0.5211  0.0000  0.0000  0.0002  0.0000
0.5313  0.0000  0.0029  0.0002  0.0000
0.5414  0.0000  0.0015  0.0002  0.0000
0.5519  0.0000  -0.0015  0.0002  0.0000
0.5620  0.0000  -0.0029  0.0002  0.0000
0.5722  0.0000  0.0015  0.0002  0.0000
0.5824  0.0000  0.0000  0.0003  0.0000
0.5936  0.0000  0.0000  0.0003  0.0000
0.6055  0.0000  -0.0015  0.0003  0.0000
0.6166  0.0000  0.0000  0.0003  0.0000
0.6276  0.0000  -0.0029  0.0003  0.0000
0.6382  0.0000  -0.0015  0.0003  0.0000
0.6488  0.0000  -0.0029  0.0003  0.0000
0.6594  0.0000  0.0000  0.0003  0.0000
0.6711  0.0000  -0.0029  0.0003  0.0000
0.6819  0.0000  -0.0044  0.0003  0.0000
0.6926  0.0000  -0.0015  0.0004  0.0000
0.7027  0.0000  0.0000  0.0004  0.0000
0.7168  0.0000  -0.0029  0.0004  0.0000
0.7311  0.0000  -0.0015  0.0004  0.0000
0.7417  0.0000  0.0000  0.0004  0.0000
0.7531  0.0000  0.0029  0.0004  0.0000
0.7681  0.0000  -0.0015  0.0005  0.0000
0.7782  0.0000  0.0000  0.0005  0.0000
0.7884  0.0000  -0.0015  0.0005  0.0000
0.7993  0.0000  0.0015  0.0006  0.0000
0.8099  0.0000  0.0015  0.0006  0.0000
0.8204  0.0000  0.0000  0.0006  0.0000
0.8309  0.0000  0.0000  0.0006  0.0000
0.8410  0.0000  -0.0015  0.0006  0.0000
0.8521  0.0000  0.0000  0.0006  0.0000
0.8639  0.0000  -0.0029  0.0006  0.0000
0.8749  0.0000  0.0000  0.0006  0.0000
0.8849  0.0000  -0.0029  0.0006  0.0000
0.8993  0.0000  -0.0029  0.0007  0.0000
0.9079  0.0000  0.0000  0.0007  0.0000
0.9175  0.0000  0.0015  0.0007  0.0000
0.9276  0.0000  -0.0029  0.0007  0.0000
0.9376  0.0000  -0.0029  0.0008  0.0000
0.9484  0.0000  0.0000  0.0008  0.0000
0.9594  0.0000  -0.0029  0.0008  0.0000
0.9691  0.0000  0.0000  0.0008  0.0000
0.9800  0.0000  -0.0015  0.0008  0.0000
0.9907  0.0000  -0.0015  0.0008  0.0000
1.0005  0.0000  0.0015  0.0008  0.0000
1.0105  0.0000  0.0015  0.0008  0.0000
1.0263  0.0000  0.0000  0.0008  0.0000
1.0374  0.0000  0.0015  0.0008  0.0000
1.0484  0.0000  -0.0015  0.0008  0.0000
1.0579  0.0000  0.0000  0.0008  0.0000
1.0688  0.0000  0.0029  0.0008  0.0000
1.0795  0.0000  0.0000  0.0008  0.0000
1.0903  0.0000  -0.0029  0.0008  0.0000
1.1014  0.0000  -0.0029  0.0008  0.0000
1.1129  0.0000  0.0000  0.0008  0.0000
1.1237  0.0000  -0.0015  0.0009  0.0000
1.1347  0.0000  -0.0029  0.0009  0.0000
1.1456  0.0000  -0.0029  0.0009  0.0000
1.1566  0.0000  -0.0059  0.0009  0.0000
1.1674  0.0000  0.0000  0.0009  0.0000
1.1781  0.0000  0.0000  0.0009  0.0000
1.1876  0.0000  0.0000  0.0009  0.0000
1.1995  0.0000  -0.0015  0.0009  0.0000
1.2111  0.0000  -0.0015  0.0009  0.0000
1.2239  0.0000  -0.0015  0.0009  0.0000
1.2383  0.0000  -0.0029  0.0009  0.0000
1.2494  0.0000  -0.0015  0.0010  0.0000
1.2603  0.0000  0.0029  0.0011  0.0000
1.2707  0.0000  0.0015  0.0011  0.0000
1.2810  0.0000  -0.0015  0.0010  0.0000
1.2917  0.0000  -0.0015  0.0011  0.0000
1.3021  0.0000  0.0000  0.0011  0.0000
1.3162  0.0000  -0.0015  0.0010  0.0000
1.3269  0.0000  -0.0015  0.0011  0.0000
1.3372  0.0000  0.0000  0.0012  0.0000
1.3485  0.0000  0.0000  0.0012  0.0000
1.3596  0.0000  0.0000  0.0012  0.0000
1.3705  0.0000  -0.0015  0.0012  0.0000
1.3813  0.0000  -0.0015  0.0012  0.0000
1.3919  0.0000  -0.0015  0.0012  0.0000
1.4023  0.0000  -0.0015  0.0012  0.0000
1.4128  0.0000  -0.0015  0.0012  0.0000
1.4231  0.0000  0.0000  0.0012  0.0000
1.4335  0.0000  -0.0015  0.0012  0.0000
1.4439  0.0000  -0.0015  0.0012  0.0000
1.4536  0.0000  -0.0015  0.0012  0.0000
1.4652  0.0000  0.0000  0.0013  0.0000
1.4799  0.0000  0.0000  0.0013  0.0000
1.4903  0.0000  0.0015  0.0013  0.0000
1.5005  0.0000  0.0000  0.0013  0.0000
1.5110  0.0000  0.0000  0.0013  0.0000
1.5260  0.0000  -0.0015  0.0012  0.0000
1.5363  0.0000  -0.0015  0.0013  0.0000
1.5465  0.0000  0.0000  0.0014  0.0000
1.5568  0.0000  0.0000  0.0014  0.0000
1.5677  0.0000  0.0000  0.0014  0.0000
1.5779  0.0000  0.0000  0.0014  0.0000
1.5887  0.0000  -0.0015  0.0014  0.0000
1.5985  0.0000  0.0000  0.0014  0.0000
1.6083  0.0000  0.0000  0.0014  0.0000
1.6181  0.0000  0.0015  0.0014  0.0000
1.6279  0.0000  -0.0015  0.0014  0.0000
1.6379  0.0000  0.0029  0.0014  0.0000
1.6478  0.0000  -0.0015  0.0014  0.0000
1.6577  0.0000  0.0029  0.0014  0.0000
1.6677  0.0000  -0.0044  0.0014  0.0000
1.6786  0.0000  -0.0015  0.0014  0.0000
1.6886  0.0000  0.0000  0.0015  0.0000
1.6985  0.0000  -0.0015  0.0015  0.0000
1.7088  0.0000  0.0000  0.0015  0.0000
1.7244  0.0000  -0.0015  0.0015  0.0000
1.7336  0.0000  -0.0029  0.0015  0.0000
1.7471  0.0000  -0.0015  0.0015  0.0000
1.7574  0.0000  -0.0015  0.0015  0.0000
1.7676  0.0000  -0.0015  0.0015  0.0000
1.7780  0.0000  -0.0015  0.0015  0.0000
1.7882  0.0000  0.0029  0.0015  0.0000
1.7980  0.0000  -0.0015  0.0015  0.0000
1.8080  0.0000  -0.0015  0.0015  0.0000
1.8177  0.0000  -0.0015  0.0016  0.0000
1.8270  0.0000  -0.0015  0.0016  0.0000
1.8368  0.0000  0.0000  0.0015  0.0000
1.8470  0.0000  0.0000  0.0015  0.0000
1.8574  0.0000  -0.0029  0.0015  0.0000
1.8680  0.0000  0.0000  0.0016  0.0000
1.8809  0.0000  -0.0015  0.0016  0.0000
1.8942  0.0000  -0.0015  0.0017  0.0000
1.9042  0.0000  -0.0015  0.0017  0.0000
1.9153  0.0000  0.0015  0.0017  0.0000
1.9241  0.0000  -0.0015  0.0017  0.0000
1.9341  0.0000  0.0000  0.0017  0.0000
1.9441  0.0000  0.0000  0.0017  0.0000
1.9559  0.0000  -0.0015  0.0017  0.0000
1.9668  0.0000  -0.0015  0.0017  0.0000
1.9779  0.0000  0.0000  0.0017  0.0000
1.9878  0.0000  -0.0015  0.0017  0.0000
1.9983  0.0000  0.0015  0.0018  0.0000
2.0074  0.0000  -0.0015  0.0018  0.0000
2.0178  0.0000  -0.0015  0.0018  0.0000
2.0331  0.0000  0.0000  0.0018  0.0000
2.0433  0.0000  -0.0015  0.0018  0.0000
2.0536  0.0000  -0.0015  0.0018  0.0000
2.0642  0.0000  0.0015  0.0018  0.0000
2.0740  0.0000  -0.0015  0.0018  0.0000
2.0849  0.0000  0.0029  0.0018  0.0000
2.0945  0.0000  0.0000  0.0018  0.0000
2.1038  0.0000  -0.0015  0.0019  0.0000
2.1148  0.0000  0.0000  0.0019  0.0000
2.1258  0.0000  0.0000  0.0019  0.0000
2.1369  0.0000  0.0000  0.0019  0.0000
2.1481  0.0000  -0.0015  0.0019  0.0000
2.1578  0.0000  0.0000  0.0019  0.0000
2.1689  0.0000  -0.0015  0.0019  0.0000
2.1796  0.0000  -0.0015  0.0020  0.0000
2.1907  0.0000  -0.0015  0.0020  0.0000
2.2017  0.0000  0.0000  0.0020  0.0000
2.2158  0.0000  -0.0015  0.0020  0.0000
2.2294  0.0000  0.0015  0.0020  0.0000
2.2405  0.0000  0.0000  0.0020  0.0000
2.2574  0.0000  -0.0015  0.0020  0.0000
2.2683  0.0000  -0.0015  0.0021  0.0000
2.2801  0.0000  -0.0015  0.0021  0.0000
2.2908  0.0000  0.0000  0.0021  0.0000
2.3022  0.0000  -0.0015  0.0021  0.0000
2.3146  0.0000  0.0000  0.0021  0.0000
2.3245  0.0000  -0.0015  0.0021  0.0000
2.3346  0.0000  0.0000  0.0021  0.0000
2.3446  0.0000  0.0000  0.0021  0.0000
2.3542  0.0000  -0.0015  0.0021  0.0000
2.3642  0.0000  0.0000  0.0021  0.0000
2.3740  0.0000  -0.0015  0.0021  0.0000
2.3837  0.0000  -0.0015  0.0021  0.0000
2.3939  0.0000  -0.0015  0.0021  0.0000
2.4047  0.0000  -0.0015  0.0021  0.0000
2.4149  0.0000  0.0000  0.0021  0.0000
2.4252  0.0000  -0.0029  0.0021  0.0000
2.4354  0.0000  -0.0015  0.0022  0.0000
2.4454  0.0000  -0.0015  0.0022  0.0000
2.4561  0.0000  -0.0015  0.0022  0.0000
2.4665  0.0000  0.0000  0.0022  0.0000
2.4771  0.0000  0.0000  0.0022  0.0000
2.4884  0.0000  -0.0015  0.0022  0.0000
2.4985  0.0000  0.0000  0.0022  0.0000
2.5075  0.0000  -0.0015  0.0022  0.0000
2.5180  0.0000  -0.0015  0.0022  0.0000
2.5336  0.0000  -0.0015  0.0022  0.0000
2.5444  0.0000  0.0000  0.0023  0.0000
2.5542  0.0000  0.0000  0.0023  0.0000
2.5649  0.0000  -0.0015  0.0023  0.0000
2.5759  0.0000  0.0000  0.0023  0.0000
2.5869  0.0000  0.0000  0.0023  0.0000
2.5980  0.0000  -0.0015  0.0023  0.0000
2.6089  0.0000  0.0000  0.0023  0.0000
2.6197  0.0000  -0.0015  0.0023  0.0000
2.6305  0.0000  -0.0015  0.0023  0.0000
2.6416  0.0000  -0.0029  0.0023  0.0000
2.6525  0.0000  -0.0059  0.0023  0.0000
2.6626  0.0000  -0.0029  0.0024  0.0000
2.6736  0.0000  0.0015  0.0024  0.0000
2.6879  0.0000  -0.0015  0.0024  0.0000
2.6998  0.0000  -0.0015  0.0025  0.0000
2.7122  0.0000  -0.0029  0.0024  0.0000
2.7231  0.0000  0.0000  0.0024  0.0000
2.7387  0.0000  0.0000  0.0025  0.0000
2.7491  0.0000  -0.0015  0.0025  0.0000
2.7640  0.0000  0.0015  0.0025  0.0000
2.7754  0.0000  -0.0015  0.0025  0.0000
2.7853  0.0000  -0.0015  0.0025  0.0000
2.7960  0.0000  -0.0015  0.0025  0.0000
2.8066  0.0000  -0.0015  0.0025  0.0000
2.8171  0.0000  0.0015  0.0025  0.0000
2.8282  0.0000  -0.0015  0.0025  0.0000
2.8388  0.0000  -0.0015  0.0026  0.0000
2.8492  0.0000  -0.0015  0.0026  0.0000
2.8596  0.0000  -0.0015  0.0026  0.0000
2.8699  0.0000  -0.0015  0.0026  0.0000
2.8805  0.0000  0.0000  0.0027  0.0000
2.8901  0.0000  0.0015  0.0027  0.0000
2.9010  0.0000  0.0029  0.0027  0.0000
2.9121  0.0000  0.0000  0.0027  0.0000
2.9231  0.0000  0.0000  0.0027  0.0000
2.9344  0.0000  -0.0015  0.0027  0.0000
2.9461  0.0000  -0.0015  0.0027  0.0000
2.9588  0.0000  0.0000  0.0027  0.0000
2.9704  0.0000  -0.0015  0.0027  0.0000
2.9820  0.0000  -0.0015  0.0027  0.0000
2.9922  0.0000  -0.0015  0.0027  0.0000
3.0037  0.0000  0.0015  0.0027  0.0000
3.0144  0.0000  0.0015  0.0028  0.0000
3.0244  0.0000  0.0029  0.0028  0.0000
3.0395  0.0000  -0.0015  0.0028  0.0000
3.0496  0.0000  0.0000  0.0028  0.0000
3.0596  0.0000  -0.0015  0.0028  0.0000
3.0685  0.0000  0.0000  0.0028  0.0000
3.0781  0.0000  -0.0015  0.0028  0.0000
3.0886  0.0000  -0.0015  0.0028  0.0000
3.0995  0.0000  0.0029  0.0028  0.0000
3.1103  0.0000  -0.0015  0.0028  0.0000
3.1205  0.0000  0.0015  0.0028  0.0000
3.1309  0.0000  -0.0015  0.0028  0.0000
3.1411  0.0000  0.0000  0.0028  0.0000
3.1503  0.0000  0.0015  0.0028  0.0000
3.1605  0.0000  -0.0015  0.0028  0.0000
3.1708  0.0000  -0.0015  0.0028  0.0000
3.1809  0.0000  0.0015  0.0028  0.0000
3.1922  0.0000  0.0015  0.0028  0.0000
3.2024  0.0000  0.0015  0.0028  0.0000
3.2130  0.0000  -0.0029  0.0028  0.0000
3.2237  0.0000  -0.0015  0.0029  0.0000
3.2415  0.0000  0.0015  0.0029  0.0000
3.2536  0.0000  -0.0015  0.0029  0.0000
3.2681  0.0000  0.0000  0.0029  0.0000
3.2790  0.0000  0.0015  0.0029  0.0000
3.2892  0.0000  0.0000  0.0029  0.0000
3.2992  0.0000  0.0000  0.0029  0.0000
3.3093  0.0000  0.0000  0.0029  0.0000
3.3193  0.0000  -0.0029  0.0029  0.0000
3.3292  0.0000  0.0015  0.0030  0.0000
3.3390  0.0000  0.0000  0.0030  0.0000
3.3489  0.0000  0.0000  0.0030  0.0000
3.3591  0.0000  -0.0015  0.0030  0.0000
3.3681  0.0000  -0.0015  0.0030  0.0000
3.3783  0.0000  0.0000  0.0030  0.0000
3.3881  0.0000  0.0000  0.0030  0.0000
3.3983  0.0000  -0.0015  0.0030  0.0000
3.4085  0.0000  -0.0015  0.0030  0.0000
3.4187  0.0000  0.0000  0.0030  0.0000
3.4290  0.0000  -0.0015  0.0030  0.0000
3.4396  0.0000  -0.0015  0.0030  0.0000
3.4498  0.0000  -0.0015  0.0030  0.0000
3.4600  0.0000  0.0000  0.0030  0.0000
3.4705  0.0000  -0.0015  0.0030  0.0000
3.4810  0.0000  -0.0015  0.0030  0.0000
3.4905  0.0000  0.0015  0.0030  0.0000
3.5010  0.0000  0.0015  0.0030  0.0000
3.5131  0.0000  0.0015  0.0030  0.0000
3.5220  0.0000  -0.0015  0.0030  0.0000
3.5325  0.0000  0.0000  0.0031  0.0000
3.5477  0.0000  0.0015  0.0031  0.0000
3.5582  0.0000  -0.0015  0.0031  0.0000
3.5686  0.0000  0.0000  0.0031  0.0000
3.5792  0.0000  -0.0015  0.0031  0.0000
3.5897  0.0000  0.0000  0.0031  0.0000
3.5998  0.0000  0.0000  0.0031  0.0000
3.6104  0.0000  -0.0015  0.0031  0.0000
3.6209  0.0000  -0.0015  0.0031  0.0000
3.6326  0.0000  -0.0015  0.0031  0.0000
3.6426  0.0000  0.0000  0.0031  0.0000
3.6528  0.0000  0.0000  0.0032  0.0000
3.6626  0.0000  0.0000  0.0032  0.0000
3.6726  0.0000  0.0015  0.0032  0.0000
3.6827  0.0000  0.0000  0.0033  0.0000
3.6935  0.0000  -0.0015  0.0033  0.0000
3.7034  0.0000  0.0015  0.0033  0.0000
3.7128  0.0000  -0.0029  0.0033  0.0000
3.7221  0.0000  -0.0015  0.0033  0.0000
3.7308  0.0000  -0.0015  0.0032  0.0000
3.7429  0.0000  -0.0015  0.0033  0.0000
3.7583  0.0000  -0.0015  0.0033  0.0000
3.7734  0.0000  -0.0015  0.0033  0.0000
3.7839  0.0000  0.0015  0.0033  0.0000
3.7945  0.0000  0.0000  0.0033  0.0000
3.8048  0.0000  0.0000  0.0033  0.0000
3.8150  0.0000  -0.0015  0.0033  0.0000
3.8252  0.0000  -0.0015  0.0033  0.0000
3.8341  0.0000  0.0029  0.0033  0.0000
3.8444  0.0000  -0.0015  0.0033  0.0000
3.8545  0.0000  0.0000  0.0033  0.0000
3.8645  0.0000  0.0000  0.0033  0.0000
3.8745  0.0000  0.0000  0.0033  0.0000
3.8846  0.0000  -0.0015  0.0033  0.0000
3.8945  0.0000  -0.0015  0.0034  0.0000
3.9045  0.0000  -0.0015  0.0034  0.0000
3.9143  0.0000  0.0000  0.0034  0.0000
3.9245  0.0000  -0.0015  0.0034  0.0000
3.9347  0.0000  0.0000  0.0034  0.0000
3.9445  0.0000  -0.0015  0.0034  0.0000
3.9549  0.0000  0.0015  0.0034  0.0000
3.9686  0.0000  -0.0015  0.0034  0.0000
3.9842  0.0000  0.0000  0.0034  0.0000
3.9977  0.0000  0.0000  0.0034  0.0000
4.0097  0.0000  -0.0015  0.0034  0.0000
4.0184  0.0000  -0.0015  0.0034  0.0000
4.0284  0.0000  -0.0015  0.0034  0.0000
4.0372  0.0000  -0.0015  0.0034  0.0000
4.0504  0.0000  -0.0015  0.0034  0.0000
4.0600  0.0000  -0.0015  0.0034  0.0000
4.0695  0.0000  -0.0029  0.0034  0.0000
4.0789  0.0000  0.0015  0.0034  0.0000
4.0887  0.0000  -0.0015  0.0035  0.0000
4.0985  0.0000  -0.0015  0.0035  0.0000
4.1088  0.0000  -0.0015  0.0034  0.0000
4.1190  0.0000  0.0015  0.0035  0.0000
4.1290  0.0000  -0.0015  0.0035  0.0000
4.1388  0.0000  -0.0015  0.0035  0.0000
4.1485  0.0000  0.0000  0.0035  0.0000
4.1584  0.0000  -0.0015  0.0035  0.0000
4.1685  0.0000  0.0015  0.0035  0.0000
4.1793  0.0000  0.0015  0.0035  0.0000
4.1904  0.0000  0.0000  0.0035  0.0000
4.2006  0.0000  -0.0015  0.0035  0.0000
4.2108  0.0000  -0.0015  0.0035  0.0000
4.2205  0.0000  0.0000  0.0035  0.0000
4.2306  0.0000  0.0000  0.0035  0.0000
4.2408  0.0000  -0.0015  0.0035  0.0000
4.2547  0.0000  0.0000  0.0035  0.0000
4.2653  0.0000  -0.0015  0.0035  0.0000
4.2800  0.0000  -0.0015  0.0036  0.0000
4.2907  0.0000  -0.0015  0.0036  0.0000
4.3014  0.0000  0.0000  0.0036  0.0000
4.3122  0.0000  -0.0015  0.0036  0.0000
4.3230  0.0000  -0.0015  0.0036  0.0000
4.3336  0.0000  -0.0015  0.0036  0.0000
4.3441  0.0000  0.0000  0.0036  0.0000
4.3539  0.0000  -0.0015  0.0036  0.0000
4.3646  0.0000  0.0015  0.0036  0.0000
4.3754  0.0000  0.0000  0.0037  0.0000
4.3862  0.0000  0.0015  0.0037  0.0000
4.3969  0.0000  -0.0015  0.0037  0.0000
4.4078  0.0000  0.0000  0.0037  0.0000
4.4199  0.0000  -0.0015  0.0038  0.0000
4.4307  0.0000  -0.0015  0.0038  0.0000
4.4415  0.0000  0.0044  0.0038  0.0000
4.4523  0.0000  -0.0015  0.0038  0.0000
4.4627  0.0000  -0.0044  0.0038  0.0000
4.4733  0.0000  0.0000  0.0038  0.0000
4.4832  0.0000  0.0015  0.0039  0.0000
4.4939  0.0000  -0.0015  0.0038  0.0000
4.5044  0.0000  0.0000  0.0039  0.0000
4.5152  0.0000  0.0000  0.0039  0.0000
4.5277  0.0000  0.0015  0.0039  0.0000
4.5381  0.0000  0.0000  0.0039  0.0000
4.5536  0.0000  -0.0015  0.0039  0.0000
4.5640  0.0000  0.0015  0.0039  0.0000
4.5749  0.0000  -0.0015  0.0039  0.0000
4.5853  0.0000  0.0000  0.0039  0.0000
4.5959  0.0000  -0.0015  0.0039  0.0000
4.6063  0.0000  0.0000  0.0039  0.0000
4.6169  0.0000  0.0029  0.0040  0.0000
4.6281  0.0000  0.0000  0.0040  0.0000
4.6387  0.0000  0.0000  0.0040  0.0000
4.6495  0.0000  -0.0015  0.0040  0.0000
4.6601  0.0000  -0.0015  0.0040  0.0000
4.6707  0.0000  0.0000  0.0040  0.0000
4.6813  0.0000  0.0015  0.0040  0.0000
4.6920  0.0000  0.0029  0.0040  0.0000
4.7013  0.0000  0.0015  0.0040  0.0000
4.7128  0.0000  0.0015  0.0040  0.0000
4.7235  0.0000  -0.0029  0.0040  0.0000
4.7346  0.0000  0.0000  0.0040  0.0000
4.7458  0.0000  0.0000  0.0040  0.0000
4.7603  0.0000  0.0000  0.0041  0.0000
4.7694  0.0000  0.0000  0.0041  0.0000
4.7836  0.0000  0.0000  0.0041  0.0000
4.7946  0.0000  -0.0015  0.0041  0.0000
4.8053  0.0000  -0.0015  0.0041  0.0000
4.8161  0.0000  -0.0015  0.0041  0.0000
4.8266  0.0000  -0.0015  0.0041  0.0000
4.8367  0.0000  -0.0015  0.0041  0.0000
4.8472  0.0000  -0.0015  0.0041  0.0000
4.8566  0.0000  0.0044  0.0041  0.0000
4.8666  0.0000  -0.0015  0.0041  0.0000
4.8769  0.0000  0.0000  0.0041  0.0000
4.8871  0.0000  -0.0015  0.0041  0.0000
4.8972  0.0000  -0.0015  0.0041  0.0000
4.9076  0.0000  0.0015  0.0041  0.0000
4.9178  0.0000  -0.0015  0.0041  0.0000
4.9279  0.0000  0.0000  0.0041  0.0000
4.9376  0.0000  -0.0015  0.0041  0.0000
4.9477  0.0000  -0.0015  0.0041  0.0000
4.9575  0.0000  -0.0015  0.0041  0.0000
4.9671  0.0000  0.0044  0.0041  0.0000
4.9857  0.0000  0.0000  0.0041  0.0000
5.0005  0.0000  -0.0015  0.0041  0.0000
5.0214  0.5000  -0.0015  0.0041  0.5000
5.0312  0.5000  -0.0029  0.0041  0.5000
5.0418  0.5000  0.0147  0.0041  0.5000
5.0510  0.5000  0.5052  0.0041  0.5000
5.0617  0.5000  0.8783  0.0041  0.5000
5.0735  0.5000  1.2131  0.0041  0.5000
5.0853  0.5000  1.6214  0.0041  0.5000
5.0977  0.5000  1.9666  0.0041  0.5000
5.1076  0.5000  2.4145  0.0041  0.5000
5.1177  0.5000  2.8228  0.0041  0.5000
5.1284  0.5000  3.1812  0.0041  0.5000
5.1391  0.5000  3.4309  0.0041  0.5000
5.1503  0.5000  3.8451  0.0041  0.5000
5.1612  0.5000  3.9919  0.0041  0.5000
5.1717  0.5000  4.2401  0.0041  0.5000
5.1835  0.5000  4.3209  0.0041  0.5000
5.1945  0.5000  4.6587  0.0041  0.5000
5.2048  0.5000  4.9569  0.0041  0.5000
5.2167  0.5000  5.2418  0.0041  0.5000
5.2286  0.5000  5.5972  0.0041  0.5000
5.2407  0.5000  5.8763  0.0041  0.5000
5.2507  0.5000  6.0026  0.0041  0.5000
5.2613  0.5000  6.2772  0.0041  0.5000
5.2723  0.5000  6.4682  0.0041  0.5000
5.2886  0.5000  6.7413  0.0041  0.5000
5.2983  0.5000  7.0938  0.0041  0.5000
5.3085  0.5000  7.1746  0.0041  0.5000
5.3182  0.5000  7.3920  0.0041  0.5000
5.3278  0.5000  7.6593  0.0041  0.5000
5.3376  0.5000  7.8414  0.0041  0.5000
5.3482  0.5000  7.9897  0.0041  0.5000
5.3592  0.5000  8.1439  0.0041  0.5000
5.3691  0.5000  8.3657  0.0041  0.5000
5.3803  0.5000  8.3745  0.0041  0.5000
5.3915  0.5000  8.4509  0.0041  0.5000
5.4029  0.5000  8.8401  0.0041  0.5000
5.4154  0.5000  8.8122  0.0041  0.5000
5.4267  0.5000  9.2352  0.0041  0.5000
5.4381  0.5000  9.4599  0.0041  0.5000
5.4480  0.5000  9.4041  0.0041  0.5000
5.4592  0.5000  9.5715  0.0041  0.5000
5.4688  0.5000  9.7977  0.0041  0.5000
5.4797  0.5000  9.7669  0.0041  0.5000
5.4906  0.5000  9.8741  0.0041  0.5000
5.5015  0.5000  10.2383  0.0041  0.5000
5.5123  0.5000  10.2310  0.0041  0.5000
5.5313  0.5000  10.5923  0.0041  0.5000
5.5425  0.5000  10.4909  0.0041  0.5000
5.5547  0.5000  10.5893  0.0041  0.5000
5.5653  0.5000  10.8199  0.0041  0.5000
5.5745  0.5000  11.0226  0.0041  0.5000
5.5853  0.5000  11.0681  0.0041  0.5000
5.5954  0.5000  11.1063  0.0041  0.5000
5.6059  0.5000  11.2311  0.0041  0.5000
5.6159  0.5000  11.2517  0.0041  0.5000
5.6260  0.5000  11.5895  0.0041  0.5000
5.6360  0.5000  11.6659  0.0041  0.5000
5.6463  0.5000  11.7467  0.0041  0.5000
5.6565  0.5000  12.0698  0.0041  0.5000
5.6675  0.5000  12.1961  0.0041  0.5000
5.6780  0.5000  12.0742  0.0041  0.5000
5.6880  0.5000  12.3723  0.0041  0.5000
5.6991  0.5000  12.4355  0.0041  0.5000
5.7093  0.5000  12.3988  0.0041  0.5000
5.7195  0.5000  12.4149  0.0041  0.5000
5.7295  0.5000  12.4649  0.0041  0.5000
5.7395  0.5000  12.2475  0.0041  0.5000
5.7501  0.5000  12.3665  0.0041  0.5000
5.7604  0.5000  12.3327  0.0041  0.5000
5.7702  0.5000  12.5735  0.0041  0.5000
5.7804  0.5000  12.4619  0.0041  0.5000
5.7954  0.5000  12.7557  0.0041  0.5000
5.8053  0.5000  12.6808  0.0041  0.5000
5.8155  0.5000  12.8129  0.0041  0.5000
5.8253  0.5000  12.8673  0.0041  0.5000
5.8353  0.5000  12.9481  0.0041  0.5000
5.8453  0.5000  13.1008  0.0041  0.5000
5.8552  0.5000  13.2712  0.0041  0.5000
5.8651  0.5000  13.2418  0.0041  0.5000
5.8759  0.5000  13.4841  0.0041  0.5000
5.8859  0.5000  13.5825  0.0041  0.5000
5.8961  0.5000  13.7191  0.0041  0.5000
5.9058  0.5000  13.8146  0.0041  0.5000
5.9156  0.5000  13.8777  0.0041  0.5000
5.9253  0.5000  13.7470  0.0041  0.5000
5.9352  0.5000  13.9086  0.0041  0.5000
5.9453  0.5000  13.9365  0.0041  0.5000
5.9551  0.5000  13.7588  0.0041  0.5000
5.9650  0.5000  13.6927  0.0041  0.5000
5.9751  0.5000  13.7852  0.0041  0.5000
5.9851  0.5000  13.8557  0.0041  0.5000
5.9954  0.5000  13.8572  0.0041  0.5000
6.0079  0.5000  13.8146  0.0041  0.5000
6.0186  0.5000  14.0892  0.0041  0.5000
6.0369  0.5000  14.1289  0.0041  0.5000
6.0470  0.5000  14.3727  0.0041  0.5000
6.0570  0.5000  14.4373  0.0041  0.5000
6.0665  0.5000  14.5122  0.0041  0.5000
6.0766  0.5000  14.4344  0.0041  0.5000
6.0850  0.5000  14.5049  0.0041  0.5000
6.0944  0.5000  14.5901  0.0041  0.5000
6.1037  0.5000  14.7252  0.0041  0.5000
6.1129  0.5000  14.7707  0.0041  0.5000
6.1224  0.5000  14.9381  0.0041  0.5000
6.1327  0.5000  14.9646  0.0041  0.5000
6.1423  0.5000  14.8133  0.0041  0.5000
6.1531  0.5000  14.9367  0.0041  0.5000
6.1629  0.5000  14.8574  0.0041  0.5000
6.1729  0.5000  14.6562  0.0041  0.5000
6.1831  0.5000  14.8911  0.0041  0.5000
6.1933  0.5000  14.8809  0.0041  0.5000
6.2047  0.5000  14.9088  0.0041  0.5000
6.2152  0.5000  14.8897  0.0041  0.5000
6.2254  0.5000  14.8265  0.0041  0.5000
6.2355  0.5000  14.8016  0.0041  0.5000
6.2459  0.5000  15.0086  0.0041  0.5000
6.2572  0.5000  14.9749  0.0041  0.5000
6.2699  0.5000  15.1673  0.0041  0.5000
6.2818  0.5000  15.1291  0.0041  0.5000
6.2929  0.5000  15.2231  0.0041  0.5000
6.3073  0.5000  15.3846  0.0041  0.5000
6.3166  0.5000  15.3479  0.0041  0.5000
6.3271  0.5000  15.4258  0.0041  0.5000
6.3378  0.5000  15.3024  0.0041  0.5000
6.3483  0.5000  15.3509  0.0041  0.5000
6.3587  0.5000  15.3641  0.0041  0.5000
6.3679  0.5000  15.4302  0.0041  0.5000
6.3783  0.5000  15.5756  0.0041  0.5000
6.3878  0.5000  15.7004  0.0041  0.5000
6.3983  0.5000  15.7944  0.0041  0.5000
6.4089  0.5000  15.8120  0.0041  0.5000
6.4197  0.5000  15.7768  0.0041  0.5000
6.4308  0.5000  15.8825  0.0041  0.5000
6.4418  0.5000  15.9868  0.0041  0.5000
6.4527  0.5000  16.0793  0.0041  0.5000
6.4635  0.5000  15.9839  0.0041  0.5000
6.4745  0.5000  16.1043  0.0041  0.5000
6.4854  0.5000  16.0911  0.0041  0.5000
6.4962  0.5000  16.1645  0.0041  0.5000
6.5074  0.5000  16.2365  0.0041  0.5000
6.5194  0.5000  16.1719  0.0041  0.5000
6.5406  0.5000  16.1748  0.0041  0.5000
6.5505  0.5000  16.4215  0.0041  0.5000
6.5615  0.5000  16.2453  0.0041  0.5000
6.5722  0.5000  16.3158  0.0041  0.5000
6.5832  0.5000  16.1733  0.0041  0.5000
6.5938  0.5000  16.2820  0.0041  0.5000
6.6044  0.5000  16.4039  0.0041  0.5000
6.6152  0.5000  16.3980  0.0041  0.5000
6.6257  0.5000  16.3128  0.0041  0.5000
6.6364  0.5000  16.2952  0.0041  0.5000
6.6471  0.5000  16.5875  0.0041  0.5000
6.6577  0.5000  16.3789  0.0041  0.5000
6.6682  0.5000  16.4127  0.0041  0.5000
6.6793  0.5000  16.5332  0.0041  0.5000
6.6899  0.5000  16.6668  0.0041  0.5000
6.7020  0.5000  16.5567  0.0041  0.5000
6.7128  0.5000  16.4671  0.0041  0.5000
6.7229  0.5000  16.4817  0.0041  0.5000
6.7331  0.5000  16.4847  0.0041  0.5000
6.7431  0.5000  16.3040  0.0041  0.5000
6.7532  0.5000  16.5449  0.0041  0.5000
6.7631  0.5000  16.5684  0.0041  0.5000
6.7742  0.5000  16.5831  0.0041  0.5000
6.7845  0.5000  16.6007  0.0041  0.5000
6.7979  0.5000  16.8401  0.0041  0.5000
6.8127  0.5000  16.9121  0.0041  0.5000
6.8227  0.5000  17.1735  0.0041  0.5000
6.8329  0.5000  17.2616  0.0041  0.5000
6.8430  0.5000  17.2425  0.0041  0.5000
6.8533  0.5000  17.2469  0.0041  0.5000
6.8634  0.5000  17.1206  0.0041  0.5000
6.8755  0.5000  16.9811  0.0041  0.5000
6.8859  0.5000  17.0545  0.0041  0.5000
6.8959  0.5000  17.1265  0.0041  0.5000
6.9050  0.5000  17.1441  0.0041  0.5000
6.9159  0.5000  17.0252  0.0041  0.5000
6.9264  0.5000  16.9767  0.0041  0.5000
6.9365  0.5000  17.0193  0.0041  0.5000
6.9466  0.5000  17.2014  0.0041  0.5000
6.9565  0.5000  17.2807  0.0041  0.5000
6.9669  0.5000  17.3072  0.0041  0.5000
6.9777  0.5000  17.2543  0.0041  0.5000
6.9901  0.5000  17.3600  0.0041  0.5000
7.0010  0.5000  17.3967  0.0041  0.5000
7.0125  0.5000  17.3248  0.0041  0.5000
7.0241  0.5000  17.2925  0.0041  0.5000
7.0427  0.5000  17.3057  0.0041  0.5000
7.0526  0.5000  17.3439  0.0041  0.5000
7.0619  0.5000  17.3586  0.0041  0.5000
7.0710  0.5000  17.4467  0.0041  0.5000
7.0801  0.5000  17.4026  0.0041  0.5000
7.0894  0.5000  17.4452  0.0041  0.5000
7.0985  0.5000  17.5994  0.0041  0.5000
7.1083  0.5000  17.3586  0.0041  0.5000
7.1181  0.5000  17.3953  0.0041  0.5000
7.1279  0.5000  17.4526  0.0041  0.5000
7.1382  0.5000  17.5745  0.0041  0.5000
7.1480  0.5000  17.5480  0.0041  0.5000
7.1581  0.5000  17.7669  0.0041  0.5000
7.1681  0.5000  17.8697  0.0041  0.5000
7.1779  0.5000  18.0415  0.0041  0.5000
7.1880  0.5000  17.9651  0.0041  0.5000
7.1981  0.5000  18.1047  0.0041  0.5000
7.2093  0.5000  18.2633  0.0041  0.5000
7.2193  0.5000  18.2559  0.0041  0.5000
7.2294  0.5000  18.2310  0.0041  0.5000
7.2406  0.5000  18.0812  0.0041  0.5000
7.2495  0.5000  18.0342  0.0041  0.5000
7.2598  0.5000  17.9930  0.0041  0.5000
7.2703  0.5000  17.9945  0.0041  0.5000
7.2815  0.5000  18.1605  0.0041  0.5000
7.2922  0.5000  18.1487  0.0041  0.5000
7.3032  0.5000  18.2177  0.0041  0.5000
7.3176  0.5000  18.1898  0.0041  0.5000
7.3282  0.5000  18.1399  0.0041  0.5000
7.3389  0.5000  18.2016  0.0041  0.5000
7.3507  0.5000  18.2207  0.0041  0.5000
7.3613  0.5000  18.3206  0.0041  0.5000
7.3720  0.5000  18.2647  0.0041  0.5000
7.3825  0.5000  18.2559  0.0041  0.5000
7.3931  0.5000  18.3529  0.0041  0.5000
7.4036  0.5000  18.6863  0.0041  0.5000
7.4142  0.5000  18.6730  0.0041  0.5000
7.4244  0.5000  18.6158  0.0041  0.5000
7.4350  0.5000  18.5482  0.0041  0.5000
7.4454  0.5000  18.5262  0.0041  0.5000
7.4561  0.5000  18.3602  0.0041  0.5000
7.4675  0.5000  18.5027  0.0041  0.5000
7.4778  0.5000  18.3294  0.0041  0.5000
7.4878  0.5000  18.5174  0.0041  0.5000
7.4981  0.5000  18.6114  0.0041  0.5000
7.5084  0.5000  18.6540  0.0041  0.5000
7.5177  0.5000  18.7509  0.0041  0.5000
7.5280  0.5000  18.9066  0.0041  0.5000
7.5458  0.5000  19.0226  0.0041  0.5000
7.5571  0.5000  18.9080  0.0041  0.5000
7.5692  0.5000  18.9183  0.0041  0.5000
7.5806  0.5000  18.9242  0.0041  0.5000
7.5926  0.5000  19.0299  0.0041  0.5000
7.6026  0.5000  18.9874  0.0041  0.5000
7.6138  0.5000  19.1166  0.0041  0.5000
7.6251  0.5000  19.2253  0.0041  0.5000
7.6364  0.5000  19.3061  0.0041  0.5000
7.6481  0.5000  19.2987  0.0041  0.5000
7.6591  0.5000  19.1695  0.0041  0.5000
7.6701  0.5000  19.1695  0.0041  0.5000
7.6810  0.5000  19.2150  0.0041  0.5000
7.6927  0.5000  19.2165  0.0041  0.5000
7.7039  0.5000  19.2091  0.0041  0.5000
7.7166  0.5000  19.1944  0.0041  0.5000
7.7283  0.5000  19.3251  0.0041  0.5000
7.7397  0.5000  19.3736  0.0041  0.5000
7.7494  0.5000  19.3766  0.0041  0.5000
7.7607  0.5000  19.5631  0.0041  0.5000
7.7720  0.5000  19.5836  0.0041  0.5000
7.7838  0.5000  19.5822  0.0041  0.5000
7.7951  0.5000  19.4706  0.0041  0.5000
7.8070  0.5000  19.5220  0.0041  0.5000
7.8229  0.5000  19.5249  0.0041  0.5000
7.8350  0.5000  19.5572  0.0041  0.5000
7.8467  0.5000  19.5249  0.0041  0.5000
7.8579  0.5000  19.5616  0.0041  0.5000
7.8683  0.5000  19.7893  0.0041  0.5000
7.8802  0.5000  19.6865  0.0041  0.5000
7.8900  0.5000  19.6248  0.0041  0.5000
7.8999  0.5000  19.5484  0.0041  0.5000
7.9116  0.5000  19.6115  0.0041  0.5000
7.9228  0.5000  19.6865  0.0041  0.5000
7.9328  0.5000  19.8084  0.0041  0.5000
7.9443  0.5000  19.8627  0.0041  0.5000
7.9552  0.5000  20.0125  0.0041  0.5000
7.9663  0.5000  20.0389  0.0041  0.5000
7.9765  0.5000  20.2916  0.0041  0.5000
7.9871  0.5000  20.3268  0.0041  0.5000
7.9991  0.5000  20.2255  0.0041  0.5000
8.0126  0.5000  20.0389  0.0041  0.5000
8.0239  0.5000  19.9185  0.0041  0.5000
8.0366  0.5000  19.9582  0.0041  0.5000
8.0538  0.5000  20.0243  0.0041  0.5000
8.0645  0.5000  20.0507  0.0041  0.5000
8.0741  0.5000  20.3297  0.0041  0.5000
8.0837  0.5000  20.5207  0.0041  0.5000
8.0935  0.5000  20.3841  0.0041  0.5000
8.1019  0.5000  20.2754  0.0041  0.5000
8.1119  0.5000  20.2871  0.0041  0.5000
8.1223  0.5000  20.5251  0.0041  0.5000
8.1331  0.5000  20.4854  0.0041  0.5000
8.1437  0.5000  20.4546  0.0041  0.5000
8.1545  0.5000  20.3283  0.0041  0.5000
8.1652  0.5000  20.4972  0.0041  0.5000
8.1759  0.5000  20.5662  0.0041  0.5000
8.1870  0.5000  20.4355  0.0041  0.5000
8.1977  0.5000  20.4678  0.0041  0.5000
8.2084  0.5000  20.3268  0.0041  0.5000
8.2199  0.5000  20.4105  0.0041  0.5000
8.2301  0.5000  20.3767  0.0041  0.5000
8.2406  0.5000  20.4531  0.0041  0.5000
8.2513  0.5000  20.4502  0.0041  0.5000
8.2620  0.5000  20.6073  0.0041  0.5000
8.2729  0.5000  20.5941  0.0041  0.5000
8.2837  0.5000  20.5618  0.0041  0.5000
8.2945  0.5000  20.7234  0.0041  0.5000
8.3052  0.5000  20.7527  0.0041  0.5000
8.3161  0.5000  20.6294  0.0041  0.5000
8.3301  0.5000  20.5780  0.0041  0.5000
8.3404  0.5000  20.4149  0.0041  0.5000
8.3496  0.5000  20.5163  0.0041  0.5000
8.3599  0.5000  20.6088  0.0041  0.5000
8.3699  0.5000  20.6073  0.0041  0.5000
8.3800  0.5000  20.4472  0.0041  0.5000
8.3901  0.5000  20.4781  0.0041  0.5000
8.4005  0.5000  20.6235  0.0041  0.5000
8.4112  0.5000  20.5735  0.0041  0.5000
8.4230  0.5000  20.7792  0.0041  0.5000
8.4338  0.5000  20.8012  0.0041  0.5000
8.4446  0.5000  20.7615  0.0041  0.5000
8.4552  0.5000  20.7454  0.0041  0.5000
8.4661  0.5000  21.0479  0.0041  0.5000
8.4769  0.5000  21.0142  0.0041  0.5000
8.4881  0.5000  20.9246  0.0041  0.5000
8.4988  0.5000  20.9672  0.0041  0.5000
8.5098  0.5000  20.8394  0.0041  0.5000
8.5218  0.5000  20.8482  0.0041  0.5000
8.5334  0.5000  20.7704  0.0041  0.5000
8.5448  0.5000  20.7219  0.0041  0.5000
8.5661  0.5000  20.9657  0.0041  0.5000
8.5781  0.5000  20.9833  0.0041  0.5000
8.5886  0.5000  21.1419  0.0041  0.5000
8.5996  0.5000  21.1742  0.0041  0.5000
8.6102  0.5000  21.1405  0.0041  0.5000
8.6208  0.5000  21.1434  0.0041  0.5000
8.6316  0.5000  21.1317  0.0041  0.5000
8.6422  0.5000  21.0009  0.0041  0.5000
8.6532  0.5000  20.9525  0.0041  0.5000
8.6639  0.5000  20.9848  0.0041  0.5000
8.6733  0.5000  21.0421  0.0041  0.5000
8.6837  0.5000  21.0156  0.0041  0.5000
8.6933  0.5000  21.0758  0.0041  0.5000
8.7029  0.5000  21.1875  0.0041  0.5000
8.7119  0.5000  21.1228  0.0041  0.5000
8.7227  0.5000  21.1170  0.0041  0.5000
8.7330  0.5000  21.1052  0.0041  0.5000
8.7433  0.5000  21.1713  0.0041  0.5000
8.7540  0.5000  21.3167  0.0041  0.5000
8.7648  0.5000  21.5253  0.0041  0.5000
8.7756  0.5000  21.5561  0.0041  0.5000
8.7875  0.5000  21.5972  0.0041  0.5000
8.7983  0.5000  21.5899  0.0041  0.5000
8.8101  0.5000  21.4122  0.0041  0.5000
8.8214  0.5000  21.5914  0.0041  0.5000
8.8376  0.5000  21.4151  0.0041  0.5000
8.8480  0.5000  21.5737  0.0041  0.5000
8.8586  0.5000  21.6442  0.0041  0.5000
8.8689  0.5000  21.7529  0.0041  0.5000
8.8793  0.5000  21.6839  0.0041  0.5000
8.8897  0.5000  21.6134  0.0041  0.5000
8.9004  0.5000  21.7838  0.0041  0.5000
8.9113  0.5000  21.8910  0.0041  0.5000
8.9221  0.5000  22.0320  0.0041  0.5000
8.9331  0.5000  21.9762  0.0041  0.5000
8.9437  0.5000  21.9438  0.0041  0.5000
8.9547  0.5000  21.8689  0.0041  0.5000
8.9656  0.5000  21.9497  0.0041  0.5000
8.9801  0.5000  21.8366  0.0041  0.5000
8.9921  0.5000  21.8498  0.0041  0.5000
9.0034  0.5000  21.8263  0.0041  0.5000
9.0126  0.5000  21.8146  0.0041  0.5000
9.0214  0.5000  21.8146  0.0041  0.5000
9.0312  0.5000  21.7970  0.0041  0.5000
9.0411  0.5000  21.8895  0.0041  0.5000
9.0500  0.5000  21.7338  0.0041  0.5000
9.0676  0.5000  22.1421  0.0041  0.5000
9.0795  0.5000  22.1965  0.0041  0.5000
9.0910  0.5000  22.1876  0.0041  0.5000
9.1010  0.5000  22.1304  0.0041  0.5000
9.1116  0.5000  22.1083  0.0041  0.5000
9.1222  0.5000  21.8851  0.0041  0.5000
9.1330  0.5000  21.9938  0.0041  0.5000
9.1434  0.5000  21.9086  0.0041  0.5000
9.1546  0.5000  21.9321  0.0041  0.5000
9.1645  0.5000  21.7984  0.0041  0.5000
9.1737  0.5000  22.0232  0.0041  0.5000
9.1840  0.5000  22.0657  0.0041  0.5000
9.1947  0.5000  22.0760  0.0041  0.5000
9.2050  0.5000  22.0848  0.0041  0.5000
9.2157  0.5000  22.3095  0.0041  0.5000
9.2283  0.5000  22.3507  0.0041  0.5000
9.2389  0.5000  22.5445  0.0041  0.5000
9.2482  0.5000  22.6327  0.0041  0.5000
9.2590  0.5000  22.5093  0.0041  0.5000
9.2687  0.5000  22.5401  0.0041  0.5000
9.2792  0.5000  22.3830  0.0041  0.5000
9.2883  0.5000  22.4124  0.0041  0.5000
9.2988  0.5000  22.2919  0.0041  0.5000
9.3100  0.5000  22.2464  0.0041  0.5000
9.3199  0.5000  22.3360  0.0041  0.5000
9.3312  0.5000  22.1847  0.0041  0.5000
9.3451  0.5000  22.3154  0.0041  0.5000
9.3554  0.5000  22.4197  0.0041  0.5000
9.3654  0.5000  22.2699  0.0041  0.5000
9.3741  0.5000  22.3859  0.0041  0.5000
9.3841  0.5000  22.4652  0.0041  0.5000
9.3942  0.5000  22.5769  0.0041  0.5000
9.4052  0.5000  22.3624  0.0041  0.5000
9.4143  0.5000  22.4432  0.0041  0.5000
9.4253  0.5000  22.5827  0.0041  0.5000
9.4366  0.5000  22.4197  0.0041  0.5000
9.4478  0.5000  22.3654  0.0041  0.5000
9.4585  0.5000  22.1612  0.0041  0.5000
9.4678  0.5000  22.0011  0.0041  0.5000
9.4791  0.5000  22.1686  0.0041  0.5000
9.4884  0.5000  22.4197  0.0041  0.5000
9.4988  0.5000  22.4887  0.0041  0.5000
9.5086  0.5000  22.6650  0.0041  0.5000
9.5192  0.5000  22.7443  0.0041  0.5000
9.5298  0.5000  22.7516  0.0041  0.5000
9.5404  0.5000  22.8897  0.0041  0.5000
9.5514  0.5000  22.6650  0.0041  0.5000
9.5680  0.5000  22.5871  0.0041  0.5000
9.5777  0.5000  22.7648  0.0041  0.5000
9.5896  0.5000  22.4623  0.0041  0.5000
9.6005  0.5000  22.5871  0.0041  0.5000
9.6138  0.5000  22.6033  0.0041  0.5000
9.6250  0.5000  22.5196  0.0041  0.5000
9.6367  0.5000  22.5680  0.0041  0.5000
9.6477  0.5000  22.4594  0.0041  0.5000
9.6587  0.5000  22.4858  0.0041  0.5000
9.6697  0.5000  22.6797  0.0041  0.5000
9.6798  0.5000  22.5210  0.0041  0.5000
9.6910  0.5000  22.3977  0.0041  0.5000
9.7019  0.5000  22.3947  0.0041  0.5000
9.7130  0.5000  22.5783  0.0041  0.5000
9.7259  0.5000  22.4270  0.0041  0.5000
9.7372  0.5000  22.3463  0.0041  0.5000
9.7495  0.5000  22.3933  0.0041  0.5000
9.7611  0.5000  22.3521  0.0041  0.5000
9.7721  0.5000  22.1715  0.0041  0.5000
9.7833  0.5000  22.6973  0.0041  0.5000
9.7944  0.5000  22.6385  0.0041  0.5000
9.8058  0.5000  22.5622  0.0041  0.5000
9.8172  0.5000  22.7149  0.0041  0.5000
9.8270  0.5000  22.3859  0.0041  0.5000
9.8401  0.5000  22.3977  0.0041  0.5000
9.8545  0.5000  22.2816  0.0041  0.5000
9.8660  0.5000  22.3272  0.0041  0.5000
9.8761  0.5000  22.4740  0.0041  0.5000
9.8878  0.5000  22.2552  0.0041  0.5000
9.8984  0.5000  22.4931  0.0041  0.5000
9.9086  0.5000  22.4065  0.0041  0.5000
9.9228  0.5000  22.2537  0.0041  0.5000
9.9338  0.5000  22.4564  0.0041  0.5000
9.9484  0.5000  22.3081  0.0041  0.5000
9.9606  0.5000  22.3654  0.0041  0.5000
9.9732  0.5000  22.5049  0.0041  0.5000
9.9862  0.5000  22.6782  0.0041  0.5000
9.9961  0.5000  22.7149  0.0041  0.5000
10.0059  0.5000  22.8662  0.0041  0.5000
10.0243  0.0000  23.0204  0.4821  0.0000
10.0337  0.0000  23.0131  0.1644  0.0000
10.0433  0.0000  22.9910  -0.0379  0.0000
10.0528  0.0000  23.0836  -0.2691  0.0000
10.0622  0.0000  23.0909  -0.5008  0.0000
10.0724  0.0000  22.9249  -0.7317  0.0000
10.0823  0.0000  22.9411  -0.9335  0.0000
10.0932  0.0000  22.7781  -1.1635  0.0000
10.1026  0.0000  22.6371  -1.4214  0.0000
10.1122  0.0000  22.0364  -1.6207  0.0000
10.1219  0.0000  22.0011  -1.8439  0.0000
10.1311  0.0000  21.5693  -2.0646  0.0000
10.1394  0.0000  21.2550  -2.2540  0.0000
10.1489  0.0000  20.9818  -2.4409  0.0000
10.1581  0.0000  20.6940  -2.6257  0.0000
10.1677  0.0000  20.5236  -2.8342  0.0000
10.1772  0.0000  19.9611  -3.0144  0.0000
10.1872  0.0000  19.7951  3.0673  0.0000
10.1967  0.0000  19.7041  2.8681  0.0000
10.2069  0.0000  19.3883  2.6948  0.0000
10.2167  0.0000  19.1518  2.4758  0.0000
10.2285  0.0000  18.6657  2.2839  0.0000
10.2384  0.0000  17.9725  2.0736  0.0000
10.2484  0.0000  17.8961  1.8918  0.0000
10.2566  0.0000  17.5392  1.7113  0.0000
10.2661  0.0000  17.2396  1.5792  0.0000
10.2758  0.0000  16.8049  1.4061  0.0000
10.2862  0.0000  16.7021  1.2356  0.0000
10.2962  0.0000  16.0646  1.0680  0.0000
10.3044  0.0000  16.1586  0.9061  0.0000
10.3154  0.0000  15.4331  0.7847  0.0000
10.3251  0.0000  15.0028  0.6094  0.0000
10.3365  0.0000  15.0718  0.4578  0.0000
10.3481  0.0000  14.7927  0.2890  0.0000
10.3618  0.0000  14.0569  0.1230  0.0000
10.3715  0.0000  14.0936  -0.0737  0.0000
10.3815  0.0000  13.8866  -0.2153  0.0000
10.3900  0.0000  13.5899  -0.3546  0.0000
10.3998  0.0000  13.4812  -0.4572  0.0000
10.4100  0.0000  13.0670  -0.5924  0.0000
10.4197  0.0000  12.9466  -0.7243  0.0000
10.4281  0.0000  12.6940  -0.8547  0.0000
10.4387  0.0000  12.4737  -0.9668  0.0000
10.4479  0.0000  12.3841  -1.0925  0.0000
10.4588  0.0000  11.9934  -1.2167  0.0000
10.4690  0.0000  11.9978  -1.3373  0.0000
10.4797  0.0000  11.6644  -1.4578  0.0000
10.4903  0.0000  11.4250  -1.5901  0.0000
10.5010  0.0000  11.0696  -1.7049  0.0000
10.5103  0.0000  11.1004  -1.8309  0.0000
10.5197  0.0000  10.8449  -1.9286  0.0000
10.5359  0.0000  10.4219  -2.0367  0.0000
10.5467  0.0000  10.2471  -2.2077  0.0000
10.5572  0.0000  10.0371  -2.3105  0.0000
10.5679  0.0000  9.6964  -2.4228  0.0000
10.5792  0.0000  9.3468  -2.5202  0.0000
10.5899  0.0000  9.2925  -2.6264  0.0000
10.6015  0.0000  8.8607  -2.7318  0.0000
10.6131  0.0000  8.7490  -2.8327  0.0000
10.6228  0.0000  8.4127  -2.9316  0.0000
10.6327  0.0000  8.3040  -3.0167  0.0000
10.6431  0.0000  8.1909  -3.1004  0.0000
10.6537  0.0000  7.9692  3.1008  0.0000
10.6638  0.0000  7.4390  3.0112  0.0000
10.6745  0.0000  7.3552  2.9359  0.0000
10.6859  0.0000  6.9646  2.8627  0.0000
10.6967  0.0000  6.9514  2.7829  0.0000
10.7074  0.0000  6.7178  2.7039  0.0000
10.7178  0.0000  6.6062  2.6361  0.0000
10.7295  0.0000  6.2332  2.5618  0.0000
10.7396  0.0000  5.9908  2.4916  0.0000
10.7500  0.0000  5.8572  2.4314  0.0000
10.7606  0.0000  5.6207  2.3728  0.0000
10.7712  0.0000  5.4709  2.3090  0.0000
10.7813  0.0000  5.2359  2.2539  0.0000
10.7917  0.0000  5.1360  2.2012  0.0000
10.8016  0.0000  4.7938  2.1439  0.0000
10.8115  0.0000  4.7189  2.1018  0.0000
10.8227  0.0000  4.6352  2.0544  0.0000
10.8386  0.0000  4.3400  2.0018  0.0000
10.8492  0.0000  4.1388  1.9305  0.0000
10.8671  0.0000  3.8127  1.8895  0.0000
10.8782  0.0000  3.6350  1.8163  0.0000
10.8907  0.0000  3.4896  1.7796  0.0000
10.9016  0.0000  3.4412  1.7356  0.0000
10.9117  0.0000  3.3046  1.6969  0.0000
10.9214  0.0000  3.2488  1.6636  0.0000
10.9312  0.0000  3.1386  1.6310  0.0000
10.9413  0.0000  3.0461  1.5995  0.0000
10.9518  0.0000  2.9477  1.5689  0.0000
10.9614  0.0000  2.8096  1.5394  0.0000
10.9713  0.0000  2.7083  1.5111  0.0000
10.9813  0.0000  2.6187  1.4838  0.0000
10.9911  0.0000  2.4219  1.4578  0.0000
11.0007  0.0000  2.2853  1.4365  0.0000
11.0112  0.0000  2.1384  1.4135  0.0000
11.0206  0.0000  2.0018  1.3921  0.0000
11.0380  0.0000  1.7845  1.3720  0.0000
11.0486  0.0000  1.6611  1.3398  0.0000
11.0590  0.0000  1.5715  1.3232  0.0000
11.0686  0.0000  1.4511  1.3057  0.0000
11.0806  0.0000  1.3512  1.2928  0.0000
11.0930  0.0000  1.2543  1.2758  0.0000
11.1033  0.0000  1.1794  1.2602  0.0000
11.1148  0.0000  1.1177  1.2483  0.0000
11.1246  0.0000  1.0589  1.2356  0.0000
11.1346  0.0000  1.0002  1.2251  0.0000
11.1445  0.0000  0.9502  1.2150  0.0000
11.1531  0.0000  0.8944  1.2054  0.0000
11.1635  0.0000  0.8269  1.1988  0.0000
11.1740  0.0000  0.7373  1.1895  0.0000
11.1844  0.0000  0.6653  1.1820  0.0000
11.1939  0.0000  0.5992  1.1754  0.0000
11.2042  0.0000  0.5361  1.1694  0.0000
11.2146  0.0000  0.4759  1.1640  0.0000
11.2250  0.0000  0.4010  1.1592  0.0000
11.2368  0.0000  0.3172  1.1546  0.0000
11.2472  0.0000  0.2453  1.1510  0.0000
11.2576  0.0000  0.1645  1.1486  0.0000
11.2680  0.0000  0.0925  1.1467  0.0000
11.2784  0.0000  0.0250  1.1458  0.0000
11.2888  0.0000  -0.0397  1.1456  0.0000
11.2993  0.0000  -0.1013  1.1462  0.0000
11.3083  0.0000  -0.1483  1.1473  0.0000
11.3187  0.0000  -0.1748  1.1485  0.0000
11.3292  0.0000  -0.2012  1.1505  0.0000
11.3401  0.0000  -0.2188  1.1527  0.0000
11.3498  0.0000  -0.2365  1.1553  0.0000
11.3642  0.0000  -0.2482  1.1578  0.0000
11.3741  0.0000  -0.2453  1.1610  0.0000
11.3851  0.0000  -0.2511  1.1635  0.0000
11.3951  0.0000  -0.2497  1.1660  0.0000
11.4051  0.0000  -0.2379  1.1685  0.0000
11.4152  0.0000  -0.2306  1.1709  0.0000
11.4281  0.0000  -0.2232  1.1733  0.0000
11.4387  0.0000  -0.2041  1.1762  0.0000
11.4495  0.0000  -0.1836  1.1783  0.0000
11.4604  0.0000  -0.1660  1.1803  0.0000
11.4713  0.0000  -0.1366  1.1819  0.0000
11.4820  0.0000  -0.1146  1.1836  0.0000
11.4912  0.0000  -0.0896  1.1847  0.0000
11.5020  0.0000  -0.0720  1.1856  0.0000
11.5115  0.0000  -0.0367  1.1864  0.0000
11.5223  0.0000  -0.0206  1.1868  0.0000
11.5406  0.0000  0.0191  1.1870  0.0000
11.5517  0.0000  0.0367  1.1867  0.0000
11.5611  0.0000  0.0543  1.1862  0.0000
11.5720  0.0000  0.0602  1.1857  0.0000
11.5824  0.0000  0.0690  1.1850  0.0000
11.5946  0.0000  0.0749  1.1843  0.0000
11.6047  0.0000  0.0705  1.1834  0.0000
11.6151  0.0000  0.0749  1.1827  0.0000
11.6266  0.0000  0.0749  1.1817  0.0000
11.6357  0.0000  0.0705  1.1809  0.0000
11.6466  0.0000  0.0661  1.1803  0.0000
11.6571  0.0000  0.0602  1.1795  0.0000
11.6681  0.0000  0.0529  1.1789  0.0000
11.6787  0.0000  0.0470  1.1783  0.0000
11.6893  0.0000  0.0382  1.1779  0.0000
11.6999  0.0000  0.0250  1.1774  0.0000
11.7113  0.0000  0.0162  1.1771  0.0000
11.7217  0.0000  0.0103  1.1768  0.0000
11.7336  0.0000  0.0029  1.1768  0.0000
11.7446  0.0000  -0.0029  1.1768  0.0000
11.7551  0.0000  -0.0162  1.1769  0.0000
11.7659  0.0000  -0.0162  1.1770  0.0000
11.7765  0.0000  -0.0250  1.1772  0.0000
11.7905  0.0000  -0.0250  1.1775  0.0000
11.8002  0.0000  -0.0176  1.1778  0.0000
11.8144  0.0000  -0.0191  1.1780  0.0000
11.8243  0.0000  -0.0191  1.1783  0.0000
11.8339  0.0000  -0.0132  1.1784  0.0000
11.8433  0.0000  -0.0132  1.1786  0.0000
11.8525  0.0000  -0.0088  1.1787  0.0000
11.8652  0.0000  -0.0015  1.1788  0.0000
11.8781  0.0000  -0.0029  1.1788  0.0000
11.8889  0.0000  0.0015  1.1789  0.0000
11.8992  0.0000  0.0073  1.1789  0.0000
11.9082  0.0000  0.0088  1.1787  0.0000
11.9182  0.0000  0.0029  1.1787  0.0000
11.9286  0.0000  0.0103  1.1785  0.0000
11.9389  0.0000  0.0117  1.1785  0.0000
11.9483  0.0000  0.0059  1.1783  0.0000
11.9588  0.0000  0.0088  1.1784  0.0000
11.9695  0.0000  0.0029  1.1782  0.0000
11.9802  0.0000  0.0044  1.1781  0.0000
11.9906  0.0000  0.0029  1.1781  0.0000
12.0006  0.0000  -0.0015  1.1780  0.0000
12.0108  0.0000  -0.0015  1.1781  0.0000
12.0227  0.0000  -0.0059  1.1781  0.0000
12.0396  0.0000  -0.0015  1.1782  0.0000
12.0510  0.0000  -0.0044  1.1783  0.0000
12.0619  0.0000  -0.0044  1.1784  0.0000
12.0731  0.0000  -0.0059  1.1785  0.0000
12.0845  0.0000  0.0015  1.1785  0.0000
12.0955  0.0000  -0.0015  1.1785  0.0000
12.1077  0.0000  -0.0015  1.1786  0.0000
12.1188  0.0000  -0.0015  1.1786  0.0000
12.1298  0.0000  0.0015  1.1786  0.0000
12.1400  0.0000  0.0044  1.1786  0.0000
12.1510  0.0000  -0.0015  1.1786  0.0000
12.1615  0.0000  0.0059  1.1786  0.0000
12.1720  0.0000  0.0044  1.1785  0.0000
12.1837  0.0000  0.0000  1.1785  0.0000
12.1945  0.0000  0.0029  1.1784  0.0000
12.2051  0.0000  0.0000  1.1784  0.0000
12.2156  0.0000  0.0015  1.1784  0.0000
12.2265  0.0000  -0.0015  1.1784  0.0000
12.2380  0.0000  0.0029  1.1784  0.0000
12.2493  0.0000  -0.0015  1.1784  0.0000
12.2617  0.0000  -0.0015  1.1785  0.0000
12.2744  0.0000  -0.0015  1.1785  0.0000
12.2852  0.0000  -0.0029  1.1786  0.0000
12.2960  0.0000  -0.0044  1.1786  0.0000
12.3071  0.0000  -0.0015  1.1787  0.0000
12.3177  0.0000  -0.0044  1.1787  0.0000
12.3285  0.0000  -0.0015  1.1787  0.0000
12.3394  0.0000  -0.0015  1.1787  0.0000
12.3500  0.0000  -0.0015  1.1787  0.0000
12.3624  0.0000  -0.0015  1.1787  0.0000
12.3769  0.0000  -0.0015  1.1788  0.0000
12.3883  0.0000  0.0015  1.1787  0.0000
12.3994  0.0000  -0.0015  1.1787  0.0000
12.4103  0.0000  -0.0015  1.1787  0.0000
12.4211  0.0000  0.0044  1.1787  0.0000
12.4315  0.0000  -0.0015  1.1787  0.0000
12.4416  0.0000  -0.0029  1.1787  0.0000
12.4516  0.0000  0.0000  1.1787  0.0000
12.4616  0.0000  0.0000  1.1788  0.0000
12.4717  0.0000  -0.0015  1.1787  0.0000
12.4821  0.0000  -0.0015  1.1788  0.0000
12.4926  0.0000  0.0015  1.1788  0.0000
12.5027  0.0000  -0.0015  1.1788  0.0000
12.5139  0.0000  -0.0015  1.1788  0.0000
12.5248  0.0000  -0.0015  1.1789  0.0000
12.5413  0.0000  0.0015  1.1788  0.0000
12.5510  0.0000  0.0015  1.1789  0.0000
12.5609  0.0000  -0.0015  1.1788  0.0000
12.5711  0.0000  -0.0015  1.1789  0.0000
12.5809  0.0000  -0.0015  1.1789  0.0000
12.5914  0.0000  -0.0015  1.1789  0.0000
12.6017  0.0000  0.0000  1.1788  0.0000
12.6115  0.0000  -0.0015  1.1788  0.0000
12.6233  0.0000  -0.0029  1.1788  0.0000
12.6345  0.0000  -0.0044  1.1789  0.0000
12.6446  0.0000  -0.0059  1.1789  0.0000
12.6551  0.0000  -0.0015  1.1790  0.0000
12.6660  0.0000  0.0000  1.1790  0.0000
12.6768  0.0000  -0.0015  1.1790  0.0000
12.6873  0.0000  -0.0015  1.1790  0.0000
12.6980  0.0000  -0.0015  1.1790  0.0000
12.7080  0.0000  0.0000  1.1790  0.0000
12.7204  0.0000  0.0000  1.1790  0.0000
12.7352  0.0000  0.0000  1.1791  0.0000
12.7501  0.0000  -0.0015  1.1790  0.0000
12.7608  0.0000  0.0000  1.1790  0.0000
12.7707  0.0000  0.0015  1.1791  0.0000
12.7805  0.0000  0.0000  1.1790  0.0000
12.7906  0.0000  -0.0015  1.1791  0.0000
12.8009  0.0000  -0.0015  1.1791  0.0000
12.8113  0.0000  -0.0015  1.1791  0.0000
12.8216  0.0000  0.0000  1.1791  0.0000
12.8316  0.0000  -0.0044  1.1791  0.0000
12.8407  0.0000  -0.0015  1.1791  0.0000
12.8509  0.0000  -0.0015  1.1791  0.0000
12.8611  0.0000  0.0000  1.1791  0.0000
12.8724  0.0000  -0.0044  1.1791  0.0000
12.8849  0.0000  0.0000  1.1791  0.0000
12.8963  0.0000  -0.0015  1.1791  0.0000
12.9062  0.0000  -0.0015  1.1791  0.0000
12.9159  0.0000  -0.0015  1.1792  0.0000
12.9258  0.0000  -0.0015  1.1793  0.0000
12.9364  0.0000  -0.0015  1.1793  0.0000
12.9451  0.0000  -0.0015  1.1793  0.0000
12.9557  0.0000  0.0000  1.1793  0.0000
12.9646  0.0000  -0.0015  1.1793  0.0000
12.9751  0.0000  0.0029  1.1792  0.0000
12.9859  0.0000  -0.0044  1.1793  0.0000
12.9962  0.0000  0.0000  1.1793  0.0000
13.0069  0.0000  -0.0015  1.1793  0.0000
13.0163  0.0000  0.0000  1.1793  0.0000
13.0260  0.0000  -0.0015  1.1794  0.0000
13.0450  0.0000  -0.0015  1.1793  0.0000
13.0554  0.0000  -0.0015  1.1793  0.0000
13.0660  0.0000  -0.0015  1.1794  0.0000
13.0767  0.0000  0.0000  1.1794  0.0000
13.0874  0.0000  0.0015  1.1794  0.0000
13.0996  0.0000  -0.0015  1.1794  0.0000
13.1113  0.0000  0.0000  1.1794  0.0000
13.1213  0.0000  -0.0015  1.1795  0.0000
13.1327  0.0000  0.0015  1.1795  0.0000
13.1433  0.0000  -0.0015  1.1794  0.0000
13.1544  0.0000  -0.0029  1.1795  0.0000
13.1650  0.0000  -0.0015  1.1795  0.0000
13.1742  0.0000  -0.0015  1.1795  0.0000
13.1847  0.0000  -0.0015  1.1795  0.0000
13.1955  0.0000  -0.0029  1.1795  0.0000
13.2064  0.0000  -0.0015  1.1795  0.0000
13.2174  0.0000  -0.0015  1.1796  0.0000
13.2270  0.0000  0.0029  1.1796  0.0000
13.2375  0.0000  -0.0015  1.1796  0.0000
13.2499  0.0000  0.0015  1.1796  0.0000
13.2605  0.0000  -0.0015  1.1796  0.0000
13.2713  0.0000  0.0000  1.1796  0.0000
13.2820  0.0000  -0.0015  1.1796  0.0000
13.2929  0.0000  0.0000  1.1796  0.0000
13.3035  0.0000  -0.0015  1.1797  0.0000
13.3143  0.0000  -0.0015  1.1797  0.0000
13.3252  0.0000  -0.0015  1.1796  0.0000
13.3364  0.0000  -0.0015  1.1797  0.0000
13.3485  0.0000  0.0015  1.1797  0.0000
13.3592  0.0000  0.0000  1.1797  0.0000
13.3685  0.0000  0.0000  1.1797  0.0000
13.3809  0.0000  0.0000  1.1797  0.0000
13.3948  0.0000  0.0000  1.1797  0.0000
13.4051  0.0000  -0.0015  1.1797  0.0000
13.4144  0.0000  -0.0044  1.1798  0.0000
13.4251  0.0000  0.0000  1.1798  0.0000
13.4346  0.0000  0.0000  1.1797  0.0000
13.4453  0.0000  0.0000  1.1798  0.0000
13.4564  0.0000  -0.0015  1.1798  0.0000
13.4677  0.0000  0.0029  1.1798  0.0000
13.4784  0.0000  0.0000  1.1798  0.0000
13.4892  0.0000  0.0015  1.1798  0.0000
13.4999  0.0000  0.0000  1.1798  0.0000
13.5107  0.0000  -0.0015  1.1798  0.0000
13.5217  0.0000  0.0000  1.1798  0.0000
13.5322  0.0000  -0.0015  1.1799  0.0000
13.5481  0.0000  -0.0015  1.1799  0.0000
13.5587  0.0000  0.0015  1.1799  0.0000
13.5693  0.0000  0.0015  1.1798  0.0000
13.5798  0.0000  0.0000  1.1799  0.0000
13.5904  0.0000  -0.0015  1.1798  0.0000
13.6011  0.0000  -0.0015  1.1799  0.0000
13.6134  0.0000  -0.0015  1.1799  0.0000
13.6263  0.0000  -0.0015  1.1799  0.0000
13.6402  0.0000  0.0015  1.1800  0.0000
13.6506  0.0000  -0.0015  1.1800  0.0000
13.6621  0.0000  -0.0015  1.1800  0.0000
13.6719  0.0000  0.0000  1.1800  0.0000
13.6821  0.0000  -0.0015  1.1800  0.0000
13.6920  0.0000  0.0015  1.1800  0.0000
13.7018  0.0000  0.0029  1.1800  0.0000
13.7130  0.0000  -0.0015  1.1800  0.0000
13.7249  0.0000  -0.0015  1.1800  0.0000
13.7371  0.0000  0.0000  1.1800  0.0000
13.7516  0.0000  0.0000  1.1800  0.0000
13.7633  0.0000  0.0015  1.1800  0.0000
13.7738  0.0000  0.0044  1.1800  0.0000
13.7847  0.0000  0.0000  1.1800  0.0000
13.7956  0.0000  -0.0015  1.1800  0.0000
13.8049  0.0000  0.0000  1.1800  0.0000
13.8153  0.0000  0.0000  1.1800  0.0000
13.8249  0.0000  -0.0015  1.1801  0.0000
13.8358  0.0000  0.0015  1.1800  0.0000
13.8459  0.0000  -0.0015  1.1800  0.0000
13.8558  0.0000  0.0000  1.1800  0.0000
13.8658  0.0000  0.0000  1.1801  0.0000
13.8782  0.0000  0.0015  1.1801  0.0000
13.8888  0.0000  -0.0015  1.1801  0.0000
13.9011  0.0000  0.0000  1.1801  0.0000
13.9111  0.0000  -0.0015  1.1801  0.0000
13.9208  0.0000  -0.0015  1.1801  0.0000
13.9304  0.0000  0.0000  1.1801  0.0000
13.9399  0.0000  -0.0015  1.1802  0.0000
13.9485  0.0000  -0.0015  1.1802  0.0000
13.9583  0.0000  0.0015  1.1801  0.0000
13.9680  0.0000  0.0000  1.1802  0.0000
13.9777  0.0000  0.0015  1.1802  0.0000
13.9872  0.0000  -0.0015  1.1802  0.0000
13.9969  0.0000  0.0000  1.1802  0.0000
14.0065  0.0000  0.0000  1.1802  0.0000
14.0160  0.0000  0.0015  1.1802  0.0000
14.0257  0.0000  -0.0015  1.1802  0.0000
14.0352  0.0000  -0.0015  1.1802  0.0000
14.0517  0.0000  -0.0015  1.1802  0.0000
14.0615  0.0000  0.0015  1.1803  0.0000
14.0724  0.0000  -0.0015  1.1803  0.0000
14.0837  0.0000  -0.0015  1.1802  0.0000
14.0940  0.0000  -0.0015  1.1802  0.0000
14.1041  0.0000  0.0000  1.1803  0.0000
14.1144  0.0000  0.0000  1.1803  0.0000
14.1246  0.0000  0.0015  1.1803  0.0000
14.1358  0.0000  0.0000  1.1803  0.0000
14.1450  0.0000  -0.0015  1.1803  0.0000
14.1552  0.0000  -0.0015  1.1803  0.0000
14.1651  0.0000  -0.0015  1.1804  0.0000
14.1756  0.0000  -0.0015  1.1804  0.0000
14.1855  0.0000  -0.0015  1.1804  0.0000
14.1954  0.0000  0.0015  1.1804  0.0000
14.2047  0.0000  -0.0015  1.1804  0.0000
14.2143  0.0000  -0.0015  1.1804  0.0000
14.2239  0.0000  0.0000  1.1804  0.0000
14.2339  0.0000  -0.0015  1.1804  0.0000
14.2441  0.0000  0.0000  1.1804  0.0000
14.2550  0.0000  -0.0015  1.1804  0.0000
14.2648  0.0000  -0.0015  1.1804  0.0000
14.2750  0.0000  0.0000  1.1805  0.0000
14.2850  0.0000  0.0015  1.1804  0.0000
14.2950  0.0000  -0.0015  1.1804  0.0000
14.3037  0.0000  0.0000  1.1805  0.0000
14.3138  0.0000  -0.0015  1.1804  0.0000
14.3244  0.0000  -0.0015  1.1804  0.0000
14.3353  0.0000  0.0015  1.1805  0.0000
14.3460  0.0000  0.0015  1.1805  0.0000
14.3570  0.0000  0.0000  1.1805  0.0000
14.3679  0.0000  0.0015  1.1805  0.0000
14.3786  0.0000  0.0015  1.1805  0.0000
14.3900  0.0000  0.0015  1.1805  0.0000
14.4044  0.0000  -0.0015  1.1806  0.0000
14.4170  0.0000  0.0000  1.1806  0.0000
14.4281  0.0000  -0.0015  1.1806  0.0000
14.4379  0.0000  -0.0015  1.1806  0.0000
14.4479  0.0000  -0.0015  1.1806  0.0000
14.4580  0.0000  -0.0015  1.1805  0.0000
14.4683  0.0000  -0.0015  1.1805  0.0000
14.4788  0.0000  -0.0015  1.1806  0.0000
14.4917  0.0000  0.0000  1.1806  0.0000
14.5019  0.0000  -0.0015  1.1806  0.0000
14.5115  0.0000  -0.0015  1.1806  0.0000
14.5200  0.0000  -0.0015  1.1807  0.0000
14.5295  0.0000  -0.0015  1.1807  0.0000
14.5392  0.0000  -0.0015  1.1807  0.0000
14.5543  0.0000  -0.0015  1.1807  0.0000
14.5644  0.0000  0.0000  1.1807  0.0000
14.5747  0.0000  0.0000  1.1807  0.0000
14.5851  0.0000  0.0000  1.1807  0.0000
14.5954  0.0000  0.0000  1.1807  0.0000
14.6058  0.0000  -0.0015  1.1807  0.0000
14.6162  0.0000  0.0015  1.1807  0.0000
14.6266  0.0000  -0.0029  1.1807  0.0000
14.6365  0.0000  -0.0015  1.1807  0.0000
14.6473  0.0000  -0.0015  1.1807  0.0000
14.6582  0.0000  -0.0015  1.1807  0.0000
14.6689  0.0000  -0.0029  1.1808  0.0000
14.6796  0.0000  -0.0015  1.1808  0.0000
14.6905  0.0000  0.0000  1.1808  0.0000
14.7014  0.0000  0.0015  1.1808  0.0000
14.7124  0.0000  -0.0015  1.1807  0.0000
14.7231  0.0000  -0.0015  1.1807  0.0000
14.7335  0.0000  -0.0015  1.1807  0.0000
14.7440  0.0000  -0.0015  1.1807  0.0000
14.7560  0.0000  0.0000  1.1808  0.0000
14.7681  0.0000  0.0015  1.1808  0.0000
14.7798  0.0000  -0.0029  1.1808  0.0000
14.7915  0.0000  -0.0015  1.1808  0.0000
14.8030  0.0000  -0.0015  1.1808  0.0000
14.8133  0.0000  0.0000  1.1808  0.0000
14.8234  0.0000  0.0000  1.1809  0.0000
14.8337  0.0000  0.0029  1.1807  0.0000
14.8441  0.0000  0.0000  1.1807  0.0000
14.8544  0.0000  0.0015  1.1809  0.0000
14.8647  0.0000  0.0000  1.1809  0.0000
14.8757  0.0000  -0.0015  1.1808  0.0000
14.8867  0.0000  -0.0015  1.1808  0.0000
14.8981  0.0000  -0.0015  1.1808  0.0000
14.9151  0.0000  0.0000  1.1809  0.0000
14.9272  0.0000  0.0000  1.1809  0.0000
14.9372  0.0000  -0.0015  1.1809  0.0000
14.9494  0.0000  0.0000  1.1809  0.0000
14.9598  0.0000  0.0015  1.1810  0.0000
14.9703  0.0000  0.0000  1.1809  0.0000
14.9818  0.0000  0.0000  1.1809  0.0000
14.9935  0.0000  -0.0015  1.1809  0.0000
15.0027  0.0000  -0.0015  1.1809  0.0000
15.0153  0.0000  -0.0015  1.1809  0.0000
15.0323  0.0000  -0.0015  1.1810  0.0000
15.0428  0.0000  -0.0015  1.1810  0.0000
15.0631  0.0000  -0.0015  1.1810  0.0000
15.0741  0.0000  0.0015  1.1810  0.0000
15.0851  0.0000  0.0000  1.1811  0.0000
15.0981  0.0000  0.0000  1.1811  0.0000
15.1091  0.0000  0.0000  1.1811  0.0000
15.1197  0.0000  -0.0015  1.1811  0.0000
