0.0351  0.0000  -0.0006  0.0006  0.0000
0.0429  0.0000  -0.0006  0.0006  0.0000
0.0503  0.0000  -0.0006  0.0006  0.0000
0.0581  0.0000  -0.0006  0.0006  0.0000
0.0647  0.0000  -0.0006  0.0006  0.0000
0.0707  0.0000  -0.0005  0.0005  0.0000
0.0771  0.0000  -0.0005  0.0005  0.0000
0.0833  0.0000  -0.0005  0.0005  0.0000
0.0896  0.0000  -0.0005  0.0005  0.0000
0.0979  0.0000  -0.0005  0.0005  0.0000
0.1052  0.0000  -0.0005  0.0005  0.0000
0.1128  0.0000  -0.0005  0.0005  0.0000
0.1204  0.0000  -0.0006  0.0006  0.0000
0.1285  0.0000  -0.0006  0.0006  0.0000
0.1352  0.0000  -0.0006  0.0006  0.0000
0.1415  0.0000  -0.0006  0.0006  0.0000
0.1489  0.0000  -0.0005  0.0005  0.0000
0.1569  0.0000  -0.0006  0.0006  0.0000
0.1673  0.0000  -0.0006  0.0006  0.0000
0.1729  0.0000  -0.0006  0.0006  0.0000
0.1815  0.0000  -0.0006  0.0006  0.0000
0.1884  0.0000  -0.0006  0.0006  0.0000
0.1952  0.0000  -0.0006  0.0006  0.0000
0.2023  0.0000  -0.0006  0.0006  0.0000
0.2089  0.0000  -0.0006  0.0006  0.0000
0.2166  0.0000  -0.0006  0.0006  0.0000
0.2243  0.0000  -0.0006  0.0006  0.0000
0.2304  0.0000  -0.0006  0.0006  0.0000
0.2374  0.0000  -0.0006  0.0006  0.0000
0.2430  0.0000  -0.0006  0.0006  0.0000
0.2503  0.0000  -0.0006  0.0006  0.0000
0.2575  0.0000  -0.0007  0.0007  0.0000
0.2630  0.0000  -0.0007  0.0007  0.0000
0.2706  0.0000  -0.0007  0.0007  0.0000
0.2779  0.0000  -0.0007  0.0007  0.0000
0.2871  0.0000  -0.0007  0.0007  0.0000
0.2927  0.0000  -0.0007  0.0007  0.0000
0.3006  0.0000  -0.0007  0.0007  0.0000
0.3083  0.0000  -0.0007  0.0007  0.0000
0.3158  0.0000  -0.0007  0.0007  0.0000
0.3218  0.0000  -0.0007  0.0007  0.0000
0.3290  0.0000  -0.0007  0.0007  0.0000
0.3356  0.0000  -0.0007  0.0007  0.0000
0.3423  0.0000  -0.0007  0.0007  0.0000
0.3490  0.0000  -0.0007  0.0007  0.0000
0.3559  0.0000  -0.0007  0.0007  0.0000
0.3628  0.0000  -0.0006  0.0006  0.0000
0.3705  0.0000  -0.0006  0.0006  0.0000
0.3779  0.0000  -0.0006  0.0006  0.0000
0.3836  0.0000  -0.0007  0.0007  0.0000
0.3910  0.0000  -0.0007  0.0007  0.0000
0.3969  0.0000  -0.0007  0.0007  0.0000
0.4041  0.0000  -0.0006  0.0006  0.0000
0.4111  0.0000  -0.0007  0.0007  0.0000
0.4171  0.0000  -0.0007  0.0007  0.0000
0.4254  0.0000  -0.0007  0.0007  0.0000
0.4322  0.0000  -0.0006  0.0006  0.0000
0.4381  0.0000  -0.0006  0.0006  0.0000
0.4446  0.0000  -0.0006  0.0006  0.0000
0.4529  0.0000  -0.0006  0.0006  0.0000
0.4594  0.0000  -0.0006  0.0006  0.0000
0.4691  0.0000  -0.0006  0.0006  0.0000
0.4761  0.0000  -0.0006  0.0006  0.0000
0.4829  0.0000  -0.0006  0.0006  0.0000
0.4903  0.0000  -0.0006  0.0006  0.0000
0.4985  0.0000  -0.0006  0.0006  0.0000
0.5061  0.0000  -0.0006  0.0006  0.0000
0.5134  0.0000  -0.0007  0.0007  0.0000
0.5193  0.0000  -0.0007  0.0007  0.0000
0.5377  0.0000  -0.0007  0.0007  0.0000
0.5446  0.0000  -0.0007  0.0007  0.0000
0.5516  0.0000  -0.0007  0.0007  0.0000
0.5570  0.0000  -0.0007  0.0007  0.0000
0.5623  0.0000  -0.0007  0.0007  0.0000
0.5677  0.0000  -0.0007  0.0007  0.0000
0.5731  0.0000  -0.0007  0.0007  0.0000
0.5789  0.0000  -0.0007  0.0007  0.0000
0.5853  0.0000  -0.0007  0.0007  0.0000
0.5926  0.0000  -0.0007  0.0007  0.0000
0.5997  0.0000  -0.0007  0.0007  0.0000
0.6065  0.0000  -0.0007  0.0007  0.0000
0.6135  0.0000  -0.0007  0.0007  0.0000
0.6200  0.0000  -0.0007  0.0007  0.0000
0.6268  0.0000  -0.0007  0.0007  0.0000
0.6335  0.0000  -0.0007  0.0007  0.0000
0.6406  0.0000  -0.0007  0.0007  0.0000
0.6472  0.0000  -0.0007  0.0007  0.0000
0.6538  0.0000  -0.0007  0.0007  0.0000
0.6604  0.0000  -0.0007  0.0007  0.0000
0.6672  0.0000  -0.0007  0.0007  0.0000
0.6744  0.0000  -0.0007  0.0007  0.0000
0.6810  0.0000  -0.0007  0.0007  0.0000
0.6891  0.0000  -0.0007  0.0007  0.0000
0.6964  0.0000  -0.0007  0.0007  0.0000
0.7039  0.0000  -0.0007  0.0007  0.0000
0.7105  0.0000  -0.0007  0.0007  0.0000
0.7176  0.0000  -0.0007  0.0007  0.0000
0.7242  0.0000  -0.0007  0.0007  0.0000
0.7308  0.0000  -0.0007  0.0007  0.0000
0.7375  0.0000  -0.0007  0.0007  0.0000
0.7443  0.0000  -0.0006  0.0006  0.0000
0.7510  0.0000  -0.0006  0.0006  0.0000
0.7576  0.0000  -0.0006  0.0006  0.0000
0.7641  0.0000  -0.0006  0.0006  0.0000
0.7706  0.0000  -0.0006  0.0006  0.0000
0.7771  0.0000  -0.0006  0.0006  0.0000
0.7837  0.0000  -0.0006  0.0006  0.0000
0.7901  0.0000  -0.0007  0.0007  0.0000
0.7969  0.0000  -0.0007  0.0007  0.0000
0.8035  0.0000  -0.0007  0.0007  0.0000
0.8101  0.0000  -0.0007  0.0007  0.0000
0.8168  0.0000  -0.0007  0.0007  0.0000
0.8235  0.0000  -0.0007  0.0007  0.0000
0.8301  0.0000  -0.0007  0.0007  0.0000
0.8368  0.0000  -0.0007  0.0007  0.0000
0.8434  0.0000  -0.0007  0.0007  0.0000
0.8507  0.0000  -0.0007  0.0007  0.0000
0.8580  0.0000  -0.0006  0.0006  0.0000
0.8645  0.0000  -0.0006  0.0006  0.0000
0.8710  0.0000  -0.0006  0.0006  0.0000
0.8774  0.0000  -0.0006  0.0006  0.0000
0.8832  0.0000  -0.0006  0.0006  0.0000
0.8890  0.0000  -0.0007  0.0007  0.0000
0.8955  0.0000  -0.0007  0.0007  0.0000
0.9024  0.0000  -0.0007  0.0007  0.0000
0.9090  0.0000  -0.0007  0.0007  0.0000
0.9172  0.0000  -0.0007  0.0007  0.0000
0.9270  0.0000  -0.0007  0.0007  0.0000
0.9339  0.0000  -0.0007  0.0007  0.0000
0.9411  0.0000  -0.0007  0.0007  0.0000
0.9478  0.0000  -0.0007  0.0007  0.0000
0.9552  0.0000  -0.0007  0.0007  0.0000
0.9626  0.0000  -0.0007  0.0007  0.0000
0.9693  0.0000  -0.0007  0.0007  0.0000
0.9758  0.0000  -0.0007  0.0007  0.0000
0.9827  0.0000  -0.0007  0.0007  0.0000
0.9901  0.0000  -0.0007  0.0007  0.0000
0.9970  0.0000  -0.0007  0.0007  0.0000
1.0028  0.0000  -0.0007  0.0007  0.0000
1.0094  0.0000  -0.0007  0.0007  0.0000
1.0160  0.0000  -0.0007  0.0007  0.0000
1.0227  0.0000  -0.0007  0.0007  0.0000
1.0399  0.0000  -0.0007  0.0007  0.0000
1.0466  0.0000  -0.0007  0.0007  0.0000
1.0532  0.0000  -0.0007  0.0007  0.0000
1.0597  0.0000  -0.0007  0.0007  0.0000
1.0674  0.0000  -0.0007  0.0007  0.0000
1.0740  0.0000  -0.0007  0.0007  0.0000
1.0806  0.0000  -0.0007  0.0007  0.0000
1.0871  0.0000  -0.0007  0.0007  0.0000
1.0937  0.0000  -0.0007  0.0007  0.0000
1.1003  0.0000  -0.0007  0.0007  0.0000
1.1069  0.0000  -0.0007  0.0007  0.0000
1.1135  0.0000  -0.0007  0.0007  0.0000
1.1205  0.0000  -0.0007  0.0007  0.0000
1.1269  0.0000  -0.0007  0.0007  0.0000
1.1335  0.0000  -0.0007  0.0007  0.0000
1.1404  0.0000  -0.0007  0.0007  0.0000
1.1467  0.0000  -0.0007  0.0007  0.0000
1.1529  0.0000  -0.0007  0.0007  0.0000
1.1590  0.0000  -0.0007  0.0007  0.0000
1.1659  0.0000  -0.0007  0.0007  0.0000
1.1721  0.0000  -0.0007  0.0007  0.0000
1.1781  0.0000  -0.0007  0.0007  0.0000
1.1873  0.0000  -0.0007  0.0007  0.0000
1.1930  0.0000  -0.0007  0.0007  0.0000
1.2012  0.0000  -0.0007  0.0007  0.0000
1.2076  0.0000  -0.0007  0.0007  0.0000
1.2138  0.0000  -0.0007  0.0007  0.0000
1.2201  0.0000  -0.0007  0.0007  0.0000
1.2264  0.0000  -0.0007  0.0007  0.0000
1.2327  0.0000  -0.0007  0.0007  0.0000
1.2390  0.0000  -0.0007  0.0007  0.0000
1.2452  0.0000  -0.0007  0.0007  0.0000
1.2513  0.0000  -0.0007  0.0007  0.0000
1.2576  0.0000  -0.0007  0.0007  0.0000
1.2639  0.0000  -0.0008  0.0008  0.0000
1.2701  0.0000  -0.0007  0.0007  0.0000
1.2765  0.0000  -0.0007  0.0007  0.0000
1.2829  0.0000  -0.0008  0.0008  0.0000
1.2891  0.0000  -0.0008  0.0008  0.0000
1.2952  0.0000  -0.0008  0.0008  0.0000
1.3015  0.0000  -0.0008  0.0008  0.0000
1.3076  0.0000  -0.0008  0.0008  0.0000
1.3139  0.0000  -0.0008  0.0008  0.0000
1.3201  0.0000  -0.0008  0.0008  0.0000
1.3262  0.0000  -0.0008  0.0008  0.0000
1.3324  0.0000  -0.0007  0.0007  0.0000
1.3383  0.0000  -0.0007  0.0007  0.0000
1.3446  0.0000  -0.0007  0.0007  0.0000
1.3509  0.0000  -0.0007  0.0007  0.0000
1.3571  0.0000  -0.0008  0.0008  0.0000
1.3633  0.0000  -0.0008  0.0008  0.0000
1.3694  0.0000  -0.0007  0.0007  0.0000
1.3757  0.0000  -0.0007  0.0007  0.0000
1.3819  0.0000  -0.0007  0.0007  0.0000
1.3881  0.0000  -0.0007  0.0007  0.0000
1.3942  0.0000  -0.0007  0.0007  0.0000
1.4006  0.0000  -0.0007  0.0007  0.0000
1.4068  0.0000  -0.0008  0.0008  0.0000
1.4129  0.0000  -0.0008  0.0008  0.0000
1.4193  0.0000  -0.0007  0.0007  0.0000
1.4278  0.0000  -0.0007  0.0007  0.0000
1.4344  0.0000  -0.0008  0.0008  0.0000
1.4416  0.0000  -0.0007  0.0007  0.0000
1.4478  0.0000  -0.0007  0.0007  0.0000
1.4550  0.0000  -0.0008  0.0008  0.0000
1.4612  0.0000  -0.0007  0.0007  0.0000
1.4676  0.0000  -0.0007  0.0007  0.0000
1.4742  0.0000  -0.0008  0.0008  0.0000
1.4806  0.0000  -0.0008  0.0008  0.0000
1.4866  0.0000  -0.0008  0.0008  0.0000
1.4929  0.0000  -0.0007  0.0007  0.0000
1.5001  0.0000  -0.0008  0.0008  0.0000
1.5084  0.0000  -0.0007  0.0007  0.0000
1.5152  0.0000  -0.0008  0.0008  0.0000
1.5258  0.0000  -0.0008  0.0008  0.0000
1.5480  0.0000  -0.0008  0.0008  0.0000
1.5542  0.0000  -0.0008  0.0008  0.0000
1.5590  0.0000  -0.0008  0.0008  0.0000
1.5654  0.0000  -0.0008  0.0008  0.0000
1.5716  0.0000  -0.0008  0.0008  0.0000
1.5777  0.0000  -0.0008  0.0008  0.0000
1.5839  0.0000  -0.0008  0.0008  0.0000
1.5901  0.0000  -0.0008  0.0008  0.0000
1.5964  0.0000  -0.0008  0.0008  0.0000
1.6024  0.0000  -0.0008  0.0008  0.0000
1.6082  0.0000  -0.0008  0.0008  0.0000
1.6139  0.0000  -0.0007  0.0007  0.0000
1.6199  0.0000  -0.0007  0.0007  0.0000
1.6259  0.0000  -0.0008  0.0008  0.0000
1.6317  0.0000  -0.0008  0.0008  0.0000
1.6376  0.0000  -0.0008  0.0008  0.0000
1.6446  0.0000  -0.0008  0.0008  0.0000
1.6506  0.0000  -0.0008  0.0008  0.0000
1.6562  0.0000  -0.0008  0.0008  0.0000
1.6634  0.0000  -0.0008  0.0008  0.0000
1.6699  0.0000  -0.0008  0.0008  0.0000
1.6752  0.0000  -0.0008  0.0008  0.0000
1.6807  0.0000  -0.0008  0.0008  0.0000
1.6878  0.0000  -0.0008  0.0008  0.0000
1.6947  0.0000  -0.0008  0.0008  0.0000
1.7023  0.0000  -0.0008  0.0008  0.0000
1.7085  0.0000  -0.0008  0.0008  0.0000
1.7134  0.0000  -0.0008  0.0008  0.0000
1.7200  0.0000  -0.0007  0.0007  0.0000
1.7264  0.0000  -0.0007  0.0007  0.0000
1.7328  0.0000  -0.0008  0.0008  0.0000
1.7392  0.0000  -0.0008  0.0008  0.0000
1.7457  0.0000  -0.0008  0.0008  0.0000
1.7520  0.0000  -0.0008  0.0008  0.0000
1.7582  0.0000  -0.0008  0.0008  0.0000
1.7650  0.0000  -0.0008  0.0008  0.0000
1.7718  0.0000  -0.0008  0.0008  0.0000
1.7778  0.0000  -0.0008  0.0008  0.0000
1.7841  0.0000  -0.0008  0.0008  0.0000
1.7917  0.0000  -0.0008  0.0008  0.0000
1.7980  0.0000  -0.0008  0.0008  0.0000
1.8045  0.0000  -0.0007  0.0007  0.0000
1.8108  0.0000  -0.0007  0.0007  0.0000
1.8171  0.0000  -0.0007  0.0007  0.0000
1.8234  0.0000  -0.0007  0.0007  0.0000
1.8301  0.0000  -0.0007  0.0007  0.0000
1.8367  0.0000  -0.0007  0.0007  0.0000
1.8429  0.0000  -0.0007  0.0007  0.0000
1.8491  0.0000  -0.0008  0.0008  0.0000
1.8558  0.0000  -0.0008  0.0008  0.0000
1.8623  0.0000  -0.0007  0.0007  0.0000
1.8686  0.0000  -0.0007  0.0007  0.0000
1.8749  0.0000  -0.0007  0.0007  0.0000
1.8811  0.0000  -0.0007  0.0007  0.0000
1.8875  0.0000  -0.0007  0.0007  0.0000
1.8938  0.0000  -0.0007  0.0007  0.0000
1.9001  0.0000  -0.0007  0.0007  0.0000
1.9064  0.0000  -0.0008  0.0008  0.0000
1.9126  0.0000  -0.0008  0.0008  0.0000
1.9190  0.0000  -0.0007  0.0007  0.0000
1.9254  0.0000  -0.0008  0.0008  0.0000
1.9317  0.0000  -0.0008  0.0008  0.0000
1.9381  0.0000  -0.0008  0.0008  0.0000
1.9458  0.0000  -0.0008  0.0008  0.0000
1.9530  0.0000  -0.0007  0.0007  0.0000
1.9615  0.0000  -0.0007  0.0007  0.0000
1.9682  0.0000  -0.0007  0.0007  0.0000
1.9744  0.0000  -0.0006  0.0006  0.0000
1.9809  0.0000  -0.0006  0.0006  0.0000
1.9876  0.0000  -0.0006  0.0006  0.0000
1.9939  0.0000  -0.0007  0.0007  0.0000
2.0009  0.0000  -0.0007  0.0007  0.0000
2.0072  0.0000  -0.0008  0.0008  0.0000
2.0135  0.0000  -0.0008  0.0008  0.0000
2.0204  0.0000  -0.0008  0.0008  0.0000
2.0269  0.0000  -0.0008  0.0008  0.0000
2.0330  0.0000  -0.0008  0.0008  0.0000
2.0503  0.0000  -0.0007  0.0007  0.0000
2.0565  0.0000  -0.0007  0.0007  0.0000
2.0629  0.0000  -0.0007  0.0007  0.0000
2.0692  0.0000  -0.0007  0.0007  0.0000
2.0754  0.0000  -0.0007  0.0007  0.0000
2.0817  0.0000  -0.0007  0.0007  0.0000
2.0880  0.0000  -0.0007  0.0007  0.0000
2.0943  0.0000  -0.0007  0.0007  0.0000
2.1012  0.0000  -0.0007  0.0007  0.0000
2.1077  0.0000  -0.0007  0.0007  0.0000
2.1140  0.0000  -0.0007  0.0007  0.0000
2.1207  0.0000  -0.0007  0.0007  0.0000
2.1271  0.0000  -0.0007  0.0007  0.0000
2.1336  0.0000  -0.0007  0.0007  0.0000
2.1401  0.0000  -0.0007  0.0007  0.0000
2.1468  0.0000  -0.0007  0.0007  0.0000
2.1535  0.0000  -0.0007  0.0007  0.0000
2.1604  0.0000  -0.0007  0.0007  0.0000
2.1671  0.0000  -0.0007  0.0007  0.0000
2.1721  0.0000  -0.0007  0.0007  0.0000
2.1804  0.0000  -0.0007  0.0007  0.0000
2.1872  0.0000  -0.0007  0.0007  0.0000
2.1944  0.0000  -0.0007  0.0007  0.0000
2.2023  0.0000  -0.0007  0.0007  0.0000
2.2085  0.0000  -0.0007  0.0007  0.0000
2.2148  0.0000  -0.0007  0.0007  0.0000
2.2209  0.0000  -0.0007  0.0007  0.0000
2.2271  0.0000  -0.0007  0.0007  0.0000
2.2334  0.0000  -0.0007  0.0007  0.0000
2.2407  0.0000  -0.0007  0.0007  0.0000
2.2470  0.0000  -0.0007  0.0007  0.0000
2.2533  0.0000  -0.0007  0.0007  0.0000
2.2594  0.0000  -0.0007  0.0007  0.0000
2.2662  0.0000  -0.0007  0.0007  0.0000
2.2729  0.0000  -0.0007  0.0007  0.0000
2.2798  0.0000  -0.0008  0.0008  0.0000
2.2865  0.0000  -0.0007  0.0007  0.0000
2.2928  0.0000  -0.0007  0.0007  0.0000
2.2990  0.0000  -0.0008  0.0008  0.0000
2.3058  0.0000  -0.0008  0.0008  0.0000
2.3123  0.0000  -0.0008  0.0008  0.0000
2.3191  0.0000  -0.0008  0.0008  0.0000
2.3259  0.0000  -0.0008  0.0008  0.0000
2.3321  0.0000  -0.0008  0.0008  0.0000
2.3383  0.0000  -0.0008  0.0008  0.0000
2.3444  0.0000  -0.0008  0.0008  0.0000
2.3507  0.0000  -0.0008  0.0008  0.0000
2.3570  0.0000  -0.0008  0.0008  0.0000
2.3636  0.0000  -0.0008  0.0008  0.0000
2.3701  0.0000  -0.0007  0.0007  0.0000
2.3765  0.0000  -0.0007  0.0007  0.0000
2.3833  0.0000  -0.0007  0.0007  0.0000
2.3908  0.0000  -0.0008  0.0008  0.0000
2.3976  0.0000  -0.0008  0.0008  0.0000
2.4041  0.0000  -0.0008  0.0008  0.0000
2.4107  0.0000  -0.0007  0.0007  0.0000
2.4171  0.0000  -0.0007  0.0007  0.0000
2.4237  0.0000  -0.0008  0.0008  0.0000
2.4320  0.0000  -0.0007  0.0007  0.0000
2.4382  0.0000  -0.0007  0.0007  0.0000
2.4468  0.0000  -0.0008  0.0008  0.0000
2.4535  0.0000  -0.0008  0.0008  0.0000
2.4617  0.0000  -0.0007  0.0007  0.0000
2.4680  0.0000  -0.0008  0.0008  0.0000
2.4745  0.0000  -0.0008  0.0008  0.0000
2.4812  0.0000  -0.0008  0.0008  0.0000
2.4877  0.0000  -0.0008  0.0008  0.0000
2.4940  0.0000  -0.0008  0.0008  0.0000
2.5005  0.0000  -0.0008  0.0008  0.0000
2.5080  0.0000  -0.0008  0.0008  0.0000
2.5145  0.0000  -0.0008  0.0008  0.0000
2.5209  0.0000  -0.0008  0.0008  0.0000
2.5275  0.0000  -0.0008  0.0008  0.0000
2.5338  0.0000  -0.0008  0.0008  0.0000
2.5403  0.0000  -0.0008  0.0008  0.0000
2.5582  0.0000  -0.0008  0.0008  0.0000
2.5647  0.0000  -0.0008  0.0008  0.0000
2.5711  0.0000  -0.0008  0.0008  0.0000
2.5775  0.0000  -0.0008  0.0008  0.0000
2.5855  0.0000  -0.0008  0.0008  0.0000
2.5925  0.0000  -0.0009  0.0009  0.0000
2.5995  0.0000  -0.0009  0.0009  0.0000
2.6064  0.0000  -0.0009  0.0009  0.0000
2.6126  0.0000  -0.0009  0.0009  0.0000
2.6188  0.0000  -0.0009  0.0009  0.0000
2.6252  0.0000  -0.0009  0.0009  0.0000
2.6317  0.0000  -0.0008  0.0008  0.0000
2.6379  0.0000  -0.0008  0.0008  0.0000
2.6443  0.0000  -0.0008  0.0008  0.0000
2.6507  0.0000  -0.0008  0.0008  0.0000
2.6575  0.0000  -0.0008  0.0008  0.0000
2.6642  0.0000  -0.0008  0.0008  0.0000
2.6725  0.0000  -0.0008  0.0008  0.0000
2.6786  0.0000  -0.0008  0.0008  0.0000
2.6850  0.0000  -0.0008  0.0008  0.0000
2.6912  0.0000  -0.0008  0.0008  0.0000
2.6974  0.0000  -0.0008  0.0008  0.0000
2.7059  0.0000  -0.0008  0.0008  0.0000
2.7143  0.0000  -0.0008  0.0008  0.0000
2.7215  0.0000  -0.0008  0.0008  0.0000
2.7266  0.0000  -0.0009  0.0009  0.0000
2.7358  0.0000  -0.0009  0.0009  0.0000
2.7439  0.0000  -0.0009  0.0009  0.0000
2.7491  0.0000  -0.0009  0.0009  0.0000
2.7558  0.0000  -0.0009  0.0009  0.0000
2.7621  0.0000  -0.0009  0.0009  0.0000
2.7682  0.0000  -0.0008  0.0008  0.0000
2.7740  0.0000  -0.0008  0.0008  0.0000
2.7798  0.0000  -0.0008  0.0008  0.0000
2.7857  0.0000  -0.0008  0.0008  0.0000
2.7916  0.0000  -0.0008  0.0008  0.0000
2.7975  0.0000  -0.0008  0.0008  0.0000
2.8035  0.0000  -0.0008  0.0008  0.0000
2.8096  0.0000  -0.0008  0.0008  0.0000
2.8156  0.0000  -0.0009  0.0009  0.0000
2.8214  0.0000  -0.0008  0.0008  0.0000
2.8275  0.0000  -0.0009  0.0009  0.0000
2.8321  0.0000  -0.0009  0.0009  0.0000
2.8380  0.0000  -0.0009  0.0009  0.0000
2.8428  0.0000  -0.0009  0.0009  0.0000
2.8492  0.0000  -0.0009  0.0009  0.0000
2.8541  0.0000  -0.0009  0.0009  0.0000
2.8604  0.0000  -0.0009  0.0009  0.0000
2.8656  0.0000  -0.0009  0.0009  0.0000
2.8723  0.0000  -0.0009  0.0009  0.0000
2.8781  0.0000  -0.0008  0.0008  0.0000
2.8843  0.0000  -0.0008  0.0008  0.0000
2.8902  0.0000  -0.0009  0.0009  0.0000
2.8962  0.0000  -0.0009  0.0009  0.0000
2.9031  0.0000  -0.0009  0.0009  0.0000
2.9096  0.0000  -0.0008  0.0008  0.0000
2.9156  0.0000  -0.0008  0.0008  0.0000
2.9221  0.0000  -0.0008  0.0008  0.0000
2.9270  0.0000  -0.0008  0.0008  0.0000
2.9333  0.0000  -0.0008  0.0008  0.0000
2.9385  0.0000  -0.0008  0.0008  0.0000
2.9455  0.0000  -0.0008  0.0008  0.0000
2.9528  0.0000  -0.0008  0.0008  0.0000
2.9617  0.0000  -0.0008  0.0008  0.0000
2.9685  0.0000  -0.0008  0.0008  0.0000
2.9753  0.0000  -0.0008  0.0008  0.0000
2.9836  0.0000  -0.0008  0.0008  0.0000
2.9904  0.0000  -0.0008  0.0008  0.0000
2.9973  0.0000  -0.0008  0.0008  0.0000
3.0027  0.0000  -0.0008  0.0008  0.0000
3.0103  0.0000  -0.0009  0.0009  0.0000
3.0173  0.0000  -0.0009  0.0009  0.0000
3.0227  0.0000  -0.0009  0.0009  0.0000
3.0298  0.0000  -0.0009  0.0009  0.0000
3.0370  0.0000  -0.0009  0.0009  0.0000
3.0440  0.0000  -0.0009  0.0009  0.0000
3.0629  0.0000  -0.0009  0.0009  0.0000
3.0697  0.0000  -0.0009  0.0009  0.0000
3.0769  0.0000  -0.0009  0.0009  0.0000
3.0838  0.0000  -0.0009  0.0009  0.0000
3.0913  0.0000  -0.0009  0.0009  0.0000
3.0985  0.0000  -0.0009  0.0009  0.0000
3.1046  0.0000  -0.0009  0.0009  0.0000
3.1116  0.0000  -0.0009  0.0009  0.0000
3.1180  0.0000  -0.0009  0.0009  0.0000
3.1247  0.0000  -0.0009  0.0009  0.0000
3.1305  0.0000  -0.0009  0.0009  0.0000
3.1367  0.0000  -0.0009  0.0009  0.0000
3.1431  0.0000  -0.0009  0.0009  0.0000
3.1503  0.0000  -0.0009  0.0009  0.0000
3.1564  0.0000  -0.0009  0.0009  0.0000
3.1630  0.0000  -0.0009  0.0009  0.0000
3.1680  0.0000  -0.0009  0.0009  0.0000
3.1747  0.0000  -0.0010  0.0010  0.0000
3.1809  0.0000  -0.0010  0.0010  0.0000
3.1885  0.0000  -0.0010  0.0010  0.0000
3.1937  0.0000  -0.0010  0.0010  0.0000
3.2000  0.0000  -0.0010  0.0010  0.0000
3.2086  0.0000  -0.0009  0.0009  0.0000
3.2160  0.0000  -0.0009  0.0009  0.0000
3.2237  0.0000  -0.0009  0.0009  0.0000
3.2286  0.0000  -0.0009  0.0009  0.0000
3.2347  0.0000  -0.0009  0.0009  0.0000
3.2397  0.0000  -0.0009  0.0009  0.0000
3.2460  0.0000  -0.0009  0.0009  0.0000
3.2520  0.0000  -0.0010  0.0010  0.0000
3.2584  0.0000  -0.0009  0.0009  0.0000
3.2650  0.0000  -0.0010  0.0010  0.0000
3.2713  0.0000  -0.0010  0.0010  0.0000
3.2774  0.0000  -0.0010  0.0010  0.0000
3.2836  0.0000  -0.0010  0.0010  0.0000
3.2897  0.0000  -0.0009  0.0009  0.0000
3.2959  0.0000  -0.0010  0.0010  0.0000
3.3021  0.0000  -0.0010  0.0010  0.0000
3.3084  0.0000  -0.0010  0.0010  0.0000
3.3146  0.0000  -0.0010  0.0010  0.0000
3.3209  0.0000  -0.0009  0.0009  0.0000
3.3271  0.0000  -0.0009  0.0009  0.0000
3.3331  0.0000  -0.0009  0.0009  0.0000
3.3393  0.0000  -0.0009  0.0009  0.0000
3.3467  0.0000  -0.0010  0.0010  0.0000
3.3527  0.0000  -0.0010  0.0010  0.0000
3.3589  0.0000  -0.0010  0.0010  0.0000
3.3652  0.0000  -0.0010  0.0010  0.0000
3.3714  0.0000  -0.0010  0.0010  0.0000
3.3781  0.0000  -0.0010  0.0010  0.0000
3.3840  0.0000  -0.0010  0.0010  0.0000
3.3897  0.0000  -0.0010  0.0010  0.0000
3.3956  0.0000  -0.0010  0.0010  0.0000
3.4014  0.0000  -0.0010  0.0010  0.0000
3.4071  0.0000  -0.0011  0.0011  0.0000
3.4128  0.0000  -0.0011  0.0011  0.0000
3.4186  0.0000  -0.0011  0.0011  0.0000
3.4245  0.0000  -0.0011  0.0011  0.0000
3.4304  0.0000  -0.0011  0.0011  0.0000
3.4362  0.0000  -0.0011  0.0011  0.0000
3.4438  0.0000  -0.0011  0.0011  0.0000
3.4486  0.0000  -0.0011  0.0011  0.0000
3.4548  0.0000  -0.0011  0.0011  0.0000
3.4598  0.0000  -0.0011  0.0011  0.0000
3.4669  0.0000  -0.0011  0.0011  0.0000
3.4730  0.0000  -0.0011  0.0011  0.0000
3.4790  0.0000  -0.0011  0.0011  0.0000
3.4850  0.0000  -0.0011  0.0011  0.0000
3.4915  0.0000  -0.0011  0.0011  0.0000
3.4976  0.0000  -0.0011  0.0011  0.0000
3.5025  0.0000  -0.0010  0.0010  0.0000
3.5094  0.0000  -0.0010  0.0010  0.0000
3.5155  0.0000  -0.0011  0.0011  0.0000
3.5215  0.0000  -0.0011  0.0011  0.0000
3.5273  0.0000  -0.0011  0.0011  0.0000
3.5333  0.0000  -0.0011  0.0011  0.0000
3.5392  0.0000  -0.0010  0.0010  0.0000
3.5451  0.0000  -0.0011  0.0011  0.0000
3.5511  0.0000  -0.0011  0.0011  0.0000
3.5689  0.0000  -0.0011  0.0011  0.0000
3.5749  0.0000  -0.0010  0.0010  0.0000
3.5811  0.0000  -0.0010  0.0010  0.0000
3.5882  0.0000  -0.0010  0.0010  0.0000
3.5946  0.0000  -0.0010  0.0010  0.0000
3.6009  0.0000  -0.0010  0.0010  0.0000
3.6074  0.0000  -0.0010  0.0010  0.0000
3.6145  0.0000  -0.0010  0.0010  0.0000
3.6209  0.0000  -0.0010  0.0010  0.0000
3.6274  0.0000  -0.0010  0.0010  0.0000
3.6338  0.0000  -0.0010  0.0010  0.0000
3.6399  0.0000  -0.0010  0.0010  0.0000
3.6462  0.0000  -0.0010  0.0010  0.0000
3.6523  0.0000  -0.0010  0.0010  0.0000
3.6583  0.0000  -0.0010  0.0010  0.0000
3.6646  0.0000  -0.0010  0.0010  0.0000
3.6712  0.0000  -0.0010  0.0010  0.0000
3.6773  0.0000  -0.0011  0.0011  0.0000
3.6835  0.0000  -0.0011  0.0011  0.0000
3.6902  0.0000  -0.0011  0.0011  0.0000
3.6960  0.0000  -0.0010  0.0010  0.0000
3.7054  0.0000  -0.0010  0.0010  0.0000
3.7113  0.0000  -0.0010  0.0010  0.0000
3.7176  0.0000  -0.0011  0.0011  0.0000
3.7239  0.0000  -0.0011  0.0011  0.0000
3.7308  0.0000  -0.0011  0.0011  0.0000
3.7369  0.0000  -0.0011  0.0011  0.0000
3.7429  0.0000  -0.0011  0.0011  0.0000
3.7495  0.0000  -0.0011  0.0011  0.0000
3.7545  0.0000  -0.0011  0.0011  0.0000
3.7605  0.0000  -0.0011  0.0011  0.0000
3.7666  0.0000  -0.0011  0.0011  0.0000
3.7726  0.0000  -0.0011  0.0011  0.0000
3.7792  0.0000  -0.0011  0.0011  0.0000
3.7855  0.0000  -0.0011  0.0011  0.0000
3.7925  0.0000  -0.0011  0.0011  0.0000
3.7984  0.0000  -0.0010  0.0010  0.0000
3.8045  0.0000  -0.0011  0.0011  0.0000
3.8109  0.0000  -0.0011  0.0011  0.0000
3.8175  0.0000  -0.0011  0.0011  0.0000
3.8247  0.0000  -0.0011  0.0011  0.0000
3.8317  0.0000  -0.0011  0.0011  0.0000
3.8366  0.0000  -0.0011  0.0011  0.0000
3.8427  0.0000  -0.0011  0.0011  0.0000
3.8477  0.0000  -0.0011  0.0011  0.0000
3.8538  0.0000  -0.0011  0.0011  0.0000
3.8599  0.0000  -0.0011  0.0011  0.0000
3.8663  0.0000  -0.0011  0.0011  0.0000
3.8732  0.0000  -0.0011  0.0011  0.0000
3.8794  0.0000  -0.0011  0.0011  0.0000
3.8860  0.0000  -0.0011  0.0011  0.0000
3.8936  0.0000  -0.0011  0.0011  0.0000
3.9002  0.0000  -0.0011  0.0011  0.0000
3.9069  0.0000  -0.0011  0.0011  0.0000
3.9120  0.0000  -0.0011  0.0011  0.0000
3.9191  0.0000  -0.0011  0.0011  0.0000
3.9251  0.0000  -0.0011  0.0011  0.0000
3.9310  0.0000  -0.0011  0.0011  0.0000
3.9366  0.0000  -0.0011  0.0011  0.0000
3.9430  0.0000  -0.0011  0.0011  0.0000
3.9489  0.0000  -0.0011  0.0011  0.0000
3.9549  0.0000  -0.0011  0.0011  0.0000
3.9606  0.0000  -0.0011  0.0011  0.0000
3.9680  0.0000  -0.0011  0.0011  0.0000
3.9747  0.0000  -0.0011  0.0011  0.0000
3.9800  0.0000  -0.0011  0.0011  0.0000
3.9869  0.0000  -0.0011  0.0011  0.0000
3.9926  0.0000  -0.0011  0.0011  0.0000
3.9984  0.0000  -0.0010  0.0010  0.0000
4.0045  0.0000  -0.0010  0.0010  0.0000
4.0112  0.0000  -0.0010  0.0010  0.0000
4.0172  0.0000  -0.0011  0.0011  0.0000
4.0239  0.0000  -0.0011  0.0011  0.0000
4.0300  0.0000  -0.0011  0.0011  0.0000
4.0363  0.0000  -0.0011  0.0011  0.0000
4.0428  0.0000  -0.0011  0.0011  0.0000
4.0489  0.0000  -0.0011  0.0011  0.0000
4.0554  0.0000  -0.0011  0.0011  0.0000
4.0730  0.0000  -0.0011  0.0011  0.0000
4.0792  0.0000  -0.0011  0.0011  0.0000
4.0855  0.0000  -0.0011  0.0011  0.0000
4.0918  0.0000  -0.0011  0.0011  0.0000
4.0984  0.0000  -0.0011  0.0011  0.0000
4.1047  0.0000  -0.0011  0.0011  0.0000
4.1112  0.0000  -0.0011  0.0011  0.0000
4.1178  0.0000  -0.0011  0.0011  0.0000
4.1241  0.0000  -0.0011  0.0011  0.0000
4.1305  0.0000  -0.0011  0.0011  0.0000
4.1370  0.0000  -0.0011  0.0011  0.0000
4.1433  0.0000  -0.0011  0.0011  0.0000
4.1496  0.0000  -0.0011  0.0011  0.0000
4.1564  0.0000  -0.0011  0.0011  0.0000
4.1630  0.0000  -0.0011  0.0011  0.0000
4.1695  0.0000  -0.0011  0.0011  0.0000
4.1760  0.0000  -0.0011  0.0011  0.0000
4.1835  0.0000  -0.0011  0.0011  0.0000
4.1900  0.0000  -0.0011  0.0011  0.0000
4.1978  0.0000  -0.0011  0.0011  0.0000
4.2063  0.0000  -0.0011  0.0011  0.0000
4.2138  0.0000  -0.0011  0.0011  0.0000
4.2213  0.0000  -0.0011  0.0011  0.0000
4.2284  0.0000  -0.0011  0.0011  0.0000
4.2353  0.0000  -0.0011  0.0011  0.0000
4.2421  0.0000  -0.0011  0.0011  0.0000
4.2485  0.0000  -0.0011  0.0011  0.0000
4.2550  0.0000  -0.0011  0.0011  0.0000
4.2614  0.0000  -0.0011  0.0011  0.0000
4.2682  0.0000  -0.0011  0.0011  0.0000
4.2748  0.0000  -0.0010  0.0010  0.0000
4.2817  0.0000  -0.0010  0.0010  0.0000
4.2881  0.0000  -0.0011  0.0011  0.0000
4.2951  0.0000  -0.0011  0.0011  0.0000
4.3015  0.0000  -0.0011  0.0011  0.0000
4.3081  0.0000  -0.0011  0.0011  0.0000
4.3134  0.0000  -0.0011  0.0011  0.0000
4.3185  0.0000  -0.0011  0.0011  0.0000
4.3249  0.0000  -0.0010  0.0010  0.0000
4.3312  0.0000  -0.0011  0.0011  0.0000
4.3376  0.0000  -0.0011  0.0011  0.0000
4.3426  0.0000  -0.0011  0.0011  0.0000
4.3490  0.0000  -0.0011  0.0011  0.0000
4.3556  0.0000  -0.0011  0.0011  0.0000
4.3620  0.0000  -0.0011  0.0011  0.0000
4.3686  0.0000  -0.0010  0.0010  0.0000
4.3748  0.0000  -0.0011  0.0011  0.0000
4.3812  0.0000  -0.0011  0.0011  0.0000
4.3877  0.0000  -0.0011  0.0011  0.0000
4.3941  0.0000  -0.0010  0.0010  0.0000
4.4009  0.0000  -0.0011  0.0011  0.0000
4.4073  0.0000  -0.0011  0.0011  0.0000
4.4137  0.0000  -0.0010  0.0010  0.0000
4.4202  0.0000  -0.0010  0.0010  0.0000
4.4266  0.0000  -0.0010  0.0010  0.0000
4.4330  0.0000  -0.0011  0.0011  0.0000
4.4395  0.0000  -0.0011  0.0011  0.0000
4.4462  0.0000  -0.0011  0.0011  0.0000
4.4514  0.0000  -0.0011  0.0011  0.0000
4.4581  0.0000  -0.0011  0.0011  0.0000
4.4656  0.0000  -0.0011  0.0011  0.0000
4.4729  0.0000  -0.0011  0.0011  0.0000
4.4798  0.0000  -0.0011  0.0011  0.0000
4.4879  0.0000  -0.0011  0.0011  0.0000
4.4944  0.0000  -0.0011  0.0011  0.0000
4.5011  0.0000  -0.0011  0.0011  0.0000
4.5076  0.0000  -0.0011  0.0011  0.0000
4.5154  0.0000  -0.0010  0.0010  0.0000
4.5219  0.0000  -0.0010  0.0010  0.0000
4.5284  0.0000  -0.0010  0.0010  0.0000
4.5348  0.0000  -0.0010  0.0010  0.0000
4.5415  0.0000  -0.0011  0.0011  0.0000
4.5480  0.0000  -0.0010  0.0010  0.0000
4.5546  0.0000  -0.0010  0.0010  0.0000
4.5610  0.0000  -0.0010  0.0010  0.0000
4.5786  0.0000  -0.0011  0.0011  0.0000
4.5849  0.0000  -0.0010  0.0010  0.0000
4.5913  0.0000  -0.0010  0.0010  0.0000
4.5976  0.0000  -0.0010  0.0010  0.0000
4.6038  0.0000  -0.0010  0.0010  0.0000
4.6102  0.0000  -0.0010  0.0010  0.0000
4.6165  0.0000  -0.0010  0.0010  0.0000
4.6228  0.0000  -0.0010  0.0010  0.0000
4.6291  0.0000  -0.0010  0.0010  0.0000
4.6354  0.0000  -0.0010  0.0010  0.0000
4.6417  0.0000  -0.0010  0.0010  0.0000
4.6479  0.0000  -0.0010  0.0010  0.0000
4.6543  0.0000  -0.0010  0.0010  0.0000
4.6606  0.0000  -0.0010  0.0010  0.0000
4.6670  0.0000  -0.0010  0.0010  0.0000
4.6723  0.0000  -0.0010  0.0010  0.0000
4.6774  0.0000  -0.0010  0.0010  0.0000
4.6836  0.0000  -0.0010  0.0010  0.0000
4.6900  0.0000  -0.0010  0.0010  0.0000
4.6962  0.0000  -0.0010  0.0010  0.0000
4.7030  0.0000  -0.0010  0.0010  0.0000
4.7093  0.0000  -0.0010  0.0010  0.0000
4.7157  0.0000  -0.0010  0.0010  0.0000
4.7208  0.0000  -0.0010  0.0010  0.0000
4.7274  0.0000  -0.0010  0.0010  0.0000
4.7340  0.0000  -0.0010  0.0010  0.0000
4.7412  0.0000  -0.0011  0.0011  0.0000
4.7479  0.0000  -0.0011  0.0011  0.0000
4.7543  0.0000  -0.0011  0.0011  0.0000
4.7609  0.0000  -0.0011  0.0011  0.0000
4.7675  0.0000  -0.0011  0.0011  0.0000
4.7739  0.0000  -0.0011  0.0011  0.0000
4.7801  0.0000  -0.0011  0.0011  0.0000
4.7864  0.0000  -0.0011  0.0011  0.0000
4.7927  0.0000  -0.0011  0.0011  0.0000
4.7989  0.0000  -0.0011  0.0011  0.0000
4.8051  0.0000  -0.0011  0.0011  0.0000
4.8114  0.0000  -0.0011  0.0011  0.0000
4.8176  0.0000  -0.0011  0.0011  0.0000
4.8238  0.0000  -0.0011  0.0011  0.0000
4.8300  0.0000  -0.0011  0.0011  0.0000
4.8363  0.0000  -0.0011  0.0011  0.0000
4.8426  0.0000  -0.0011  0.0011  0.0000
4.8488  0.0000  -0.0011  0.0011  0.0000
4.8549  0.0000  -0.0011  0.0011  0.0000
4.8612  0.0000  -0.0011  0.0011  0.0000
4.8675  0.0000  -0.0011  0.0011  0.0000
4.8736  0.0000  -0.0011  0.0011  0.0000
4.8798  0.0000  -0.0011  0.0011  0.0000
4.8862  0.0000  -0.0011  0.0011  0.0000
4.8921  0.0000  -0.0011  0.0011  0.0000
4.8983  0.0000  -0.0011  0.0011  0.0000
4.9041  0.0000  -0.0011  0.0011  0.0000
4.9104  0.0000  -0.0011  0.0011  0.0000
4.9164  0.0000  -0.0011  0.0011  0.0000
4.9227  0.0000  -0.0011  0.0011  0.0000
4.9290  0.0000  -0.0011  0.0011  0.0000
4.9352  0.0000  -0.0011  0.0011  0.0000
4.9415  0.0000  -0.0011  0.0011  0.0000
4.9480  0.0000  -0.0011  0.0011  0.0000
4.9544  0.0000  -0.0012  0.0012  0.0000
4.9608  0.0000  -0.0011  0.0011  0.0000
4.9677  0.0000  -0.0011  0.0011  0.0000
4.9742  0.0000  -0.0011  0.0011  0.0000
4.9811  0.0000  -0.0011  0.0011  0.0000
4.9876  0.0000  -0.0011  0.0011  0.0000
4.9939  0.0000  -0.0011  0.0011  0.0000
5.0003  0.0000  -0.0011  0.0011  0.0000
5.0068  0.0000  -0.0011  0.0011  0.0000
5.0253  0.5000  -0.0011  0.0011  0.0000
5.0320  0.5000  -0.0012  0.0011  0.0000
5.0386  0.5000  -0.0012  0.0011  0.0000
5.0469  0.5000  -0.0012  0.0011  0.0000
5.0542  0.5000  -0.0012  0.0011  0.0000
5.0623  0.5000  -0.0011  0.0011  0.0000
5.0677  0.5000  -0.0010  0.0011  0.0000
5.0778  0.5000  -0.0000  0.0011  0.0000
5.0839  0.5000  0.0054  0.0011  0.0000
5.0898  0.5000  0.0108  0.0011  0.0000
5.0959  0.5000  0.0160  0.0011  0.0000
5.1020  0.5000  0.0236  0.0011  0.0000
5.1081  0.5000  0.0325  0.0011  0.0000
5.1141  0.5000  0.0423  0.0011  0.0000
5.1206  0.5000  0.0533  0.0011  0.0000
5.1266  0.5000  0.0651  0.0011  0.0000
5.1325  0.5000  0.0779  0.0011  0.0000
5.1386  0.5000  0.0891  0.0011  0.0000
5.1445  0.5000  0.1044  0.0011  0.0000
5.1492  0.5000  0.1208  0.0011  0.0000
5.1550  0.5000  0.1347  0.0011  0.0000
5.1612  0.5000  0.1489  0.0011  0.0000
5.1663  0.5000  0.1673  0.0011  0.0000
5.1724  0.5000  0.1860  0.0011  0.0000
5.1786  0.5000  0.2016  0.0011  0.0000
5.1848  0.5000  0.2223  0.0011  0.0000
5.1908  0.5000  0.2447  0.0011  0.0000
5.1967  0.5000  0.2678  0.0011  0.0000
5.2030  0.5000  0.2913  0.0011  0.0000
5.2093  0.5000  0.3155  0.0011  0.0000
5.2157  0.5000  0.3415  0.0011  0.0000
5.2207  0.5000  0.3685  0.0011  0.0000
5.2285  0.5000  0.3968  0.0011  0.0000
5.2352  0.5000  0.4254  0.0011  0.0000
5.2426  0.5000  0.4551  0.0011  0.0000
5.2489  0.5000  0.4920  0.0011  0.0000
5.2549  0.5000  0.5234  0.0011  0.0000
5.2610  0.5000  0.5564  0.0011  0.0000
5.2674  0.5000  0.5905  0.0011  0.0000
5.2739  0.5000  0.6251  0.0011  0.0000
5.2800  0.5000  0.6604  0.0011  0.0000
5.2861  0.5000  0.6961  0.0011  0.0000
5.2924  0.5000  0.7333  0.0011  0.0000
5.2984  0.5000  0.7707  0.0011  0.0000
5.3045  0.5000  0.8091  0.0011  0.0000
5.3107  0.5000  0.8479  0.0011  0.0000
5.3167  0.5000  0.8874  0.0011  0.0000
5.3232  0.5000  0.9198  0.0011  0.0000
5.3296  0.5000  0.9696  0.0011  0.0000
5.3357  0.5000  1.0119  0.0011  0.0000
5.3417  0.5000  1.0465  0.0011  0.0000
5.3478  0.5000  1.0909  0.0011  0.0000
5.3540  0.5000  1.1354  0.0011  0.0000
5.3608  0.5000  1.1800  0.0011  0.0000
5.3670  0.5000  1.2254  0.0011  0.0000
5.3721  0.5000  1.2725  0.0011  0.0000
5.3784  0.5000  1.3208  0.0011  0.0000
5.3854  0.5000  1.3692  0.0011  0.0000
5.3916  0.5000  1.4184  0.0011  0.0000
5.3979  0.5000  1.4777  0.0011  0.0000
5.4041  0.5000  1.5176  0.0011  0.0000
5.4102  0.5000  1.5682  0.0011  0.0000
5.4164  0.5000  1.6207  0.0011  0.0000
5.4229  0.5000  1.6732  0.0011  0.0000
5.4278  0.5000  1.7266  0.0011  0.0000
5.4341  0.5000  1.7697  0.0011  0.0000
5.4403  0.5000  1.8240  0.0011  0.0000
5.4463  0.5000  1.8790  0.0011  0.0000
5.4526  0.5000  1.9345  0.0011  0.0000
5.4593  0.5000  1.9903  0.0011  0.0000
5.4664  0.5000  2.0474  0.0011  0.0000
5.4734  0.5000  2.1171  0.0011  0.0000
5.4801  0.5000  2.1757  0.0011  0.0000
5.4868  0.5000  2.2461  0.0011  0.0000
5.4930  0.5000  2.3055  0.0011  0.0000
5.4991  0.5000  2.3663  0.0011  0.0000
5.5057  0.5000  2.4282  0.0011  0.0000
5.5121  0.5000  2.4906  0.0011  0.0000
5.5183  0.5000  2.5539  0.0011  0.0000
5.5328  0.5000  2.6300  0.0011  0.0000
5.5389  0.5000  2.7714  0.0011  0.0000
5.5453  0.5000  2.8236  0.0011  0.0000
5.5515  0.5000  2.9026  0.0011  0.0000
5.5575  0.5000  2.9553  0.0011  0.0000
5.5636  0.5000  3.0222  0.0011  0.0000
5.5702  0.5000  3.0899  0.0011  0.0000
5.5803  0.5000  -3.1252  0.0011  0.0000
5.5864  0.5000  -3.0149  0.0011  0.0000
5.5924  0.5000  -2.9449  0.0011  0.0000
5.5984  0.5000  -2.8746  0.0011  0.0000
5.6045  0.5000  -2.8040  0.0011  0.0000
5.6107  0.5000  -2.7326  0.0011  0.0000
5.6171  0.5000  -2.6603  0.0011  0.0000
5.6233  0.5000  -2.5875  0.0011  0.0000
5.6297  0.5000  -2.5135  0.0011  0.0000
5.6362  0.5000  -2.4392  0.0011  0.0000
5.6423  0.5000  -2.3638  0.0011  0.0000
5.6483  0.5000  -2.2887  0.0011  0.0000
5.6546  0.5000  -2.2126  0.0011  0.0000
5.6608  0.5000  -2.1366  0.0011  0.0000
5.6671  0.5000  -2.0599  0.0011  0.0000
5.6738  0.5000  -1.9824  0.0011  0.0000
5.6799  0.5000  -1.9048  0.0011  0.0000
5.6861  0.5000  -1.8268  0.0011  0.0000
5.6924  0.5000  -1.7477  0.0011  0.0000
5.6983  0.5000  -1.6685  0.0011  0.0000
5.7044  0.5000  -1.6050  0.0011  0.0000
5.7103  0.5000  -1.5245  0.0011  0.0000
5.7164  0.5000  -1.4444  0.0011  0.0000
5.7234  0.5000  -1.3638  0.0011  0.0000
5.7288  0.5000  -1.2674  0.0011  0.0000
5.7353  0.5000  -1.2021  0.0011  0.0000
5.7433  0.5000  -1.1207  0.0011  0.0000
5.7497  0.5000  -1.0226  0.0011  0.0000
5.7561  0.5000  -0.9417  0.0011  0.0000
5.7625  0.5000  -0.8449  0.0011  0.0000
5.7688  0.5000  -0.7634  0.0011  0.0000
5.7748  0.5000  -0.6812  0.0011  0.0000
5.7809  0.5000  -0.6148  0.0011  0.0000
5.7871  0.5000  -0.5312  0.0011  0.0000
5.7931  0.5000  -0.4470  0.0011  0.0000
5.7992  0.5000  -0.3629  0.0011  0.0000
5.8054  0.5000  -0.2781  0.0011  0.0000
5.8114  0.5000  -0.1929  0.0011  0.0000
5.8174  0.5000  -0.1076  0.0011  0.0000
5.8232  0.5000  -0.0392  0.0011  0.0000
5.8290  0.5000  0.0462  0.0011  0.0000
5.8348  0.5000  0.1325  0.0011  0.0000
5.8407  0.5000  0.2022  0.0011  0.0000
5.8473  0.5000  0.2897  0.0011  0.0000
5.8535  0.5000  0.3771  0.0011  0.0000
5.8592  0.5000  0.4647  0.0011  0.0000
5.8654  0.5000  0.5523  0.0011  0.0000
5.8712  0.5000  0.6224  0.0011  0.0000
5.8780  0.5000  0.7100  0.0011  0.0000
5.8849  0.5000  0.8165  0.0011  0.0000
5.8901  0.5000  0.9062  0.0011  0.0000
5.8960  0.5000  0.9785  0.0011  0.0000
5.9018  0.5000  1.0684  0.0011  0.0000
5.9090  0.5000  1.1763  0.0011  0.0000
5.9146  0.5000  1.2485  0.0011  0.0000
5.9204  0.5000  1.3395  0.0011  0.0000
5.9265  0.5000  1.4128  0.0011  0.0000
5.9328  0.5000  1.5042  0.0011  0.0000
5.9390  0.5000  1.5958  0.0011  0.0000
5.9454  0.5000  1.6877  0.0011  0.0000
5.9514  0.5000  1.7797  0.0011  0.0000
5.9575  0.5000  1.8729  0.0011  0.0000
5.9673  0.5000  1.9657  0.0011  0.0000
5.9737  0.5000  2.1149  0.0011  0.0000
5.9800  0.5000  2.2088  0.0011  0.0000
5.9879  0.5000  2.3032  0.0011  0.0000
5.9949  0.5000  2.4162  0.0011  0.0000
6.0001  0.5000  2.5292  0.0011  0.0000
6.0053  0.5000  2.6049  0.0011  0.0000
6.0116  0.5000  2.6807  0.0011  0.0000
6.0178  0.5000  2.7763  0.0011  0.0000
6.0246  0.5000  2.8724  0.0011  0.0000
6.0389  0.5000  2.9878  0.0011  0.0000
6.0454  0.5000  -3.0832  0.0011  0.0000
6.0515  0.5000  -2.9865  0.0011  0.0000
6.0577  0.5000  -2.8895  0.0011  0.0000
6.0638  0.5000  -2.7927  0.0011  0.0000
6.0701  0.5000  -2.6954  0.0011  0.0000
6.0763  0.5000  -2.5970  0.0011  0.0000
6.0865  0.5000  -2.4983  0.0011  0.0000
6.0926  0.5000  -2.3408  0.0011  0.0000
6.0988  0.5000  -2.2421  0.0011  0.0000
6.1043  0.5000  -2.1428  0.0011  0.0000
6.1092  0.5000  -2.0632  0.0011  0.0000
6.1155  0.5000  -1.9836  0.0011  0.0000
6.1205  0.5000  -1.8835  0.0011  0.0000
6.1267  0.5000  -1.8029  0.0011  0.0000
6.1332  0.5000  -1.7020  0.0011  0.0000
6.1400  0.5000  -1.6003  0.0011  0.0000
6.1465  0.5000  -1.4991  0.0011  0.0000
6.1526  0.5000  -1.3770  0.0011  0.0000
6.1606  0.5000  -1.2958  0.0011  0.0000
6.1672  0.5000  -1.1525  0.0011  0.0000
6.1734  0.5000  -1.0505  0.0011  0.0000
6.1797  0.5000  -0.9483  0.0011  0.0000
6.1864  0.5000  -0.8452  0.0011  0.0000
6.1953  0.5000  -0.7424  0.0011  0.0000
6.2021  0.5000  -0.5983  0.0011  0.0000
6.2082  0.5000  -0.4745  0.0011  0.0000
6.2144  0.5000  -0.3718  0.0011  0.0000
6.2202  0.5000  -0.2678  0.0011  0.0000
6.2267  0.5000  -0.1848  0.0011  0.0000
6.2322  0.5000  -0.0800  0.0011  0.0000
6.2377  0.5000  0.0246  0.0011  0.0000
6.2436  0.5000  0.1081  0.0011  0.0000
6.2487  0.5000  0.2127  0.0011  0.0000
6.2538  0.5000  0.2969  0.0011  0.0000
6.2588  0.5000  0.3807  0.0011  0.0000
6.2642  0.5000  0.4644  0.0011  0.0000
6.2696  0.5000  0.5486  0.0011  0.0000
6.2751  0.5000  0.6545  0.0011  0.0000
6.2808  0.5000  0.7391  0.0011  0.0000
6.2862  0.5000  0.8243  0.0011  0.0000
6.2914  0.5000  0.9318  0.0011  0.0000
6.2967  0.5000  1.0176  0.0011  0.0000
6.3022  0.5000  1.1035  0.0011  0.0000
6.3078  0.5000  1.2110  0.0011  0.0000
6.3133  0.5000  1.2979  0.0011  0.0000
6.3188  0.5000  1.3851  0.0011  0.0000
6.3243  0.5000  1.4943  0.0011  0.0000
6.3297  0.5000  1.5818  0.0011  0.0000
6.3352  0.5000  1.6904  0.0011  0.0000
6.3411  0.5000  1.7783  0.0011  0.0000
6.3468  0.5000  1.8880  0.0011  0.0000
6.3524  0.5000  1.9757  0.0011  0.0000
6.3581  0.5000  2.0849  0.0011  0.0000
6.3640  0.5000  2.1719  0.0011  0.0000
6.3699  0.5000  2.2817  0.0011  0.0000
6.3759  0.5000  2.3912  0.0011  0.0000
6.3819  0.5000  2.4797  0.0011  0.0000
6.3879  0.5000  2.5894  0.0011  0.0000
6.3940  0.5000  2.6997  0.0011  0.0000
6.3996  0.5000  2.8101  0.0011  0.0000
6.4056  0.5000  2.8986  0.0011  0.0000
6.4114  0.5000  3.0092  0.0011  0.0000
6.4174  0.5000  3.1201  0.0011  0.0000
6.4233  0.5000  -3.0748  0.0011  0.0000
6.4292  0.5000  -2.9646  0.0011  0.0000
6.4351  0.5000  -2.8554  0.0011  0.0000
6.4411  0.5000  -2.7454  0.0011  0.0000
6.4469  0.5000  -2.6580  0.0011  0.0000
6.4528  0.5000  -2.5483  0.0011  0.0000
6.4588  0.5000  -2.4382  0.0011  0.0000
6.4640  0.5000  -2.3497  0.0011  0.0000
6.4702  0.5000  -2.2392  0.0011  0.0000
6.4760  0.5000  -2.1504  0.0011  0.0000
6.4828  0.5000  -2.0394  0.0011  0.0000
6.4897  0.5000  -1.9066  0.0011  0.0000
6.4959  0.5000  -1.7966  0.0011  0.0000
6.5026  0.5000  -1.6860  0.0011  0.0000
6.5086  0.5000  -1.5749  0.0011  0.0000
6.5145  0.5000  -1.4635  0.0011  0.0000
6.5205  0.5000  -1.3517  0.0011  0.0000
6.5281  0.5000  -1.2626  0.0011  0.0000
6.5411  0.5000  -1.1060  0.0011  0.0000
6.5469  0.5000  -0.8821  0.0011  0.0000
6.5527  0.5000  -0.7701  0.0011  0.0000
6.5589  0.5000  -0.6793  0.0011  0.0000
6.5647  0.5000  -0.5661  0.0011  0.0000
6.5705  0.5000  -0.4530  0.0011  0.0000
6.5762  0.5000  -0.3621  0.0011  0.0000
6.5830  0.5000  -0.2476  0.0011  0.0000
6.5919  0.5000  -0.1331  0.0011  0.0000
6.5973  0.5000  0.0274  0.0011  0.0000
6.6027  0.5000  0.1425  0.0011  0.0000
6.6080  0.5000  0.2339  0.0011  0.0000
6.6134  0.5000  0.3264  0.0011  0.0000
6.6189  0.5000  0.4416  0.0011  0.0000
6.6244  0.5000  0.5338  0.0011  0.0000
6.6297  0.5000  0.6266  0.0011  0.0000
6.6352  0.5000  0.7417  0.0011  0.0000
6.6409  0.5000  0.8343  0.0011  0.0000
6.6463  0.5000  0.9265  0.0011  0.0000
6.6516  0.5000  1.0427  0.0011  0.0000
6.6570  0.5000  1.1357  0.0011  0.0000
6.6625  0.5000  1.2291  0.0011  0.0000
6.6679  0.5000  1.3461  0.0011  0.0000
6.6734  0.5000  1.4401  0.0011  0.0000
6.6782  0.5000  1.5345  0.0011  0.0000
6.6838  0.5000  1.6286  0.0011  0.0000
6.6891  0.5000  1.7469  0.0011  0.0000
6.6945  0.5000  1.8413  0.0011  0.0000
6.7000  0.5000  1.9353  0.0011  0.0000
6.7063  0.5000  2.0534  0.0011  0.0000
6.7117  0.5000  2.1722  0.0011  0.0000
6.7171  0.5000  2.2667  0.0011  0.0000
6.7233  0.5000  2.3616  0.0011  0.0000
6.7316  0.5000  2.5275  0.0011  0.0000
6.7374  0.5000  2.6471  0.0011  0.0000
6.7442  0.5000  2.7422  0.0011  0.0000
6.7496  0.5000  2.8855  0.0011  0.0000
6.7548  0.5000  2.9802  0.0011  0.0000
6.7603  0.5000  3.0751  0.0011  0.0000
6.7656  0.5000  -3.0889  0.0011  0.0000
6.7711  0.5000  -2.9935  0.0011  0.0000
6.7764  0.5000  -2.8986  0.0011  0.0000
6.7820  0.5000  -2.8033  0.0011  0.0000
6.7872  0.5000  -2.6831  0.0011  0.0000
6.7925  0.5000  -2.5873  0.0011  0.0000
6.7977  0.5000  -2.4915  0.0011  0.0000
6.8030  0.5000  -2.3957  0.0011  0.0000
6.8085  0.5000  -2.2762  0.0011  0.0000
6.8137  0.5000  -2.1801  0.0011  0.0000
6.8195  0.5000  -2.0844  0.0011  0.0000
6.8259  0.5000  -1.9398  0.0011  0.0000
6.8312  0.5000  -1.8435  0.0011  0.0000
6.8367  0.5000  -1.7464  0.0011  0.0000
6.8417  0.5000  -1.6496  0.0011  0.0000
6.8472  0.5000  -1.5525  0.0011  0.0000
6.8525  0.5000  -1.4303  0.0011  0.0000
6.8579  0.5000  -1.3329  0.0011  0.0000
6.8633  0.5000  -1.2354  0.0011  0.0000
6.8685  0.5000  -1.1150  0.0011  0.0000
6.8739  0.5000  -1.0183  0.0011  0.0000
6.8794  0.5000  -0.9214  0.0011  0.0000
6.8850  0.5000  -0.7997  0.0011  0.0000
6.8905  0.5000  -0.7025  0.0011  0.0000
6.8956  0.5000  -0.6049  0.0011  0.0000
6.9032  0.5000  -0.5073  0.0011  0.0000
6.9091  0.5000  -0.3361  0.0011  0.0000
6.9152  0.5000  -0.2381  0.0011  0.0000
6.9211  0.5000  -0.1157  0.0011  0.0000
6.9268  0.5000  0.0073  0.0011  0.0000
6.9323  0.5000  0.1062  0.0011  0.0000
6.9378  0.5000  0.2293  0.0011  0.0000
6.9443  0.5000  0.3280  0.0011  0.0000
6.9499  0.5000  0.4521  0.0011  0.0000
6.9556  0.5000  0.5757  0.0011  0.0000
6.9610  0.5000  0.6756  0.0011  0.0000
6.9661  0.5000  0.7751  0.0011  0.0000
6.9733  0.5000  0.9005  0.0011  0.0000
6.9789  0.5000  1.0257  0.0011  0.0000
6.9845  0.5000  1.1523  0.0011  0.0000
6.9907  0.5000  1.2528  0.0011  0.0000
6.9964  0.5000  1.3793  0.0011  0.0000
7.0024  0.5000  1.5058  0.0011  0.0000
7.0077  0.5000  1.6070  0.0011  0.0000
7.0130  0.5000  1.7348  0.0011  0.0000
7.0184  0.5000  1.8370  0.0011  0.0000
7.0241  0.5000  1.9396  0.0011  0.0000
7.0301  0.5000  2.0667  0.0011  0.0000
7.0426  0.5000  2.1950  0.0011  0.0000
7.0478  0.5000  2.4502  0.0011  0.0000
7.0532  0.5000  2.5523  0.0011  0.0000
7.0584  0.5000  2.6539  0.0011  0.0000
7.0645  0.5000  2.7553  0.0011  0.0000
7.0697  0.5000  2.8818  0.0011  0.0000
7.0749  0.5000  2.9831  0.0011  0.0000
7.0801  0.5000  3.0838  0.0011  0.0000
7.0855  0.5000  -3.0982  0.0011  0.0000
7.0938  0.5000  -2.9717  0.0011  0.0000
7.0990  0.5000  -2.8196  0.0011  0.0000
7.1044  0.5000  -2.6924  0.0011  0.0000
7.1096  0.5000  -2.5906  0.0011  0.0000
7.1148  0.5000  -2.4883  0.0011  0.0000
7.1202  0.5000  -2.3865  0.0011  0.0000
7.1255  0.5000  -2.2846  0.0011  0.0000
7.1308  0.5000  -2.1577  0.0011  0.0000
7.1361  0.5000  -2.0547  0.0011  0.0000
7.1415  0.5000  -1.9525  0.0011  0.0000
7.1469  0.5000  -1.8496  0.0011  0.0000
7.1522  0.5000  -1.7208  0.0011  0.0000
7.1576  0.5000  -1.6174  0.0011  0.0000
7.1629  0.5000  -1.5139  0.0011  0.0000
7.1685  0.5000  -1.3838  0.0011  0.0000
7.1738  0.5000  -1.2796  0.0011  0.0000
7.1795  0.5000  -1.1753  0.0011  0.0000
7.1861  0.5000  -1.0447  0.0011  0.0000
7.1915  0.5000  -0.9145  0.0011  0.0000
7.1970  0.5000  -0.8095  0.0011  0.0000
7.2024  0.5000  -0.6786  0.0011  0.0000
7.2101  0.5000  -0.5733  0.0011  0.0000
7.2161  0.5000  -0.4160  0.0011  0.0000
7.2210  0.5000  -0.2841  0.0011  0.0000
7.2272  0.5000  -0.1784  0.0011  0.0000
7.2326  0.5000  -0.0471  0.0011  0.0000
7.2377  0.5000  0.0586  0.0011  0.0000
7.2437  0.5000  0.1641  0.0011  0.0000
7.2480  0.5000  0.2961  0.0011  0.0000
7.2534  0.5000  0.3751  0.0011  0.0000
7.2590  0.5000  0.4809  0.0011  0.0000
7.2648  0.5000  0.6135  0.0011  0.0000
7.2701  0.5000  0.7458  0.0011  0.0000
7.2757  0.5000  0.8520  0.0011  0.0000
7.2813  0.5000  0.9582  0.0011  0.0000
7.2865  0.5000  1.0915  0.0011  0.0000
7.2919  0.5000  1.1981  0.0011  0.0000
7.2972  0.5000  1.3051  0.0011  0.0000
7.3036  0.5000  1.4122  0.0011  0.0000
7.3088  0.5000  1.5455  0.0011  0.0000
7.3142  0.5000  1.6802  0.0011  0.0000
7.3201  0.5000  1.7877  0.0011  0.0000
7.3253  0.5000  1.9221  0.0011  0.0000
7.3308  0.5000  2.0297  0.0011  0.0000
7.3369  0.5000  2.1384  0.0011  0.0000
7.3421  0.5000  2.2738  0.0011  0.0000
7.3473  0.5000  2.3819  0.0011  0.0000
7.3526  0.5000  2.4903  0.0011  0.0000
7.3578  0.5000  2.6258  0.0011  0.0000
7.3631  0.5000  2.7340  0.0011  0.0000
7.3684  0.5000  2.8430  0.0011  0.0000
7.3736  0.5000  2.9517  0.0011  0.0000
7.3787  0.5000  3.0607  0.0011  0.0000
7.3841  0.5000  -3.1142  0.0011  0.0000
7.3893  0.5000  -2.9780  0.0011  0.0000
7.3947  0.5000  -2.8693  0.0011  0.0000
7.4001  0.5000  -2.7606  0.0011  0.0000
7.4055  0.5000  -2.6511  0.0011  0.0000
7.4107  0.5000  -2.5152  0.0011  0.0000
7.4159  0.5000  -2.4061  0.0011  0.0000
7.4223  0.5000  -2.2970  0.0011  0.0000
7.4277  0.5000  -2.1607  0.0011  0.0000
7.4329  0.5000  -2.0513  0.0011  0.0000
7.4383  0.5000  -1.9148  0.0011  0.0000
7.4436  0.5000  -1.8051  0.0011  0.0000
7.4489  0.5000  -1.6959  0.0011  0.0000
7.4542  0.5000  -1.5866  0.0011  0.0000
7.4595  0.5000  -1.4779  0.0011  0.0000
7.4648  0.5000  -1.3416  0.0011  0.0000
7.4702  0.5000  -1.2335  0.0011  0.0000
7.4755  0.5000  -1.1254  0.0011  0.0000
7.4809  0.5000  -1.0170  0.0011  0.0000
7.4873  0.5000  -0.8809  0.0011  0.0000
7.4928  0.5000  -0.7445  0.0011  0.0000
7.4983  0.5000  -0.6350  0.0011  0.0000
7.5028  0.5000  -0.4989  0.0011  0.0000
7.5080  0.5000  -0.4166  0.0011  0.0000
7.5135  0.5000  -0.3067  0.0011  0.0000
7.5189  0.5000  -0.1694  0.0011  0.0000
7.5245  0.5000  -0.0594  0.0011  0.0000
7.5296  0.5000  0.0506  0.0011  0.0000
7.5355  0.5000  0.1892  0.0011  0.0000
7.5477  0.5000  0.2998  0.0011  0.0000
7.5528  0.5000  0.5765  0.0011  0.0000
7.5580  0.5000  0.6872  0.0011  0.0000
7.5632  0.5000  0.7982  0.0011  0.0000
7.5697  0.5000  0.9089  0.0011  0.0000
7.5749  0.5000  1.0753  0.0011  0.0000
7.5802  0.5000  1.1862  0.0011  0.0000
7.5857  0.5000  1.2976  0.0011  0.0000
7.5909  0.5000  1.4086  0.0011  0.0000
7.6006  0.5000  1.5203  0.0011  0.0000
7.6065  0.5000  1.7720  0.0011  0.0000
7.6122  0.5000  1.8841  0.0011  0.0000
7.6180  0.5000  2.0250  0.0011  0.0000
7.6227  0.5000  2.1373  0.0011  0.0000
7.6282  0.5000  2.2494  0.0011  0.0000
7.6336  0.5000  2.3608  0.0011  0.0000
7.6390  0.5000  2.5002  0.0011  0.0000
7.6446  0.5000  2.6121  0.0011  0.0000
7.6502  0.5000  2.7240  0.0011  0.0000
7.6558  0.5000  2.8629  0.0011  0.0000
7.6623  0.5000  2.9747  0.0011  0.0000
7.6676  0.5000  3.1149  0.0011  0.0000
7.6733  0.5000  -3.0284  0.0011  0.0000
7.6789  0.5000  -2.9162  0.0011  0.0000
7.6843  0.5000  -2.7758  0.0011  0.0000
7.6896  0.5000  -2.6636  0.0011  0.0000
7.6949  0.5000  -2.5512  0.0011  0.0000
7.7004  0.5000  -2.4386  0.0011  0.0000
7.7057  0.5000  -2.2981  0.0011  0.0000
7.7110  0.5000  -2.1854  0.0011  0.0000
7.7165  0.5000  -2.0730  0.0011  0.0000
7.7226  0.5000  -1.9323  0.0011  0.0000
7.7286  0.5000  -1.7914  0.0011  0.0000
7.7347  0.5000  -1.6781  0.0011  0.0000
7.7408  0.5000  -1.5363  0.0011  0.0000
7.7478  0.5000  -1.3941  0.0011  0.0000
7.7541  0.5000  -1.2230  0.0011  0.0000
7.7613  0.5000  -1.0801  0.0011  0.0000
7.7681  0.5000  -0.9085  0.0011  0.0000
7.7743  0.5000  -0.7663  0.0011  0.0000
7.7805  0.5000  -0.6238  0.0011  0.0000
7.7865  0.5000  -0.4812  0.0011  0.0000
7.7925  0.5000  -0.3672  0.0011  0.0000
7.7984  0.5000  -0.2242  0.0011  0.0000
7.8044  0.5000  -0.0808  0.0011  0.0000
7.8102  0.5000  0.0624  0.0011  0.0000
7.8160  0.5000  0.1764  0.0011  0.0000
7.8220  0.5000  0.3193  0.0011  0.0000
7.8296  0.5000  0.4911  0.0011  0.0000
7.8361  0.5000  0.6345  0.0011  0.0000
7.8423  0.5000  0.7783  0.0011  0.0000
7.8483  0.5000  0.9228  0.0011  0.0000
7.8544  0.5000  1.0668  0.0011  0.0000
7.8603  0.5000  1.2109  0.0011  0.0000
7.8664  0.5000  1.3265  0.0011  0.0000
7.8724  0.5000  1.4709  0.0011  0.0000
7.8783  0.5000  1.6154  0.0011  0.0000
7.8843  0.5000  1.7611  0.0011  0.0000
7.8901  0.5000  1.8771  0.0011  0.0000
7.8959  0.5000  2.0221  0.0011  0.0000
7.9019  0.5000  2.1673  0.0011  0.0000
7.9081  0.5000  2.2839  0.0011  0.0000
7.9131  0.5000  2.4291  0.0011  0.0000
7.9193  0.5000  2.5456  0.0011  0.0000
7.9255  0.5000  2.6908  0.0011  0.0000
7.9313  0.5000  2.8367  0.0011  0.0000
7.9373  0.5000  2.9827  0.0011  0.0000
7.9432  0.5000  3.1283  0.0011  0.0000
7.9495  0.5000  -3.0379  0.0011  0.0000
7.9560  0.5000  -2.8911  0.0011  0.0000
7.9619  0.5000  -2.7148  0.0011  0.0000
7.9679  0.5000  -2.5972  0.0011  0.0000
7.9738  0.5000  -2.4501  0.0011  0.0000
7.9798  0.5000  -2.3032  0.0011  0.0000
7.9863  0.5000  -2.1567  0.0011  0.0000
7.9923  0.5000  -2.0100  0.0011  0.0000
7.9980  0.5000  -1.8936  0.0011  0.0000
8.0036  0.5000  -1.7482  0.0011  0.0000
8.0096  0.5000  -1.6021  0.0011  0.0000
8.0147  0.5000  -1.4861  0.0011  0.0000
8.0213  0.5000  -1.3698  0.0011  0.0000
8.0262  0.5000  -1.1943  0.0011  0.0000
8.0328  0.5000  -1.1060  0.0011  0.0000
8.0389  0.5000  -0.9303  0.0011  0.0000
8.0525  0.5000  -0.7845  0.0011  0.0000
8.0585  0.5000  -0.4907  0.0011  0.0000
8.0641  0.5000  -0.3431  0.0011  0.0000
8.0696  0.5000  -0.1948  0.0011  0.0000
8.0755  0.5000  -0.0760  0.0011  0.0000
8.0812  0.5000  0.0728  0.0011  0.0000
8.0867  0.5000  0.1921  0.0011  0.0000
8.0923  0.5000  0.3412  0.0011  0.0000
8.0979  0.5000  0.4607  0.0011  0.0000
8.1070  0.5000  0.5797  0.0011  0.0000
8.1125  0.5000  0.8183  0.0011  0.0000
8.1181  0.5000  0.9380  0.0011  0.0000
8.1239  0.5000  1.0881  0.0011  0.0000
8.1296  0.5000  1.2081  0.0011  0.0000
8.1352  0.5000  1.3582  0.0011  0.0000
8.1417  0.5000  1.4784  0.0011  0.0000
8.1474  0.5000  1.6294  0.0011  0.0000
8.1529  0.5000  1.7800  0.0011  0.0000
8.1586  0.5000  1.9308  0.0011  0.0000
8.1642  0.5000  2.0515  0.0011  0.0000
8.1697  0.5000  2.1721  0.0011  0.0000
8.1752  0.5000  2.3219  0.0011  0.0000
8.1808  0.5000  2.4412  0.0011  0.0000
8.1862  0.5000  2.5896  0.0011  0.0000
8.1920  0.5000  2.7081  0.0011  0.0000
8.1982  0.5000  2.8565  0.0011  0.0000
8.2042  0.5000  2.9750  0.0011  0.0000
8.2098  0.5000  3.1234  0.0011  0.0000
8.2184  0.5000  -3.0109  0.0011  0.0000
8.2242  0.5000  -2.8324  0.0011  0.0000
8.2302  0.5000  -2.6828  0.0011  0.0000
8.2361  0.5000  -2.5334  0.0011  0.0000
8.2415  0.5000  -2.4134  0.0011  0.0000
8.2475  0.5000  -2.2628  0.0011  0.0000
8.2528  0.5000  -2.1121  0.0011  0.0000
8.2580  0.5000  -1.9916  0.0011  0.0000
8.2646  0.5000  -1.8715  0.0011  0.0000
8.2695  0.5000  -1.7205  0.0011  0.0000
8.2746  0.5000  -1.5998  0.0011  0.0000
8.2796  0.5000  -1.4792  0.0011  0.0000
8.2847  0.5000  -1.3582  0.0011  0.0000
8.2898  0.5000  -1.2375  0.0011  0.0000
8.2949  0.5000  -1.1164  0.0011  0.0000
8.3001  0.5000  -0.9957  0.0011  0.0000
8.3054  0.5000  -0.8749  0.0011  0.0000
8.3109  0.5000  -0.7243  0.0011  0.0000
8.3160  0.5000  -0.6041  0.0011  0.0000
8.3213  0.5000  -0.4830  0.0011  0.0000
8.3264  0.5000  -0.3630  0.0011  0.0000
8.3314  0.5000  -0.2425  0.0011  0.0000
8.3366  0.5000  -0.1220  0.0011  0.0000
8.3419  0.5000  0.0295  0.0011  0.0000
8.3469  0.5000  0.1502  0.0011  0.0000
8.3520  0.5000  0.2711  0.0011  0.0000
8.3573  0.5000  0.3926  0.0011  0.0000
8.3624  0.5000  0.5138  0.0011  0.0000
8.3676  0.5000  0.6353  0.0011  0.0000
8.3727  0.5000  0.7570  0.0011  0.0000
8.3779  0.5000  0.8785  0.0011  0.0000
8.3833  0.5000  1.0308  0.0011  0.0000
8.3885  0.5000  1.1527  0.0011  0.0000
8.3939  0.5000  1.2752  0.0011  0.0000
8.3991  0.5000  1.3973  0.0011  0.0000
8.4058  0.5000  1.5203  0.0011  0.0000
8.4115  0.5000  1.7048  0.0011  0.0000
8.4168  0.5000  1.8278  0.0011  0.0000
8.4221  0.5000  1.9819  0.0011  0.0000
8.4273  0.5000  2.1058  0.0011  0.0000
8.4326  0.5000  2.2297  0.0011  0.0000
8.4379  0.5000  2.3534  0.0011  0.0000
8.4430  0.5000  2.4773  0.0011  0.0000
8.4486  0.5000  2.6007  0.0011  0.0000
8.4542  0.5000  2.7548  0.0011  0.0000
8.4596  0.5000  2.8787  0.0011  0.0000
8.4656  0.5000  3.0335  0.0011  0.0000
8.4710  0.5000  -3.1257  0.0011  0.0000
8.4765  0.5000  -2.9714  0.0011  0.0000
8.4819  0.5000  -2.8486  0.0011  0.0000
8.4875  0.5000  -2.7258  0.0011  0.0000
8.4929  0.5000  -2.5725  0.0011  0.0000
8.4977  0.5000  -2.4502  0.0011  0.0000
8.5046  0.5000  -2.3276  0.0011  0.0000
8.5093  0.5000  -2.1434  0.0011  0.0000
8.5150  0.5000  -2.0509  0.0011  0.0000
8.5219  0.5000  -1.8975  0.0011  0.0000
8.5275  0.5000  -1.7433  0.0011  0.0000
8.5335  0.5000  -1.5897  0.0011  0.0000
8.5389  0.5000  -1.4353  0.0011  0.0000
8.5443  0.5000  -1.3116  0.0011  0.0000
8.5559  0.5000  -1.1882  0.0011  0.0000
8.5618  0.5000  -0.9105  0.0011  0.0000
8.5676  0.5000  -0.7559  0.0011  0.0000
8.5737  0.5000  -0.6015  0.0011  0.0000
8.5804  0.5000  -0.4466  0.0011  0.0000
8.5862  0.5000  -0.2916  0.0011  0.0000
8.5920  0.5000  -0.1352  0.0011  0.0000
8.5981  0.5000  -0.0103  0.0011  0.0000
8.6042  0.5000  0.1459  0.0011  0.0000
8.6138  0.5000  0.3023  0.0011  0.0000
8.6199  0.5000  0.5531  0.0011  0.0000
8.6259  0.5000  0.7093  0.0011  0.0000
8.6319  0.5000  0.8346  0.0011  0.0000
8.6380  0.5000  0.9914  0.0011  0.0000
8.6443  0.5000  1.1486  0.0011  0.0000
8.6503  0.5000  1.3057  0.0011  0.0000
8.6563  0.5000  1.4627  0.0011  0.0000
8.6627  0.5000  1.6196  0.0011  0.0000
8.6682  0.5000  1.7766  0.0011  0.0000
8.6728  0.5000  1.9025  0.0011  0.0000
8.6788  0.5000  2.0292  0.0011  0.0000
8.6844  0.5000  2.1556  0.0011  0.0000
8.6901  0.5000  2.3138  0.0011  0.0000
8.6956  0.5000  2.4403  0.0011  0.0000
8.7013  0.5000  2.5991  0.0011  0.0000
8.7069  0.5000  2.7261  0.0011  0.0000
8.7128  0.5000  2.8845  0.0011  0.0000
8.7186  0.5000  3.0438  0.0011  0.0000
8.7232  0.5000  -3.1125  0.0011  0.0000
8.7294  0.5000  -2.9853  0.0011  0.0000
8.7342  0.5000  -2.8263  0.0011  0.0000
8.7416  0.5000  -2.6983  0.0011  0.0000
8.7474  0.5000  -2.5068  0.0011  0.0000
8.7535  0.5000  -2.3784  0.0011  0.0000
8.7598  0.5000  -2.2183  0.0011  0.0000
8.7663  0.5000  -2.0261  0.0011  0.0000
8.7720  0.5000  -1.8977  0.0011  0.0000
8.7779  0.5000  -1.7372  0.0011  0.0000
8.7836  0.5000  -1.6091  0.0011  0.0000
8.7895  0.5000  -1.4480  0.0011  0.0000
8.7959  0.5000  -1.2870  0.0011  0.0000
8.8019  0.5000  -1.1263  0.0011  0.0000
8.8078  0.5000  -0.9665  0.0011  0.0000
8.8138  0.5000  -0.8384  0.0011  0.0000
8.8202  0.5000  -0.6779  0.0011  0.0000
8.8256  0.5000  -0.5183  0.0011  0.0000
8.8309  0.5000  -0.3903  0.0011  0.0000
8.8365  0.5000  -0.2298  0.0011  0.0000
8.8422  0.5000  -0.1018  0.0011  0.0000
8.8476  0.5000  0.0599  0.0011  0.0000
8.8530  0.5000  0.1886  0.0011  0.0000
8.8585  0.5000  0.3176  0.0011  0.0000
8.8643  0.5000  0.4785  0.0011  0.0000
8.8695  0.5000  0.6079  0.0011  0.0000
8.8748  0.5000  0.7367  0.0011  0.0000
8.8804  0.5000  0.8657  0.0011  0.0000
8.8861  0.5000  1.0273  0.0011  0.0000
8.8915  0.5000  1.1893  0.0011  0.0000
8.8969  0.5000  1.3186  0.0011  0.0000
8.9022  0.5000  1.4490  0.0011  0.0000
8.9076  0.5000  1.5790  0.0011  0.0000
8.9129  0.5000  1.7416  0.0011  0.0000
8.9182  0.5000  1.8718  0.0011  0.0000
8.9238  0.5000  2.0019  0.0011  0.0000
8.9291  0.5000  2.1652  0.0011  0.0000
8.9345  0.5000  2.2952  0.0011  0.0000
8.9400  0.5000  2.4254  0.0011  0.0000
8.9455  0.5000  2.5880  0.0011  0.0000
8.9509  0.5000  2.7177  0.0011  0.0000
8.9561  0.5000  2.8478  0.0011  0.0000
8.9615  0.5000  2.9779  0.0011  0.0000
8.9669  0.5000  3.1407  0.0011  0.0000
8.9723  0.5000  -3.0119  0.0011  0.0000
8.9776  0.5000  -2.8816  0.0011  0.0000
8.9832  0.5000  -2.7511  0.0011  0.0000
8.9888  0.5000  -2.5888  0.0011  0.0000
8.9944  0.5000  -2.4591  0.0011  0.0000
9.0000  0.5000  -2.2965  0.0011  0.0000
9.0063  0.5000  -2.1668  0.0011  0.0000
9.0124  0.5000  -1.9720  0.0011  0.0000
9.0182  0.5000  -1.8419  0.0011  0.0000
9.0243  0.5000  -1.6798  0.0011  0.0000
9.0298  0.5000  -1.5175  0.0011  0.0000
9.0362  0.5000  -1.3874  0.0011  0.0000
9.0420  0.5000  -1.2251  0.0011  0.0000
9.0482  0.5000  -1.0622  0.0011  0.0000
9.0613  0.5000  -0.8999  0.0011  0.0000
9.0669  0.5000  -0.5741  0.0011  0.0000
9.0723  0.5000  -0.4106  0.0011  0.0000
9.0777  0.5000  -0.2799  0.0011  0.0000
9.0831  0.5000  -0.1487  0.0011  0.0000
9.0885  0.5000  0.0153  0.0011  0.0000
9.0938  0.5000  0.1469  0.0011  0.0000
9.0991  0.5000  0.2784  0.0011  0.0000
9.1037  0.5000  0.4095  0.0011  0.0000
9.1089  0.5000  0.5417  0.0011  0.0000
9.1176  0.5000  0.6733  0.0011  0.0000
9.1237  0.5000  0.9047  0.0011  0.0000
9.1293  0.5000  1.0693  0.0011  0.0000
9.1350  0.5000  1.2019  0.0011  0.0000
9.1404  0.5000  1.3683  0.0011  0.0000
9.1459  0.5000  1.5010  0.0011  0.0000
9.1517  0.5000  1.6666  0.0011  0.0000
9.1573  0.5000  1.7991  0.0011  0.0000
9.1627  0.5000  1.9646  0.0011  0.0000
9.1681  0.5000  2.0971  0.0011  0.0000
9.1737  0.5000  2.2300  0.0011  0.0000
9.1801  0.5000  2.3955  0.0011  0.0000
9.1858  0.5000  2.5609  0.0011  0.0000
9.1931  0.5000  2.7260  0.0011  0.0000
9.2010  0.5000  2.9245  0.0011  0.0000
9.2080  0.5000  3.1238  0.0011  0.0000
9.2168  0.5000  -2.9605  0.0011  0.0000
9.2236  0.5000  -2.7606  0.0011  0.0000
9.2302  0.5000  -2.5604  0.0011  0.0000
9.2364  0.5000  -2.3939  0.0011  0.0000
9.2424  0.5000  -2.2262  0.0011  0.0000
9.2480  0.5000  -2.0923  0.0011  0.0000
9.2535  0.5000  -1.9250  0.0011  0.0000
9.2587  0.5000  -1.7911  0.0011  0.0000
9.2646  0.5000  -1.6568  0.0011  0.0000
9.2692  0.5000  -1.4894  0.0011  0.0000
9.2749  0.5000  -1.3553  0.0011  0.0000
9.2818  0.5000  -1.2210  0.0011  0.0000
9.2870  0.5000  -1.0192  0.0011  0.0000
9.2922  0.5000  -0.8849  0.0011  0.0000
9.2977  0.5000  -0.7507  0.0011  0.0000
9.3030  0.5000  -0.6165  0.0011  0.0000
9.3089  0.5000  -0.4491  0.0011  0.0000
9.3144  0.5000  -0.3149  0.0011  0.0000
9.3201  0.5000  -0.1467  0.0011  0.0000
9.3260  0.5000  -0.0126  0.0011  0.0000
9.3320  0.5000  0.1557  0.0011  0.0000
9.3375  0.5000  0.3243  0.0011  0.0000
9.3442  0.5000  0.4585  0.0011  0.0000
9.3499  0.5000  0.6606  0.0011  0.0000
9.3559  0.5000  0.7949  0.0011  0.0000
9.3614  0.5000  0.9630  0.0011  0.0000
9.3671  0.5000  1.0975  0.0011  0.0000
9.3727  0.5000  1.2665  0.0011  0.0000
9.3784  0.5000  1.4012  0.0011  0.0000
9.3841  0.5000  1.5699  0.0011  0.0000
9.3902  0.5000  1.7046  0.0011  0.0000
9.3958  0.5000  1.8738  0.0011  0.0000
9.4015  0.5000  2.0424  0.0011  0.0000
9.4072  0.5000  2.1780  0.0011  0.0000
9.4130  0.5000  2.3475  0.0011  0.0000
9.4187  0.5000  2.5166  0.0011  0.0000
9.4246  0.5000  2.6524  0.0011  0.0000
9.4303  0.5000  2.8218  0.0011  0.0000
9.4361  0.5000  2.9574  0.0011  0.0000
9.4419  0.5000  3.1265  0.0011  0.0000
9.4476  0.5000  -2.9868  0.0011  0.0000
9.4532  0.5000  -2.8510  0.0011  0.0000
9.4589  0.5000  -2.6812  0.0011  0.0000
9.4641  0.5000  -2.5448  0.0011  0.0000
9.4703  0.5000  -2.4095  0.0011  0.0000
9.4760  0.5000  -2.2394  0.0011  0.0000
9.4816  0.5000  -2.0704  0.0011  0.0000
9.4874  0.5000  -1.9350  0.0011  0.0000
9.4931  0.5000  -1.7657  0.0011  0.0000
9.4993  0.5000  -1.6304  0.0011  0.0000
9.5051  0.5000  -1.4619  0.0011  0.0000
9.5113  0.5000  -1.2929  0.0011  0.0000
9.5175  0.5000  -1.1244  0.0011  0.0000
9.5243  0.5000  -0.9554  0.0011  0.0000
9.5303  0.5000  -0.7534  0.0011  0.0000
9.5375  0.5000  -0.6184  0.0011  0.0000
9.5423  0.5000  -0.4157  0.0011  0.0000
9.5486  0.5000  -0.2809  0.0011  0.0000
9.5631  0.5000  -0.1115  0.0011  0.0000
9.5691  0.5000  0.2623  0.0011  0.0000
9.5749  0.5000  0.4326  0.0011  0.0000
9.5817  0.5000  0.5689  0.0011  0.0000
9.5876  0.5000  0.7734  0.0011  0.0000
9.5932  0.5000  0.9431  0.0011  0.0000
9.5990  0.5000  1.0790  0.0011  0.0000
9.6050  0.5000  1.2486  0.0011  0.0000
9.6107  0.5000  1.3844  0.0011  0.0000
9.6204  0.5000  1.5538  0.0011  0.0000
9.6263  0.5000  1.8243  0.0011  0.0000
9.6324  0.5000  1.9938  0.0011  0.0000
9.6384  0.5000  2.1286  0.0011  0.0000
9.6441  0.5000  2.2972  0.0011  0.0000
9.6496  0.5000  2.4657  0.0011  0.0000
9.6550  0.5000  2.6001  0.0011  0.0000
9.6607  0.5000  2.7346  0.0011  0.0000
9.6661  0.5000  2.9025  0.0011  0.0000
9.6719  0.5000  3.0371  0.0011  0.0000
9.6776  0.5000  -3.0783  0.0011  0.0000
9.6832  0.5000  -2.9440  0.0011  0.0000
9.6888  0.5000  -2.7760  0.0011  0.0000
9.6944  0.5000  -2.6418  0.0011  0.0000
9.7002  0.5000  -2.4733  0.0011  0.0000
9.7048  0.5000  -2.3390  0.0011  0.0000
9.7105  0.5000  -2.2045  0.0011  0.0000
9.7162  0.5000  -2.0363  0.0011  0.0000
9.7220  0.5000  -1.9017  0.0011  0.0000
9.7275  0.5000  -1.7332  0.0011  0.0000
9.7328  0.5000  -1.5981  0.0011  0.0000
9.7380  0.5000  -1.4629  0.0011  0.0000
9.7435  0.5000  -1.3286  0.0011  0.0000
9.7505  0.5000  -1.1271  0.0011  0.0000
9.7561  0.5000  -0.9934  0.0011  0.0000
9.7629  0.5000  -0.8260  0.0011  0.0000
9.7724  0.5000  -0.5583  0.0011  0.0000
9.7782  0.5000  -0.3915  0.0011  0.0000
9.7832  0.5000  -0.2240  0.0011  0.0000
9.7894  0.5000  -0.1234  0.0011  0.0000
9.7953  0.5000  0.0444  0.0011  0.0000
9.8012  0.5000  0.2116  0.0011  0.0000
9.8070  0.5000  0.3789  0.0011  0.0000
9.8124  0.5000  0.5130  0.0011  0.0000
9.8179  0.5000  0.6807  0.0011  0.0000
9.8243  0.5000  0.8152  0.0011  0.0000
9.8298  0.5000  0.9834  0.0011  0.0000
9.8354  0.5000  1.1518  0.0011  0.0000
9.8409  0.5000  1.2873  0.0011  0.0000
9.8464  0.5000  1.4223  0.0011  0.0000
9.8518  0.5000  1.5914  0.0011  0.0000
9.8574  0.5000  1.7268  0.0011  0.0000
9.8631  0.5000  1.8960  0.0011  0.0000
9.8691  0.5000  2.0314  0.0011  0.0000
9.8750  0.5000  2.2012  0.0011  0.0000
9.8808  0.5000  2.3708  0.0011  0.0000
9.8868  0.5000  2.5070  0.0011  0.0000
9.8924  0.5000  2.6770  0.0011  0.0000
9.8982  0.5000  2.8467  0.0011  0.0000
9.9041  0.5000  2.9829  0.0011  0.0000
9.9103  0.5000  -3.1301  0.0011  0.0000
9.9165  0.5000  -2.9597  0.0011  0.0000
9.9223  0.5000  -2.7894  0.0011  0.0000
9.9283  0.5000  -2.6526  0.0011  0.0000
9.9341  0.5000  -2.4821  0.0011  0.0000
9.9399  0.5000  -2.3124  0.0011  0.0000
9.9458  0.5000  -2.1767  0.0011  0.0000
9.9515  0.5000  -2.0071  0.0011  0.0000
9.9575  0.5000  -1.8373  0.0011  0.0000
9.9634  0.5000  -1.7015  0.0011  0.0000
9.9694  0.5000  -1.5318  0.0011  0.0000
9.9750  0.5000  -1.3619  0.0011  0.0000
9.9809  0.5000  -1.2257  0.0011  0.0000
9.9867  0.5000  -1.0564  0.0011  0.0000
9.9925  0.5000  -0.8860  0.0011  0.0000
9.9983  0.5000  -0.7496  0.0011  0.0000
10.0054  0.5000  -0.5791  0.0011  0.0000
10.0121  0.5000  -0.3738  0.0011  0.0000
10.0284  0.0000  -0.0664  0.0664  0.0000
10.0343  0.0000  0.2411  -0.2411  0.0000
10.0417  0.0000  0.4121  -0.4121  0.0000
10.0479  0.0000  0.6176  -0.6176  0.0000
10.0537  0.0000  0.7548  -0.7548  0.0000
10.0596  0.0000  0.9261  -0.9261  0.0000
10.0660  0.0000  1.0979  -1.0979  0.0000
10.0717  0.0000  1.2690  -1.2690  0.0000
10.0778  0.0000  1.4060  -1.4060  0.0000
10.0838  0.0000  1.5781  -1.5781  0.0000
10.0895  0.0000  1.7498  -1.7498  0.0000
10.0954  0.0000  1.9204  -1.9204  0.0000
10.1011  0.0000  2.0566  -2.0566  0.0000
10.1070  0.0000  2.2273  -2.2273  0.0000
10.1129  0.0000  2.3623  -2.3623  0.0000
10.1224  0.0000  2.5305  -2.5305  0.0000
10.1284  0.0000  2.7923  -2.7923  0.0000
10.1342  0.0000  2.9552  -2.9552  0.0000
10.1398  0.0000  3.0848  -3.0848  0.0000
10.1461  0.0000  -3.0374  3.0374  0.0000
10.1519  0.0000  -2.8777  2.8777  0.0000
10.1575  0.0000  -2.7506  2.7506  0.0000
10.1631  0.0000  -2.5936  2.5936  0.0000
10.1677  0.0000  -2.4694  2.4694  0.0000
10.1737  0.0000  -2.3454  2.3454  0.0000
10.1794  0.0000  -2.1912  2.1912  0.0000
10.1850  0.0000  -2.0685  2.0685  0.0000
10.1910  0.0000  -1.9182  1.9182  0.0000
10.1968  0.0000  -1.7980  1.7980  0.0000
10.2025  0.0000  -1.6488  1.6488  0.0000
10.2180  0.0000  -1.5018  1.5018  0.0000
10.2244  0.0000  -1.1541  1.1541  0.0000
10.2319  0.0000  -1.0119  1.0119  0.0000
10.2415  0.0000  -0.7853  0.7853  0.0000
10.2476  0.0000  -0.6164  0.6164  0.0000
10.2538  0.0000  -0.4786  0.4786  0.0000
10.2601  0.0000  -0.3426  0.3426  0.0000
10.2664  0.0000  -0.2337  0.2337  0.0000
10.2718  0.0000  -0.0725  0.0725  0.0000
10.2772  0.0000  0.0353  -0.0353  0.0000
10.2833  0.0000  0.1403  -0.1403  0.0000
10.2905  0.0000  0.2959  -0.2959  0.0000
10.2963  0.0000  0.4242  -0.4242  0.0000
10.3036  0.0000  0.5259  -0.5259  0.0000
10.3092  0.0000  0.6766  -0.6766  0.0000
10.3145  0.0000  0.7772  -0.7772  0.0000
10.3196  0.0000  0.9011  -0.9011  0.0000
10.3249  0.0000  0.9999  -0.9999  0.0000
10.3302  0.0000  1.0973  -1.0973  0.0000
10.3353  0.0000  1.1933  -1.1933  0.0000
10.3406  0.0000  1.2885  -1.2885  0.0000
10.3460  0.0000  1.3830  -1.3830  0.0000
10.3515  0.0000  1.4996  -1.4996  0.0000
10.3570  0.0000  1.5928  -1.5928  0.0000
10.3625  0.0000  1.7085  -1.7085  0.0000
10.3681  0.0000  1.7997  -1.7997  0.0000
10.3736  0.0000  1.8909  -1.8909  0.0000
10.3792  0.0000  2.0045  -2.0045  0.0000
10.3848  0.0000  2.0942  -2.0942  0.0000
10.3904  0.0000  2.2059  -2.2059  0.0000
10.3958  0.0000  2.2931  -2.2931  0.0000
10.4016  0.0000  2.4013  -2.4013  0.0000
10.4073  0.0000  2.4872  -2.4872  0.0000
10.4127  0.0000  2.5932  -2.5932  0.0000
10.4182  0.0000  2.6774  -2.6774  0.0000
10.4235  0.0000  2.7615  -2.7615  0.0000
10.4290  0.0000  2.8652  -2.8652  0.0000
10.4346  0.0000  2.9473  -2.9473  0.0000
10.4404  0.0000  3.0486  -3.0486  0.0000
10.4464  0.0000  3.1292  -3.1292  0.0000
10.4522  0.0000  -3.0534  3.0534  0.0000
10.4570  0.0000  -2.9538  2.9538  0.0000
10.4631  0.0000  -2.8949  2.8949  0.0000
10.4694  0.0000  -2.7969  2.7969  0.0000
10.4751  0.0000  -2.6996  2.6996  0.0000
10.4810  0.0000  -2.6042  2.6042  0.0000
10.4868  0.0000  -2.5092  2.5092  0.0000
10.4925  0.0000  -2.4334  2.4334  0.0000
10.4983  0.0000  -2.3398  2.3398  0.0000
10.5043  0.0000  -2.2651  2.2651  0.0000
10.5107  0.0000  -2.1731  2.1731  0.0000
10.5167  0.0000  -2.0830  2.0830  0.0000
10.5230  0.0000  -1.9935  1.9935  0.0000
10.5375  0.0000  -1.9047  1.9047  0.0000
10.5430  0.0000  -1.6944  1.6944  0.0000
10.5487  0.0000  -1.6255  1.6255  0.0000
10.5543  0.0000  -1.5581  1.5581  0.0000
10.5596  0.0000  -1.4743  1.4743  0.0000
10.5651  0.0000  -1.4079  1.4079  0.0000
10.5706  0.0000  -1.3258  1.3258  0.0000
10.5759  0.0000  -1.2604  1.2604  0.0000
10.5820  0.0000  -1.1956  1.1956  0.0000
10.5877  0.0000  -1.1149  1.1149  0.0000
10.5934  0.0000  -1.0367  1.0367  0.0000
10.5992  0.0000  -0.9755  0.9755  0.0000
10.6049  0.0000  -0.8992  0.8992  0.0000
10.6110  0.0000  -0.8381  0.8381  0.0000
10.6167  0.0000  -0.7622  0.7622  0.0000
10.6262  0.0000  -0.6874  0.6874  0.0000
10.6320  0.0000  -0.5841  0.5841  0.0000
10.6377  0.0000  -0.5121  0.5121  0.0000
10.6437  0.0000  -0.4558  0.4558  0.0000
10.6495  0.0000  -0.3855  0.3855  0.0000
10.6554  0.0000  -0.3152  0.3152  0.0000
10.6624  0.0000  -0.2598  0.2598  0.0000
10.6682  0.0000  -0.1779  0.1779  0.0000
10.6731  0.0000  -0.1106  0.1106  0.0000
10.6790  0.0000  -0.0572  0.0572  0.0000
10.6849  0.0000  -0.0046  0.0046  0.0000
10.6910  0.0000  0.0600  -0.0600  0.0000
10.6968  0.0000  0.1238  -0.1238  0.0000
10.7029  0.0000  0.1874  -0.1874  0.0000
10.7086  0.0000  0.2379  -0.2379  0.0000
10.7144  0.0000  0.2997  -0.2997  0.0000
10.7203  0.0000  0.3491  -0.3491  0.0000
10.7260  0.0000  0.4098  -0.4098  0.0000
10.7317  0.0000  0.4692  -0.4692  0.0000
10.7372  0.0000  0.5157  -0.5157  0.0000
10.7428  0.0000  0.5730  -0.5730  0.0000
10.7487  0.0000  0.6188  -0.6188  0.0000
10.7544  0.0000  0.6760  -0.6760  0.0000
10.7614  0.0000  0.7210  -0.7210  0.0000
10.7686  0.0000  0.7880  -0.7880  0.0000
10.7747  0.0000  0.8531  -0.8531  0.0000
10.7826  0.0000  0.9066  -0.9066  0.0000
10.7886  0.0000  0.9698  -0.9698  0.0000
10.7945  0.0000  1.0210  -1.0210  0.0000
10.8005  0.0000  1.0603  -1.0603  0.0000
10.8062  0.0000  1.1103  -1.1103  0.0000
10.8121  0.0000  1.1593  -1.1593  0.0000
10.8182  0.0000  1.1987  -1.1987  0.0000
10.8240  0.0000  1.2474  -1.2474  0.0000
10.8295  0.0000  1.2955  -1.2955  0.0000
10.8354  0.0000  1.3336  -1.3336  0.0000
10.8409  0.0000  1.3807  -1.3807  0.0000
10.8465  0.0000  1.4172  -1.4172  0.0000
10.8523  0.0000  1.4619  -1.4619  0.0000
10.8580  0.0000  1.5053  -1.5053  0.0000
10.8643  0.0000  1.5398  -1.5398  0.0000
10.8700  0.0000  1.5827  -1.5827  0.0000
10.8754  0.0000  1.6159  -1.6159  0.0000
10.8811  0.0000  1.6576  -1.6576  0.0000
10.8865  0.0000  1.6909  -1.6909  0.0000
10.8920  0.0000  1.7318  -1.7318  0.0000
10.8974  0.0000  1.7641  -1.7641  0.0000
10.9029  0.0000  1.7962  -1.7962  0.0000
10.9093  0.0000  1.8358  -1.8358  0.0000
10.9148  0.0000  1.8750  -1.8750  0.0000
10.9194  0.0000  1.9058  -1.9058  0.0000
10.9251  0.0000  1.9359  -1.9359  0.0000
10.9306  0.0000  1.9653  -1.9653  0.0000
10.9363  0.0000  2.0014  -2.0014  0.0000
10.9421  0.0000  2.0300  -2.0300  0.0000
10.9479  0.0000  2.0654  -2.0654  0.0000
10.9537  0.0000  2.0997  -2.0997  0.0000
10.9595  0.0000  2.1270  -2.1270  0.0000
10.9652  0.0000  2.1610  -2.1610  0.0000
10.9711  0.0000  2.1880  -2.1880  0.0000
10.9769  0.0000  2.2210  -2.2210  0.0000
10.9828  0.0000  2.2536  -2.2536  0.0000
10.9884  0.0000  2.2795  -2.2795  0.0000
10.9945  0.0000  2.3112  -2.3112  0.0000
11.0003  0.0000  2.3424  -2.3424  0.0000
11.0059  0.0000  2.3670  -2.3670  0.0000
11.0118  0.0000  2.3969  -2.3969  0.0000
11.0179  0.0000  2.4260  -2.4260  0.0000
11.0254  0.0000  2.4487  -2.4487  0.0000
11.0411  0.0000  2.4878  -2.4878  0.0000
11.0477  0.0000  2.5521  -2.5521  0.0000
11.0535  0.0000  2.5776  -2.5776  0.0000
11.0591  0.0000  2.6030  -2.6030  0.0000
11.0640  0.0000  2.6230  -2.6230  0.0000
11.0697  0.0000  2.6429  -2.6429  0.0000
11.0756  0.0000  2.6672  -2.6672  0.0000
11.0802  0.0000  2.6865  -2.6865  0.0000
11.0862  0.0000  2.7055  -2.7055  0.0000
11.0918  0.0000  2.7290  -2.7290  0.0000
11.0962  0.0000  2.7474  -2.7474  0.0000
11.1024  0.0000  2.7655  -2.7655  0.0000
11.1081  0.0000  2.7878  -2.7878  0.0000
11.1125  0.0000  2.8054  -2.8054  0.0000
11.1186  0.0000  2.8227  -2.8227  0.0000
11.1300  0.0000  2.8436  -2.8436  0.0000
11.1346  0.0000  2.8793  -2.8793  0.0000
11.1407  0.0000  2.8907  -2.8907  0.0000
11.1455  0.0000  2.9095  -2.9095  0.0000
11.1514  0.0000  2.9241  -2.9241  0.0000
11.1571  0.0000  2.9419  -2.9419  0.0000
11.1629  0.0000  2.9558  -2.9558  0.0000
11.1674  0.0000  2.9730  -2.9730  0.0000
11.1733  0.0000  2.9830  -2.9830  0.0000
11.1788  0.0000  2.9994  -2.9994  0.0000
11.1847  0.0000  3.0151  -3.0151  0.0000
11.1892  0.0000  3.0273  -3.0273  0.0000
11.1950  0.0000  3.0392  -3.0392  0.0000
11.2010  0.0000  3.0510  -3.0510  0.0000
11.2055  0.0000  3.0654  -3.0654  0.0000
11.2114  0.0000  3.0767  -3.0767  0.0000
11.2176  0.0000  3.0906  -3.0906  0.0000
11.2235  0.0000  3.1042  -3.1042  0.0000
11.2294  0.0000  3.1146  -3.1146  0.0000
11.2361  0.0000  3.1275  -3.1275  0.0000
11.2411  0.0000  3.1398  -3.1398  0.0000
11.2470  0.0000  -3.1338  3.1338  0.0000
11.2517  0.0000  -3.1221  3.1221  0.0000
11.2603  0.0000  -3.1130  3.1130  0.0000
11.2659  0.0000  -3.0998  3.0998  0.0000
11.2703  0.0000  -3.0893  3.0893  0.0000
11.2760  0.0000  -3.0832  3.0832  0.0000
11.2811  0.0000  -3.0733  3.0733  0.0000
11.2877  0.0000  -3.0656  3.0656  0.0000
11.2930  0.0000  -3.0564  3.0564  0.0000
11.2986  0.0000  -3.0474  3.0474  0.0000
11.3028  0.0000  -3.0404  3.0404  0.0000
11.3078  0.0000  -3.0354  3.0354  0.0000
11.3127  0.0000  -3.0289  3.0289  0.0000
11.3177  0.0000  -3.0226  3.0226  0.0000
11.3226  0.0000  -3.0167  3.0167  0.0000
11.3279  0.0000  -3.0111  3.0111  0.0000
11.3333  0.0000  -3.0059  3.0059  0.0000
11.3385  0.0000  -3.0009  3.0009  0.0000
11.3437  0.0000  -2.9951  2.9951  0.0000
11.3489  0.0000  -2.9906  2.9906  0.0000
11.3545  0.0000  -2.9864  2.9864  0.0000
11.3598  0.0000  -2.9823  2.9823  0.0000
11.3655  0.0000  -2.9777  2.9777  0.0000
11.3710  0.0000  -2.9743  2.9743  0.0000
11.3764  0.0000  -2.9705  2.9705  0.0000
11.3819  0.0000  -2.9678  2.9678  0.0000
11.3874  0.0000  -2.9654  2.9654  0.0000
11.3926  0.0000  -2.9628  2.9628  0.0000
11.3982  0.0000  -2.9610  2.9610  0.0000
11.4040  0.0000  -2.9596  2.9596  0.0000
11.4097  0.0000  -2.9582  2.9582  0.0000
11.4167  0.0000  -2.9574  2.9574  0.0000
11.4218  0.0000  -2.9569  2.9569  0.0000
11.4279  0.0000  -2.9569  2.9569  0.0000
11.4334  0.0000  -2.9570  2.9570  0.0000
11.4392  0.0000  -2.9575  2.9575  0.0000
11.4454  0.0000  -2.9582  2.9582  0.0000
11.4514  0.0000  -2.9592  2.9592  0.0000
11.4568  0.0000  -2.9605  2.9605  0.0000
11.4625  0.0000  -2.9616  2.9616  0.0000
11.4680  0.0000  -2.9631  2.9631  0.0000
11.4735  0.0000  -2.9645  2.9645  0.0000
11.4791  0.0000  -2.9658  2.9658  0.0000
11.4850  0.0000  -2.9674  2.9674  0.0000
11.4910  0.0000  -2.9692  2.9692  0.0000
11.4970  0.0000  -2.9707  2.9707  0.0000
11.5033  0.0000  -2.9724  2.9724  0.0000
11.5094  0.0000  -2.9741  2.9741  0.0000
11.5154  0.0000  -2.9760  2.9760  0.0000
11.5238  0.0000  -2.9775  2.9775  0.0000
11.5290  0.0000  -2.9799  2.9799  0.0000
11.5424  0.0000  -2.9811  2.9811  0.0000
11.5500  0.0000  -2.9844  2.9844  0.0000
11.5564  0.0000  -2.9860  2.9860  0.0000
11.5629  0.0000  -2.9874  2.9874  0.0000
11.5688  0.0000  -2.9885  2.9885  0.0000
11.5746  0.0000  -2.9894  2.9894  0.0000
11.5805  0.0000  -2.9904  2.9904  0.0000
11.5864  0.0000  -2.9914  2.9914  0.0000
11.5923  0.0000  -2.9921  2.9921  0.0000
11.5980  0.0000  -2.9929  2.9929  0.0000
11.6036  0.0000  -2.9935  2.9935  0.0000
11.6090  0.0000  -2.9941  2.9941  0.0000
11.6145  0.0000  -2.9944  2.9944  0.0000
11.6200  0.0000  -2.9949  2.9949  0.0000
11.6272  0.0000  -2.9951  2.9951  0.0000
11.6356  0.0000  -2.9955  2.9955  0.0000
11.6413  0.0000  -2.9956  2.9956  0.0000
11.6472  0.0000  -2.9957  2.9957  0.0000
11.6529  0.0000  -2.9956  2.9956  0.0000
11.6586  0.0000  -2.9956  2.9956  0.0000
11.6643  0.0000  -2.9954  2.9954  0.0000
11.6701  0.0000  -2.9952  2.9952  0.0000
11.6760  0.0000  -2.9949  2.9949  0.0000
11.6819  0.0000  -2.9946  2.9946  0.0000
11.6876  0.0000  -2.9943  2.9943  0.0000
11.6935  0.0000  -2.9940  2.9940  0.0000
11.6991  0.0000  -2.9936  2.9936  0.0000
11.7050  0.0000  -2.9932  2.9932  0.0000
11.7109  0.0000  -2.9929  2.9929  0.0000
11.7166  0.0000  -2.9923  2.9923  0.0000
11.7226  0.0000  -2.9921  2.9921  0.0000
11.7283  0.0000  -2.9916  2.9916  0.0000
11.7342  0.0000  -2.9913  2.9913  0.0000
11.7401  0.0000  -2.9910  2.9910  0.0000
11.7461  0.0000  -2.9905  2.9905  0.0000
11.7518  0.0000  -2.9901  2.9901  0.0000
11.7576  0.0000  -2.9899  2.9899  0.0000
11.7633  0.0000  -2.9895  2.9895  0.0000
11.7690  0.0000  -2.9893  2.9893  0.0000
11.7757  0.0000  -2.9890  2.9890  0.0000
11.7824  0.0000  -2.9886  2.9886  0.0000
11.7900  0.0000  -2.9884  2.9884  0.0000
11.7968  0.0000  -2.9882  2.9882  0.0000
11.8035  0.0000  -2.9880  2.9880  0.0000
11.8094  0.0000  -2.9879  2.9879  0.0000
11.8151  0.0000  -2.9878  2.9878  0.0000
11.8214  0.0000  -2.9877  2.9877  0.0000
11.8281  0.0000  -2.9877  2.9877  0.0000
11.8342  0.0000  -2.9878  2.9878  0.0000
11.8404  0.0000  -2.9878  2.9878  0.0000
11.8462  0.0000  -2.9879  2.9879  0.0000
11.8519  0.0000  -2.9879  2.9879  0.0000
11.8576  0.0000  -2.9879  2.9879  0.0000
11.8621  0.0000  -2.9881  2.9881  0.0000
11.8679  0.0000  -2.9882  2.9882  0.0000
11.8737  0.0000  -2.9883  2.9883  0.0000
11.8795  0.0000  -2.9884  2.9884  0.0000
11.8857  0.0000  -2.9885  2.9885  0.0000
11.8915  0.0000  -2.9886  2.9886  0.0000
11.8972  0.0000  -2.9886  2.9886  0.0000
11.9037  0.0000  -2.9887  2.9887  0.0000
11.9103  0.0000  -2.9888  2.9888  0.0000
11.9167  0.0000  -2.9889  2.9889  0.0000
11.9231  0.0000  -2.9888  2.9888  0.0000
11.9312  0.0000  -2.9889  2.9889  0.0000
11.9378  0.0000  -2.9888  2.9888  0.0000
11.9444  0.0000  -2.9888  2.9888  0.0000
11.9509  0.0000  -2.9888  2.9888  0.0000
11.9574  0.0000  -2.9887  2.9887  0.0000
11.9621  0.0000  -2.9886  2.9886  0.0000
11.9679  0.0000  -2.9885  2.9885  0.0000
11.9736  0.0000  -2.9885  2.9885  0.0000
11.9781  0.0000  -2.9884  2.9884  0.0000
11.9841  0.0000  -2.9885  2.9885  0.0000
11.9898  0.0000  -2.9884  2.9884  0.0000
11.9959  0.0000  -2.9883  2.9883  0.0000
12.0016  0.0000  -2.9882  2.9882  0.0000
12.0073  0.0000  -2.9883  2.9883  0.0000
12.0130  0.0000  -2.9882  2.9882  0.0000
12.0190  0.0000  -2.9882  2.9882  0.0000
12.0273  0.0000  -2.9882  2.9882  0.0000
12.0331  0.0000  -2.9882  2.9882  0.0000
12.0489  0.0000  -2.9882  2.9882  0.0000
12.0561  0.0000  -2.9883  2.9883  0.0000
12.0629  0.0000  -2.9883  2.9883  0.0000
12.0689  0.0000  -2.9884  2.9884  0.0000
12.0755  0.0000  -2.9884  2.9884  0.0000
12.0812  0.0000  -2.9885  2.9885  0.0000
12.0869  0.0000  -2.9885  2.9885  0.0000
12.0932  0.0000  -2.9885  2.9885  0.0000
12.0993  0.0000  -2.9885  2.9885  0.0000
12.1051  0.0000  -2.9885  2.9885  0.0000
12.1097  0.0000  -2.9885  2.9885  0.0000
12.1156  0.0000  -2.9885  2.9885  0.0000
12.1214  0.0000  -2.9885  2.9885  0.0000
12.1260  0.0000  -2.9884  2.9884  0.0000
12.1331  0.0000  -2.9885  2.9885  0.0000
12.1416  0.0000  -2.9884  2.9884  0.0000
12.1477  0.0000  -2.9884  2.9884  0.0000
12.1542  0.0000  -2.9883  2.9883  0.0000
12.1588  0.0000  -2.9884  2.9884  0.0000
12.1649  0.0000  -2.9883  2.9883  0.0000
12.1695  0.0000  -2.9883  2.9883  0.0000
12.1753  0.0000  -2.9883  2.9883  0.0000
12.1810  0.0000  -2.9883  2.9883  0.0000
12.1868  0.0000  -2.9883  2.9883  0.0000
12.1926  0.0000  -2.9883  2.9883  0.0000
12.1987  0.0000  -2.9883  2.9883  0.0000
12.2046  0.0000  -2.9883  2.9883  0.0000
12.2106  0.0000  -2.9883  2.9883  0.0000
12.2167  0.0000  -2.9883  2.9883  0.0000
12.2227  0.0000  -2.9883  2.9883  0.0000
12.2288  0.0000  -2.9884  2.9884  0.0000
12.2349  0.0000  -2.9883  2.9883  0.0000
12.2398  0.0000  -2.9884  2.9884  0.0000
12.2455  0.0000  -2.9884  2.9884  0.0000
12.2509  0.0000  -2.9884  2.9884  0.0000
12.2564  0.0000  -2.9884  2.9884  0.0000
12.2624  0.0000  -2.9885  2.9885  0.0000
12.2682  0.0000  -2.9884  2.9884  0.0000
12.2740  0.0000  -2.9884  2.9884  0.0000
12.2845  0.0000  -2.9884  2.9884  0.0000
12.2926  0.0000  -2.9884  2.9884  0.0000
12.3000  0.0000  -2.9883  2.9883  0.0000
12.3070  0.0000  -2.9883  2.9883  0.0000
12.3126  0.0000  -2.9883  2.9883  0.0000
12.3181  0.0000  -2.9883  2.9883  0.0000
12.3239  0.0000  -2.9883  2.9883  0.0000
12.3295  0.0000  -2.9883  2.9883  0.0000
12.3351  0.0000  -2.9883  2.9883  0.0000
12.3408  0.0000  -2.9883  2.9883  0.0000
12.3451  0.0000  -2.9883  2.9883  0.0000
12.3540  0.0000  -2.9884  2.9884  0.0000
12.3591  0.0000  -2.9884  2.9884  0.0000
12.3644  0.0000  -2.9884  2.9884  0.0000
12.3693  0.0000  -2.9884  2.9884  0.0000
12.3743  0.0000  -2.9884  2.9884  0.0000
12.3790  0.0000  -2.9884  2.9884  0.0000
12.3841  0.0000  -2.9884  2.9884  0.0000
12.3888  0.0000  -2.9884  2.9884  0.0000
12.3938  0.0000  -2.9885  2.9885  0.0000
12.3990  0.0000  -2.9884  2.9884  0.0000
12.4044  0.0000  -2.9884  2.9884  0.0000
12.4094  0.0000  -2.9885  2.9885  0.0000
12.4144  0.0000  -2.9884  2.9884  0.0000
12.4198  0.0000  -2.9885  2.9885  0.0000
12.4256  0.0000  -2.9884  2.9884  0.0000
12.4317  0.0000  -2.9884  2.9884  0.0000
12.4377  0.0000  -2.9884  2.9884  0.0000
12.4431  0.0000  -2.9884  2.9884  0.0000
12.4485  0.0000  -2.9885  2.9885  0.0000
12.4540  0.0000  -2.9884  2.9884  0.0000
12.4594  0.0000  -2.9884  2.9884  0.0000
12.4647  0.0000  -2.9884  2.9884  0.0000
12.4702  0.0000  -2.9884  2.9884  0.0000
12.4755  0.0000  -2.9884  2.9884  0.0000
12.4809  0.0000  -2.9884  2.9884  0.0000
12.4863  0.0000  -2.9884  2.9884  0.0000
12.4917  0.0000  -2.9884  2.9884  0.0000
12.4971  0.0000  -2.9884  2.9884  0.0000
12.5027  0.0000  -2.9884  2.9884  0.0000
12.5081  0.0000  -2.9884  2.9884  0.0000
12.5134  0.0000  -2.9884  2.9884  0.0000
12.5189  0.0000  -2.9884  2.9884  0.0000
12.5243  0.0000  -2.9884  2.9884  0.0000
12.5298  0.0000  -2.9884  2.9884  0.0000
12.5355  0.0000  -2.9884  2.9884  0.0000
12.5492  0.0000  -2.9884  2.9884  0.0000
12.5550  0.0000  -2.9884  2.9884  0.0000
12.5623  0.0000  -2.9885  2.9885  0.0000
12.5687  0.0000  -2.9884  2.9884  0.0000
12.5768  0.0000  -2.9884  2.9884  0.0000
12.5834  0.0000  -2.9884  2.9884  0.0000
12.5892  0.0000  -2.9884  2.9884  0.0000
12.5942  0.0000  -2.9883  2.9883  0.0000
12.6005  0.0000  -2.9884  2.9884  0.0000
12.6075  0.0000  -2.9884  2.9884  0.0000
12.6135  0.0000  -2.9884  2.9884  0.0000
12.6195  0.0000  -2.9884  2.9884  0.0000
12.6256  0.0000  -2.9884  2.9884  0.0000
12.6311  0.0000  -2.9884  2.9884  0.0000
12.6378  0.0000  -2.9885  2.9885  0.0000
12.6454  0.0000  -2.9885  2.9885  0.0000
12.6508  0.0000  -2.9884  2.9884  0.0000
12.6563  0.0000  -2.9885  2.9885  0.0000
12.6623  0.0000  -2.9884  2.9884  0.0000
12.6677  0.0000  -2.9884  2.9884  0.0000
12.6738  0.0000  -2.9885  2.9885  0.0000
12.6792  0.0000  -2.9884  2.9884  0.0000
12.6845  0.0000  -2.9884  2.9884  0.0000
12.6898  0.0000  -2.9885  2.9885  0.0000
12.6952  0.0000  -2.9884  2.9884  0.0000
12.7006  0.0000  -2.9884  2.9884  0.0000
12.7070  0.0000  -2.9885  2.9885  0.0000
12.7123  0.0000  -2.9884  2.9884  0.0000
12.7182  0.0000  -2.9884  2.9884  0.0000
12.7236  0.0000  -2.9885  2.9885  0.0000
12.7289  0.0000  -2.9885  2.9885  0.0000
12.7344  0.0000  -2.9884  2.9884  0.0000
12.7398  0.0000  -2.9885  2.9885  0.0000
12.7453  0.0000  -2.9885  2.9885  0.0000
12.7507  0.0000  -2.9884  2.9884  0.0000
12.7553  0.0000  -2.9884  2.9884  0.0000
12.7607  0.0000  -2.9885  2.9885  0.0000
12.7660  0.0000  -2.9884  2.9884  0.0000
12.7713  0.0000  -2.9884  2.9884  0.0000
12.7767  0.0000  -2.9885  2.9885  0.0000
12.7826  0.0000  -2.9884  2.9884  0.0000
12.7879  0.0000  -2.9884  2.9884  0.0000
12.7930  0.0000  -2.9884  2.9884  0.0000
12.7984  0.0000  -2.9884  2.9884  0.0000
12.8046  0.0000  -2.9884  2.9884  0.0000
12.8107  0.0000  -2.9884  2.9884  0.0000
12.8160  0.0000  -2.9884  2.9884  0.0000
12.8226  0.0000  -2.9884  2.9884  0.0000
12.8287  0.0000  -2.9884  2.9884  0.0000
12.8343  0.0000  -2.9884  2.9884  0.0000
12.8402  0.0000  -2.9884  2.9884  0.0000
12.8460  0.0000  -2.9884  2.9884  0.0000
12.8513  0.0000  -2.9885  2.9885  0.0000
12.8566  0.0000  -2.9885  2.9885  0.0000
12.8621  0.0000  -2.9884  2.9884  0.0000
12.8673  0.0000  -2.9884  2.9884  0.0000
12.8728  0.0000  -2.9885  2.9885  0.0000
12.8783  0.0000  -2.9885  2.9885  0.0000
12.8839  0.0000  -2.9885  2.9885  0.0000
12.8883  0.0000  -2.9885  2.9885  0.0000
12.8939  0.0000  -2.9885  2.9885  0.0000
12.8994  0.0000  -2.9885  2.9885  0.0000
12.9054  0.0000  -2.9885  2.9885  0.0000
12.9111  0.0000  -2.9885  2.9885  0.0000
12.9172  0.0000  -2.9886  2.9886  0.0000
12.9254  0.0000  -2.9885  2.9885  0.0000
12.9320  0.0000  -2.9885  2.9885  0.0000
12.9380  0.0000  -2.9885  2.9885  0.0000
12.9446  0.0000  -2.9885  2.9885  0.0000
12.9505  0.0000  -2.9885  2.9885  0.0000
12.9568  0.0000  -2.9885  2.9885  0.0000
12.9631  0.0000  -2.9885  2.9885  0.0000
12.9691  0.0000  -2.9885  2.9885  0.0000
12.9751  0.0000  -2.9885  2.9885  0.0000
12.9814  0.0000  -2.9885  2.9885  0.0000
12.9872  0.0000  -2.9886  2.9886  0.0000
12.9918  0.0000  -2.9885  2.9885  0.0000
12.9976  0.0000  -2.9885  2.9885  0.0000
13.0034  0.0000  -2.9885  2.9885  0.0000
13.0080  0.0000  -2.9884  2.9884  0.0000
13.0141  0.0000  -2.9885  2.9885  0.0000
13.0200  0.0000  -2.9885  2.9885  0.0000
13.0247  0.0000  -2.9885  2.9885  0.0000
13.0307  0.0000  -2.9885  2.9885  0.0000
13.0367  0.0000  -2.9885  2.9885  0.0000
13.0513  0.0000  -2.9885  2.9885  0.0000
13.0572  0.0000  -2.9884  2.9884  0.0000
13.0651  0.0000  -2.9885  2.9885  0.0000
13.0705  0.0000  -2.9884  2.9884  0.0000
13.0759  0.0000  -2.9884  2.9884  0.0000
13.0814  0.0000  -2.9885  2.9885  0.0000
13.0869  0.0000  -2.9885  2.9885  0.0000
13.0923  0.0000  -2.9885  2.9885  0.0000
13.0976  0.0000  -2.9884  2.9884  0.0000
13.1030  0.0000  -2.9885  2.9885  0.0000
13.1085  0.0000  -2.9885  2.9885  0.0000
13.1140  0.0000  -2.9885  2.9885  0.0000
13.1195  0.0000  -2.9885  2.9885  0.0000
13.1249  0.0000  -2.9885  2.9885  0.0000
13.1304  0.0000  -2.9885  2.9885  0.0000
13.1358  0.0000  -2.9885  2.9885  0.0000
13.1431  0.0000  -2.9885  2.9885  0.0000
13.1511  0.0000  -2.9885  2.9885  0.0000
13.1568  0.0000  -2.9886  2.9886  0.0000
13.1624  0.0000  -2.9886  2.9886  0.0000
13.1675  0.0000  -2.9886  2.9886  0.0000
13.1726  0.0000  -2.9886  2.9886  0.0000
13.1777  0.0000  -2.9886  2.9886  0.0000
13.1839  0.0000  -2.9886  2.9886  0.0000
13.1889  0.0000  -2.9886  2.9886  0.0000
13.1939  0.0000  -2.9886  2.9886  0.0000
13.1990  0.0000  -2.9886  2.9886  0.0000
13.2041  0.0000  -2.9886  2.9886  0.0000
13.2094  0.0000  -2.9887  2.9887  0.0000
13.2146  0.0000  -2.9887  2.9887  0.0000
13.2200  0.0000  -2.9886  2.9886  0.0000
13.2281  0.0000  -2.9886  2.9886  0.0000
13.2341  0.0000  -2.9886  2.9886  0.0000
13.2404  0.0000  -2.9887  2.9887  0.0000
13.2468  0.0000  -2.9886  2.9886  0.0000
13.2522  0.0000  -2.9886  2.9886  0.0000
13.2575  0.0000  -2.9887  2.9887  0.0000
13.2627  0.0000  -2.9887  2.9887  0.0000
13.2680  0.0000  -2.9887  2.9887  0.0000
13.2734  0.0000  -2.9886  2.9886  0.0000
13.2787  0.0000  -2.9887  2.9887  0.0000
13.2841  0.0000  -2.9887  2.9887  0.0000
13.2895  0.0000  -2.9887  2.9887  0.0000
13.2948  0.0000  -2.9887  2.9887  0.0000
13.3001  0.0000  -2.9886  2.9886  0.0000
13.3062  0.0000  -2.9887  2.9887  0.0000
13.3123  0.0000  -2.9887  2.9887  0.0000
13.3178  0.0000  -2.9887  2.9887  0.0000
13.3238  0.0000  -2.9886  2.9886  0.0000
13.3290  0.0000  -2.9886  2.9886  0.0000
13.3344  0.0000  -2.9887  2.9887  0.0000
13.3397  0.0000  -2.9887  2.9887  0.0000
13.3450  0.0000  -2.9887  2.9887  0.0000
13.3506  0.0000  -2.9887  2.9887  0.0000
13.3557  0.0000  -2.9886  2.9886  0.0000
13.3610  0.0000  -2.9886  2.9886  0.0000
13.3662  0.0000  -2.9886  2.9886  0.0000
13.3713  0.0000  -2.9887  2.9887  0.0000
13.3764  0.0000  -2.9887  2.9887  0.0000
13.3817  0.0000  -2.9887  2.9887  0.0000
13.3869  0.0000  -2.9887  2.9887  0.0000
13.3921  0.0000  -2.9887  2.9887  0.0000
13.3974  0.0000  -2.9887  2.9887  0.0000
13.4029  0.0000  -2.9887  2.9887  0.0000
13.4082  0.0000  -2.9887  2.9887  0.0000
13.4134  0.0000  -2.9887  2.9887  0.0000
13.4186  0.0000  -2.9887  2.9887  0.0000
13.4233  0.0000  -2.9887  2.9887  0.0000
13.4285  0.0000  -2.9887  2.9887  0.0000
13.4342  0.0000  -2.9887  2.9887  0.0000
13.4397  0.0000  -2.9887  2.9887  0.0000
13.4454  0.0000  -2.9887  2.9887  0.0000
13.4509  0.0000  -2.9887  2.9887  0.0000
13.4566  0.0000  -2.9886  2.9886  0.0000
13.4614  0.0000  -2.9887  2.9887  0.0000
13.4674  0.0000  -2.9887  2.9887  0.0000
13.4733  0.0000  -2.9887  2.9887  0.0000
13.4782  0.0000  -2.9887  2.9887  0.0000
13.4843  0.0000  -2.9887  2.9887  0.0000
13.4902  0.0000  -2.9887  2.9887  0.0000
13.4961  0.0000  -2.9887  2.9887  0.0000
13.5019  0.0000  -2.9887  2.9887  0.0000
13.5095  0.0000  -2.9888  2.9888  0.0000
13.5158  0.0000  -2.9887  2.9887  0.0000
13.5224  0.0000  -2.9887  2.9887  0.0000
13.5285  0.0000  -2.9888  2.9888  0.0000
13.5345  0.0000  -2.9888  2.9888  0.0000
13.5429  0.0000  -2.9888  2.9888  0.0000
13.5542  0.0000  -2.9888  2.9888  0.0000
13.5605  0.0000  -2.9888  2.9888  0.0000
13.5677  0.0000  -2.9888  2.9888  0.0000
13.5728  0.0000  -2.9888  2.9888  0.0000
13.5792  0.0000  -2.9888  2.9888  0.0000
13.5862  0.0000  -2.9887  2.9887  0.0000
13.5920  0.0000  -2.9887  2.9887  0.0000
13.5977  0.0000  -2.9887  2.9887  0.0000
13.6035  0.0000  -2.9887  2.9887  0.0000
13.6097  0.0000  -2.9888  2.9888  0.0000
13.6154  0.0000  -2.9888  2.9888  0.0000
13.6209  0.0000  -2.9887  2.9887  0.0000
13.6268  0.0000  -2.9887  2.9887  0.0000
13.6326  0.0000  -2.9887  2.9887  0.0000
13.6387  0.0000  -2.9887  2.9887  0.0000
13.6456  0.0000  -2.9888  2.9888  0.0000
13.6540  0.0000  -2.9888  2.9888  0.0000
13.6596  0.0000  -2.9887  2.9887  0.0000
13.6661  0.0000  -2.9887  2.9887  0.0000
13.6719  0.0000  -2.9887  2.9887  0.0000
13.6765  0.0000  -2.9887  2.9887  0.0000
13.6826  0.0000  -2.9887  2.9887  0.0000
13.6874  0.0000  -2.9888  2.9888  0.0000
13.6934  0.0000  -2.9887  2.9887  0.0000
13.6991  0.0000  -2.9887  2.9887  0.0000
13.7040  0.0000  -2.9887  2.9887  0.0000
13.7098  0.0000  -2.9887  2.9887  0.0000
13.7146  0.0000  -2.9887  2.9887  0.0000
13.7208  0.0000  -2.9887  2.9887  0.0000
13.7265  0.0000  -2.9888  2.9888  0.0000
13.7311  0.0000  -2.9887  2.9887  0.0000
13.7372  0.0000  -2.9887  2.9887  0.0000
13.7429  0.0000  -2.9887  2.9887  0.0000
13.7477  0.0000  -2.9887  2.9887  0.0000
13.7535  0.0000  -2.9887  2.9887  0.0000
13.7593  0.0000  -2.9887  2.9887  0.0000
13.7655  0.0000  -2.9888  2.9888  0.0000
13.7712  0.0000  -2.9887  2.9887  0.0000
13.7769  0.0000  -2.9887  2.9887  0.0000
13.7826  0.0000  -2.9887  2.9887  0.0000
13.7885  0.0000  -2.9887  2.9887  0.0000
13.7941  0.0000  -2.9887  2.9887  0.0000
13.7998  0.0000  -2.9888  2.9888  0.0000
13.8077  0.0000  -2.9887  2.9887  0.0000
13.8141  0.0000  -2.9887  2.9887  0.0000
13.8190  0.0000  -2.9887  2.9887  0.0000
13.8248  0.0000  -2.9887  2.9887  0.0000
13.8307  0.0000  -2.9887  2.9887  0.0000
13.8353  0.0000  -2.9887  2.9887  0.0000
13.8413  0.0000  -2.9887  2.9887  0.0000
13.8472  0.0000  -2.9887  2.9887  0.0000
13.8518  0.0000  -2.9888  2.9888  0.0000
13.8576  0.0000  -2.9888  2.9888  0.0000
13.8633  0.0000  -2.9888  2.9888  0.0000
13.8686  0.0000  -2.9888  2.9888  0.0000
13.8738  0.0000  -2.9888  2.9888  0.0000
13.8791  0.0000  -2.9888  2.9888  0.0000
13.8847  0.0000  -2.9888  2.9888  0.0000
13.8900  0.0000  -2.9888  2.9888  0.0000
13.8952  0.0000  -2.9888  2.9888  0.0000
13.9007  0.0000  -2.9887  2.9887  0.0000
13.9063  0.0000  -2.9887  2.9887  0.0000
13.9119  0.0000  -2.9887  2.9887  0.0000
13.9174  0.0000  -2.9888  2.9888  0.0000
13.9229  0.0000  -2.9888  2.9888  0.0000
13.9287  0.0000  -2.9888  2.9888  0.0000
13.9345  0.0000  -2.9888  2.9888  0.0000
13.9403  0.0000  -2.9888  2.9888  0.0000
13.9459  0.0000  -2.9888  2.9888  0.0000
13.9506  0.0000  -2.9887  2.9887  0.0000
13.9565  0.0000  -2.9888  2.9888  0.0000
13.9621  0.0000  -2.9888  2.9888  0.0000
13.9676  0.0000  -2.9888  2.9888  0.0000
13.9730  0.0000  -2.9888  2.9888  0.0000
13.9783  0.0000  -2.9888  2.9888  0.0000
13.9839  0.0000  -2.9888  2.9888  0.0000
13.9881  0.0000  -2.9888  2.9888  0.0000
13.9935  0.0000  -2.9888  2.9888  0.0000
13.9989  0.0000  -2.9888  2.9888  0.0000
14.0047  0.0000  -2.9887  2.9887  0.0000
14.0102  0.0000  -2.9887  2.9887  0.0000
14.0157  0.0000  -2.9887  2.9887  0.0000
14.0214  0.0000  -2.9887  2.9887  0.0000
14.0264  0.0000  -2.9888  2.9888  0.0000
14.0317  0.0000  -2.9888  2.9888  0.0000
14.0371  0.0000  -2.9888  2.9888  0.0000
14.0447  0.0000  -2.9888  2.9888  0.0000
14.0491  0.0000  -2.9888  2.9888  0.0000
14.0596  0.0000  -2.9887  2.9887  0.0000
14.0661  0.0000  -2.9887  2.9887  0.0000
14.0732  0.0000  -2.9887  2.9887  0.0000
14.0799  0.0000  -2.9887  2.9887  0.0000
14.0863  0.0000  -2.9887  2.9887  0.0000
14.0921  0.0000  -2.9887  2.9887  0.0000
14.0978  0.0000  -2.9888  2.9888  0.0000
14.1034  0.0000  -2.9888  2.9888  0.0000
14.1089  0.0000  -2.9888  2.9888  0.0000
14.1143  0.0000  -2.9888  2.9888  0.0000
14.1197  0.0000  -2.9888  2.9888  0.0000
14.1258  0.0000  -2.9888  2.9888  0.0000
14.1301  0.0000  -2.9888  2.9888  0.0000
14.1359  0.0000  -2.9888  2.9888  0.0000
14.1424  0.0000  -2.9888  2.9888  0.0000
14.1495  0.0000  -2.9888  2.9888  0.0000
14.1582  0.0000  -2.9887  2.9887  0.0000
14.1649  0.0000  -2.9887  2.9887  0.0000
14.1709  0.0000  -2.9888  2.9888  0.0000
14.1769  0.0000  -2.9888  2.9888  0.0000
14.1852  0.0000  -2.9888  2.9888  0.0000
14.1940  0.0000  -2.9888  2.9888  0.0000
14.2008  0.0000  -2.9888  2.9888  0.0000
14.2065  0.0000  -2.9887  2.9887  0.0000
14.2116  0.0000  -2.9887  2.9887  0.0000
14.2165  0.0000  -2.9887  2.9887  0.0000
14.2215  0.0000  -2.9887  2.9887  0.0000
14.2265  0.0000  -2.9887  2.9887  0.0000
14.2315  0.0000  -2.9887  2.9887  0.0000
14.2366  0.0000  -2.9887  2.9887  0.0000
14.2417  0.0000  -2.9887  2.9887  0.0000
14.2467  0.0000  -2.9887  2.9887  0.0000
14.2516  0.0000  -2.9888  2.9888  0.0000
14.2567  0.0000  -2.9888  2.9888  0.0000
14.2626  0.0000  -2.9888  2.9888  0.0000
14.2676  0.0000  -2.9888  2.9888  0.0000
14.2726  0.0000  -2.9888  2.9888  0.0000
14.2776  0.0000  -2.9888  2.9888  0.0000
14.2826  0.0000  -2.9888  2.9888  0.0000
14.2876  0.0000  -2.9888  2.9888  0.0000
14.2926  0.0000  -2.9888  2.9888  0.0000
14.2975  0.0000  -2.9888  2.9888  0.0000
14.3027  0.0000  -2.9888  2.9888  0.0000
14.3077  0.0000  -2.9888  2.9888  0.0000
14.3128  0.0000  -2.9888  2.9888  0.0000
14.3182  0.0000  -2.9888  2.9888  0.0000
14.3240  0.0000  -2.9888  2.9888  0.0000
14.3284  0.0000  -2.9888  2.9888  0.0000
14.3338  0.0000  -2.9888  2.9888  0.0000
14.3392  0.0000  -2.9888  2.9888  0.0000
14.3451  0.0000  -2.9888  2.9888  0.0000
14.3501  0.0000  -2.9888  2.9888  0.0000
14.3552  0.0000  -2.9888  2.9888  0.0000
14.3605  0.0000  -2.9888  2.9888  0.0000
14.3656  0.0000  -2.9889  2.9889  0.0000
14.3709  0.0000  -2.9888  2.9888  0.0000
14.3761  0.0000  -2.9888  2.9888  0.0000
14.3820  0.0000  -2.9888  2.9888  0.0000
14.3871  0.0000  -2.9888  2.9888  0.0000
14.3921  0.0000  -2.9888  2.9888  0.0000
14.3972  0.0000  -2.9888  2.9888  0.0000
14.4023  0.0000  -2.9888  2.9888  0.0000
14.4074  0.0000  -2.9888  2.9888  0.0000
14.4125  0.0000  -2.9888  2.9888  0.0000
14.4176  0.0000  -2.9888  2.9888  0.0000
14.4227  0.0000  -2.9888  2.9888  0.0000
14.4275  0.0000  -2.9889  2.9889  0.0000
14.4327  0.0000  -2.9889  2.9889  0.0000
14.4379  0.0000  -2.9889  2.9889  0.0000
14.4428  0.0000  -2.9889  2.9889  0.0000
14.4479  0.0000  -2.9889  2.9889  0.0000
14.4529  0.0000  -2.9889  2.9889  0.0000
14.4578  0.0000  -2.9889  2.9889  0.0000
14.4629  0.0000  -2.9888  2.9888  0.0000
14.4680  0.0000  -2.9888  2.9888  0.0000
14.4729  0.0000  -2.9888  2.9888  0.0000
14.4778  0.0000  -2.9888  2.9888  0.0000
14.4829  0.0000  -2.9888  2.9888  0.0000
14.4879  0.0000  -2.9888  2.9888  0.0000
14.4929  0.0000  -2.9888  2.9888  0.0000
14.4982  0.0000  -2.9889  2.9889  0.0000
14.5034  0.0000  -2.9889  2.9889  0.0000
14.5086  0.0000  -2.9889  2.9889  0.0000
14.5139  0.0000  -2.9889  2.9889  0.0000
14.5192  0.0000  -2.9889  2.9889  0.0000
14.5246  0.0000  -2.9889  2.9889  0.0000
14.5298  0.0000  -2.9889  2.9889  0.0000
14.5353  0.0000  -2.9889  2.9889  0.0000
14.5405  0.0000  -2.9889  2.9889  0.0000
14.5483  0.0000  -2.9888  2.9888  0.0000
14.5529  0.0000  -2.9888  2.9888  0.0000
14.5646  0.0000  -2.9888  2.9888  0.0000
14.5700  0.0000  -2.9888  2.9888  0.0000
14.5778  0.0000  -2.9888  2.9888  0.0000
14.5826  0.0000  -2.9888  2.9888  0.0000
14.5878  0.0000  -2.9888  2.9888  0.0000
14.5932  0.0000  -2.9888  2.9888  0.0000
14.5986  0.0000  -2.9888  2.9888  0.0000
14.6040  0.0000  -2.9888  2.9888  0.0000
14.6095  0.0000  -2.9888  2.9888  0.0000
14.6148  0.0000  -2.9889  2.9889  0.0000
14.6203  0.0000  -2.9889  2.9889  0.0000
14.6256  0.0000  -2.9889  2.9889  0.0000
14.6310  0.0000  -2.9889  2.9889  0.0000
14.6364  0.0000  -2.9889  2.9889  0.0000
14.6423  0.0000  -2.9889  2.9889  0.0000
14.6481  0.0000  -2.9889  2.9889  0.0000
14.6540  0.0000  -2.9889  2.9889  0.0000
14.6629  0.0000  -2.9889  2.9889  0.0000
14.6688  0.0000  -2.9889  2.9889  0.0000
14.6749  0.0000  -2.9888  2.9888  0.0000
14.6807  0.0000  -2.9888  2.9888  0.0000
14.6853  0.0000  -2.9888  2.9888  0.0000
14.6913  0.0000  -2.9888  2.9888  0.0000
14.6971  0.0000  -2.9888  2.9888  0.0000
14.7018  0.0000  -2.9888  2.9888  0.0000
14.7077  0.0000  -2.9888  2.9888  0.0000
14.7135  0.0000  -2.9888  2.9888  0.0000
14.7180  0.0000  -2.9888  2.9888  0.0000
14.7241  0.0000  -2.9889  2.9889  0.0000
14.7300  0.0000  -2.9889  2.9889  0.0000
14.7346  0.0000  -2.9889  2.9889  0.0000
14.7410  0.0000  -2.9889  2.9889  0.0000
14.7454  0.0000  -2.9889  2.9889  0.0000
14.7514  0.0000  -2.9889  2.9889  0.0000
14.7571  0.0000  -2.9889  2.9889  0.0000
14.7617  0.0000  -2.9889  2.9889  0.0000
14.7677  0.0000  -2.9888  2.9888  0.0000
14.7734  0.0000  -2.9888  2.9888  0.0000
14.7789  0.0000  -2.9888  2.9888  0.0000
14.7835  0.0000  -2.9888  2.9888  0.0000
14.7894  0.0000  -2.9888  2.9888  0.0000
14.7953  0.0000  -2.9888  2.9888  0.0000
14.8014  0.0000  -2.9888  2.9888  0.0000
14.8059  0.0000  -2.9888  2.9888  0.0000
14.8116  0.0000  -2.9888  2.9888  0.0000
14.8174  0.0000  -2.9888  2.9888  0.0000
14.8227  0.0000  -2.9888  2.9888  0.0000
14.8304  0.0000  -2.9889  2.9889  0.0000
14.8374  0.0000  -2.9889  2.9889  0.0000
14.8423  0.0000  -2.9889  2.9889  0.0000
14.8484  0.0000  -2.9889  2.9889  0.0000
14.8543  0.0000  -2.9889  2.9889  0.0000
14.8597  0.0000  -2.9889  2.9889  0.0000
14.8663  0.0000  -2.9888  2.9888  0.0000
14.8722  0.0000  -2.9888  2.9888  0.0000
14.8777  0.0000  -2.9888  2.9888  0.0000
14.8831  0.0000  -2.9888  2.9888  0.0000
14.8886  0.0000  -2.9888  2.9888  0.0000
14.8939  0.0000  -2.9889  2.9889  0.0000
14.8994  0.0000  -2.9889  2.9889  0.0000
14.9047  0.0000  -2.9889  2.9889  0.0000
14.9102  0.0000  -2.9889  2.9889  0.0000
14.9157  0.0000  -2.9889  2.9889  0.0000
14.9210  0.0000  -2.9888  2.9888  0.0000
14.9265  0.0000  -2.9888  2.9888  0.0000
14.9318  0.0000  -2.9888  2.9888  0.0000
14.9370  0.0000  -2.9888  2.9888  0.0000
14.9423  0.0000  -2.9888  2.9888  0.0000
14.9476  0.0000  -2.9888  2.9888  0.0000
14.9529  0.0000  -2.9888  2.9888  0.0000
14.9583  0.0000  -2.9888  2.9888  0.0000
14.9640  0.0000  -2.9888  2.9888  0.0000
14.9694  0.0000  -2.9888  2.9888  0.0000
14.9747  0.0000  -2.9888  2.9888  0.0000
14.9813  0.0000  -2.9888  2.9888  0.0000
14.9868  0.0000  -2.9888  2.9888  0.0000
14.9922  0.0000  -2.9889  2.9889  0.0000
14.9979  0.0000  -2.9889  2.9889  0.0000
15.0038  0.0000  -2.9888  2.9888  0.0000
15.0094  0.0000  -2.9888  2.9888  0.0000
15.0154  0.0000  -2.9888  2.9888  0.0000
15.0269  0.0000  -2.9888  2.9888  0.0000
15.0325  0.0000  -2.9888  2.9888  0.0000
15.0382  0.0000  -2.9888  2.9888  0.0000
15.0443  0.0000  -2.9888  2.9888  0.0000
15.0525  0.0000  -2.9888  2.9888  0.0000
15.0581  0.0000  -2.9888  2.9888  0.0000
15.0716  0.0000  -2.9888  2.9888  0.0000
15.0787  0.0000  -2.9888  2.9888  0.0000
15.0855  0.0000  -2.9888  2.9888  0.0000
15.0941  0.0000  -2.9888  2.9888  0.0000
15.1014  0.0000  -2.9888  2.9888  0.0000
15.1087  0.0000  -2.9888  2.9888  0.0000
15.1146  0.0000  -2.9888  2.9888  0.0000
15.1206  0.0000  -2.9889  2.9889  0.0000
