0.0226  0.0000  0.0059  0.0005  0.0000
0.0349  0.0000  0.0000  0.0005  0.0000
0.0460  0.0000  0.0029  0.0005  0.0000
0.0586  0.0000  0.0000  0.0004  0.0000
0.0697  0.0000  0.0015  0.0004  0.0000
0.0795  0.0000  0.0000  0.0004  0.0000
0.0887  0.0000  0.0015  0.0004  0.0000
0.1000  0.0000  0.0000  0.0004  0.0000
0.1102  0.0000  0.0015  0.0004  0.0000
0.1205  0.0000  0.0015  0.0004  0.0000
0.1307  0.0000  0.0000  0.0003  0.0000
0.1405  0.0000  0.0000  0.0003  0.0000
0.1503  0.0000  0.0015  0.0003  0.0000
0.1606  0.0000  0.0000  0.0003  0.0000
0.1707  0.0000  0.0015  0.0003  0.0000
0.1809  0.0000  0.0015  0.0003  0.0000
0.1910  0.0000  0.0000  0.0002  0.0000
0.2006  0.0000  0.0029  0.0002  0.0000
0.2107  0.0000  0.0015  0.0001  0.0000
0.2207  0.0000  0.0000  0.0001  0.0000
0.2340  0.0000  0.0044  0.0001  0.0000
0.2445  0.0000  0.0015  0.0001  0.0000
0.2549  0.0000  0.0059  0.0000  0.0000
0.2651  0.0000  0.0000  0.0000  0.0000
0.2755  0.0000  0.0000  0.0000  0.0000
0.2901  0.0000  0.0000  0.0000  0.0000
0.3020  0.0000  0.0000  0.0000  0.0000
0.3130  0.0000  0.0000  -0.0001  0.0000
0.3259  0.0000  0.0015  -0.0001  0.0000
0.3365  0.0000  0.0015  -0.0001  0.0000
0.3477  0.0000  0.0015  -0.0001  0.0000
0.3601  0.0000  0.0000  -0.0002  0.0000
0.3707  0.0000  -0.0015  -0.0002  0.0000
0.3819  0.0000  0.0015  -0.0002  0.0000
0.3931  0.0000  -0.0015  -0.0001  0.0000
0.4042  0.0000  0.0000  -0.0002  0.0000
0.4143  0.0000  0.0000  -0.0002  0.0000
0.4259  0.0000  -0.0015  -0.0002  0.0000
0.4372  0.0000  -0.0015  -0.0001  0.0000
0.4471  0.0000  0.0000  -0.0002  0.0000
0.4580  0.0000  -0.0015  -0.0002  0.0000
0.4687  0.0000  -0.0015  -0.0002  0.0000
0.4802  0.0000  -0.0029  -0.0001  0.0000
0.4905  0.0000  -0.0015  -0.0001  0.0000
0.5027  0.0000  0.0000  -0.0001  0.0000
0.5141  0.0000  -0.0015  -0.0000  0.0000
0.5302  0.0000  0.0000  -0.0000  0.0000
0.5411  0.0000  0.0015  -0.0001  0.0000
0.5523  0.0000  -0.0015  -0.0000  0.0000
0.5654  0.0000  0.0015  -0.0000  0.0000
0.5755  0.0000  -0.0029  -0.0000  0.0000
0.5861  0.0000  0.0015  0.0001  0.0000
0.5951  0.0000  0.0015  -0.0000  0.0000
0.6062  0.0000  0.0015  -0.0000  0.0000
0.6176  0.0000  0.0029  -0.0000  0.0000
0.6289  0.0000  -0.0029  -0.0000  0.0000
0.6400  0.0000  -0.0015  -0.0000  0.0000
0.6499  0.0000  0.0000  -0.0000  0.0000
0.6612  0.0000  0.0015  0.0001  0.0000
0.6725  0.0000  -0.0015  0.0001  0.0000
0.6827  0.0000  -0.0029  0.0001  0.0000
0.6939  0.0000  -0.0015  0.0002  0.0000
0.7039  0.0000  0.0000  0.0001  0.0000
0.7135  0.0000  0.0000  0.0001  0.0000
0.7233  0.0000  -0.0015  0.0001  0.0000
0.7343  0.0000  0.0000  0.0001  0.0000
0.7456  0.0000  0.0000  0.0001  0.0000
0.7553  0.0000  0.0000  0.0001  0.0000
0.7662  0.0000  -0.0015  0.0001  0.0000
0.7776  0.0000  -0.0015  0.0001  0.0000
0.7933  0.0000  -0.0015  0.0002  0.0000
0.8056  0.0000  0.0000  0.0002  0.0000
0.8168  0.0000  0.0000  0.0002  0.0000
0.8292  0.0000  0.0000  0.0002  0.0000
0.8436  0.0000  0.0044  0.0002  0.0000
0.8601  0.0000  -0.0015  0.0001  0.0000
0.8722  0.0000  0.0000  0.0001  0.0000
0.8904  0.0000  -0.0015  0.0002  0.0000
0.9049  0.0000  0.0000  0.0002  0.0000
0.9198  0.0000  0.0015  0.0002  0.0000
0.9317  0.0000  -0.0015  0.0002  0.0000
0.9413  0.0000  0.0015  0.0002  0.0000
0.9509  0.0000  0.0015  0.0002  0.0000
0.9605  0.0000  0.0015  0.0002  0.0000
0.9704  0.0000  -0.0015  0.0002  0.0000
0.9801  0.0000  0.0015  0.0002  0.0000
0.9893  0.0000  -0.0015  0.0002  0.0000
0.9993  0.0000  0.0000  0.0002  0.0000
1.0094  0.0000  0.0000  0.0002  0.0000
1.0197  0.0000  0.0015  0.0002  0.0000
1.0336  0.0000  0.0000  0.0001  0.0000
1.0438  0.0000  0.0000  0.0001  0.0000
1.0538  0.0000  0.0000  0.0001  0.0000
1.0638  0.0000  0.0015  0.0001  0.0000
1.0740  0.0000  0.0000  0.0002  0.0000
1.0843  0.0000  -0.0015  0.0002  0.0000
1.0964  0.0000  -0.0015  0.0002  0.0000
1.1070  0.0000  -0.0015  0.0001  0.0000
1.1176  0.0000  0.0015  0.0002  0.0000
1.1287  0.0000  -0.0044  0.0002  0.0000
1.1395  0.0000  -0.0015  0.0002  0.0000
1.1502  0.0000  -0.0015  0.0002  0.0000
1.1608  0.0000  0.0000  0.0002  0.0000
1.1715  0.0000  -0.0015  0.0002  0.0000
1.1823  0.0000  -0.0015  0.0002  0.0000
1.1931  0.0000  0.0000  0.0003  0.0000
1.2037  0.0000  0.0000  0.0003  0.0000
1.2142  0.0000  -0.0015  0.0003  0.0000
1.2247  0.0000  0.0000  0.0003  0.0000
1.2359  0.0000  0.0000  0.0003  0.0000
1.2473  0.0000  0.0000  0.0003  0.0000
1.2580  0.0000  -0.0029  0.0003  0.0000
1.2686  0.0000  -0.0015  0.0004  0.0000
1.2798  0.0000  -0.0015  0.0004  0.0000
1.2948  0.0000  0.0000  0.0004  0.0000
1.3049  0.0000  0.0000  0.0004  0.0000
1.3169  0.0000  0.0029  0.0004  0.0000
1.3276  0.0000  0.0015  0.0004  0.0000
1.3393  0.0000  0.0044  0.0004  0.0000
1.3503  0.0000  -0.0015  0.0004  0.0000
1.3610  0.0000  0.0029  0.0004  0.0000
1.3716  0.0000  0.0000  0.0004  0.0000
1.3822  0.0000  -0.0015  0.0004  0.0000
1.3925  0.0000  -0.0015  0.0004  0.0000
1.4028  0.0000  -0.0015  0.0004  0.0000
1.4137  0.0000  0.0015  0.0004  0.0000
1.4239  0.0000  0.0000  0.0004  0.0000
1.4341  0.0000  -0.0015  0.0004  0.0000
1.4468  0.0000  0.0000  0.0004  0.0000
1.4590  0.0000  -0.0015  0.0004  0.0000
1.4697  0.0000  0.0000  0.0005  0.0000
1.4806  0.0000  0.0015  0.0005  0.0000
1.4922  0.0000  -0.0015  0.0005  0.0000
1.5031  0.0000  0.0015  0.0005  0.0000
1.5136  0.0000  0.0015  0.0005  0.0000
1.5247  0.0000  -0.0029  0.0005  0.0000
1.5410  0.0000  0.0015  0.0005  0.0000
1.5524  0.0000  0.0000  0.0005  0.0000
1.5621  0.0000  0.0015  0.0005  0.0000
1.5731  0.0000  -0.0015  0.0005  0.0000
1.5839  0.0000  0.0015  0.0005  0.0000
1.5952  0.0000  0.0000  0.0006  0.0000
1.6078  0.0000  0.0000  0.0005  0.0000
1.6196  0.0000  -0.0015  0.0005  0.0000
1.6305  0.0000  -0.0015  0.0006  0.0000
1.6416  0.0000  0.0000  0.0005  0.0000
1.6529  0.0000  0.0000  0.0005  0.0000
1.6639  0.0000  -0.0015  0.0005  0.0000
1.6760  0.0000  -0.0015  0.0005  0.0000
1.6872  0.0000  -0.0044  0.0005  0.0000
1.6986  0.0000  0.0015  0.0005  0.0000
1.7097  0.0000  -0.0015  0.0005  0.0000
1.7209  0.0000  -0.0015  0.0005  0.0000
1.7306  0.0000  0.0015  0.0006  0.0000
1.7431  0.0000  -0.0015  0.0006  0.0000
1.7542  0.0000  -0.0015  0.0006  0.0000
1.7656  0.0000  -0.0015  0.0006  0.0000
1.7770  0.0000  0.0015  0.0006  0.0000
1.7884  0.0000  -0.0015  0.0006  0.0000
1.8042  0.0000  -0.0015  0.0006  0.0000
1.8152  0.0000  0.0000  0.0006  0.0000
1.8285  0.0000  0.0029  0.0006  0.0000
1.8394  0.0000  0.0000  0.0006  0.0000
1.8514  0.0000  0.0000  0.0006  0.0000
1.8627  0.0000  0.0000  0.0006  0.0000
1.8727  0.0000  0.0000  0.0006  0.0000
1.8829  0.0000  -0.0015  0.0007  0.0000
1.8944  0.0000  0.0000  0.0007  0.0000
1.9058  0.0000  -0.0015  0.0007  0.0000
1.9202  0.0000  -0.0015  0.0007  0.0000
1.9332  0.0000  0.0015  0.0007  0.0000
1.9437  0.0000  0.0015  0.0007  0.0000
1.9538  0.0000  0.0015  0.0007  0.0000
1.9633  0.0000  -0.0015  0.0007  0.0000
1.9730  0.0000  -0.0015  0.0007  0.0000
1.9831  0.0000  -0.0015  0.0008  0.0000
1.9934  0.0000  0.0000  0.0007  0.0000
2.0018  0.0000  0.0000  0.0007  0.0000
2.0108  0.0000  -0.0015  0.0007  0.0000
2.0210  0.0000  -0.0015  0.0007  0.0000
2.0318  0.0000  0.0015  0.0007  0.0000
2.0473  0.0000  0.0000  0.0007  0.0000
2.0579  0.0000  -0.0015  0.0007  0.0000
2.0682  0.0000  -0.0015  0.0007  0.0000
2.0784  0.0000  0.0000  0.0007  0.0000
2.0875  0.0000  0.0029  0.0008  0.0000
2.0973  0.0000  0.0000  0.0007  0.0000
2.1086  0.0000  0.0000  0.0007  0.0000
2.1188  0.0000  -0.0015  0.0007  0.0000
2.1294  0.0000  0.0000  0.0007  0.0000
2.1400  0.0000  0.0000  0.0008  0.0000
2.1503  0.0000  -0.0015  0.0007  0.0000
2.1606  0.0000  0.0029  0.0008  0.0000
2.1712  0.0000  0.0000  0.0008  0.0000
2.1824  0.0000  -0.0015  0.0008  0.0000
2.1927  0.0000  -0.0015  0.0008  0.0000
2.2040  0.0000  0.0000  0.0009  0.0000
2.2148  0.0000  0.0015  0.0009  0.0000
2.2249  0.0000  0.0000  0.0009  0.0000
2.2358  0.0000  0.0044  0.0009  0.0000
2.2471  0.0000  0.0000  0.0009  0.0000
2.2572  0.0000  0.0015  0.0009  0.0000
2.2673  0.0000  -0.0015  0.0009  0.0000
2.2775  0.0000  0.0000  0.0009  0.0000
2.2878  0.0000  0.0015  0.0009  0.0000
2.2981  0.0000  0.0000  0.0009  0.0000
2.3127  0.0000  0.0000  0.0009  0.0000
2.3235  0.0000  -0.0015  0.0009  0.0000
2.3359  0.0000  -0.0015  0.0009  0.0000
2.3461  0.0000  0.0000  0.0009  0.0000
2.3567  0.0000  0.0000  0.0009  0.0000
2.3665  0.0000  -0.0015  0.0010  0.0000
2.3787  0.0000  0.0000  0.0010  0.0000
2.3895  0.0000  0.0015  0.0010  0.0000
2.4004  0.0000  -0.0015  0.0010  0.0000
2.4119  0.0000  0.0000  0.0010  0.0000
2.4237  0.0000  0.0000  0.0010  0.0000
2.4345  0.0000  0.0015  0.0010  0.0000
2.4452  0.0000  0.0000  0.0011  0.0000
2.4558  0.0000  0.0000  0.0011  0.0000
2.4663  0.0000  0.0000  0.0010  0.0000
2.4766  0.0000  0.0000  0.0010  0.0000
2.4871  0.0000  0.0000  0.0010  0.0000
2.4973  0.0000  -0.0029  0.0011  0.0000
2.5083  0.0000  -0.0015  0.0011  0.0000
2.5187  0.0000  0.0000  0.0011  0.0000
2.5303  0.0000  0.0029  0.0011  0.0000
2.5415  0.0000  0.0000  0.0011  0.0000
2.5570  0.0000  0.0000  0.0011  0.0000
2.5682  0.0000  0.0015  0.0011  0.0000
2.5787  0.0000  -0.0015  0.0011  0.0000
2.5898  0.0000  0.0000  0.0011  0.0000
2.6029  0.0000  0.0000  0.0011  0.0000
2.6143  0.0000  0.0000  0.0011  0.0000
2.6253  0.0000  0.0000  0.0012  0.0000
2.6356  0.0000  -0.0015  0.0012  0.0000
2.6470  0.0000  0.0000  0.0012  0.0000
2.6580  0.0000  0.0000  0.0012  0.0000
2.6691  0.0000  -0.0015  0.0012  0.0000
2.6794  0.0000  0.0000  0.0012  0.0000
2.6906  0.0000  0.0015  0.0012  0.0000
2.7018  0.0000  0.0029  0.0013  0.0000
2.7129  0.0000  0.0000  0.0012  0.0000
2.7231  0.0000  -0.0015  0.0012  0.0000
2.7335  0.0000  -0.0015  0.0013  0.0000
2.7446  0.0000  0.0015  0.0013  0.0000
2.7549  0.0000  -0.0015  0.0013  0.0000
2.7655  0.0000  -0.0015  0.0013  0.0000
2.7763  0.0000  -0.0015  0.0012  0.0000
2.7871  0.0000  -0.0015  0.0012  0.0000
2.7983  0.0000  -0.0029  0.0012  0.0000
2.8089  0.0000  -0.0015  0.0012  0.0000
2.8239  0.0000  0.0000  0.0012  0.0000
2.8349  0.0000  -0.0015  0.0012  0.0000
2.8471  0.0000  0.0000  0.0012  0.0000
2.8602  0.0000  0.0000  0.0012  0.0000
2.8706  0.0000  -0.0015  0.0012  0.0000
2.8850  0.0000  0.0000  0.0012  0.0000
2.8984  0.0000  0.0000  0.0012  0.0000
2.9096  0.0000  -0.0015  0.0012  0.0000
2.9220  0.0000  0.0029  0.0012  0.0000
2.9326  0.0000  -0.0015  0.0012  0.0000
2.9427  0.0000  0.0000  0.0013  0.0000
2.9530  0.0000  -0.0015  0.0013  0.0000
2.9635  0.0000  0.0000  0.0013  0.0000
2.9741  0.0000  0.0000  0.0013  0.0000
2.9849  0.0000  0.0000  0.0013  0.0000
2.9952  0.0000  0.0000  0.0014  0.0000
3.0052  0.0000  0.0000  0.0014  0.0000
3.0160  0.0000  0.0000  0.0014  0.0000
3.0258  0.0000  -0.0029  0.0014  0.0000
3.0357  0.0000  -0.0015  0.0014  0.0000
3.0455  0.0000  0.0000  0.0014  0.0000
3.0595  0.0000  0.0000  0.0014  0.0000
3.0692  0.0000  0.0000  0.0014  0.0000
3.0791  0.0000  0.0015  0.0014  0.0000
3.0892  0.0000  0.0059  0.0014  0.0000
3.0995  0.0000  0.0000  0.0014  0.0000
3.1096  0.0000  0.0000  0.0014  0.0000
3.1201  0.0000  0.0000  0.0014  0.0000
3.1296  0.0000  0.0000  0.0014  0.0000
3.1400  0.0000  -0.0029  0.0014  0.0000
3.1502  0.0000  0.0000  0.0014  0.0000
3.1607  0.0000  -0.0015  0.0014  0.0000
3.1708  0.0000  -0.0015  0.0014  0.0000
3.1811  0.0000  0.0000  0.0014  0.0000
3.1913  0.0000  0.0000  0.0014  0.0000
3.2016  0.0000  -0.0015  0.0014  0.0000
3.2123  0.0000  -0.0015  0.0015  0.0000
3.2223  0.0000  0.0000  0.0014  0.0000
3.2332  0.0000  -0.0015  0.0014  0.0000
3.2433  0.0000  0.0000  0.0015  0.0000
3.2531  0.0000  -0.0015  0.0015  0.0000
3.2630  0.0000  0.0000  0.0016  0.0000
3.2726  0.0000  0.0000  0.0016  0.0000
3.2822  0.0000  -0.0015  0.0015  0.0000
3.2917  0.0000  0.0000  0.0016  0.0000
3.3016  0.0000  0.0000  0.0016  0.0000
3.3101  0.0000  0.0000  0.0016  0.0000
3.3200  0.0000  0.0015  0.0016  0.0000
3.3342  0.0000  0.0015  0.0016  0.0000
3.3448  0.0000  0.0015  0.0016  0.0000
3.3554  0.0000  -0.0015  0.0016  0.0000
3.3652  0.0000  0.0000  0.0016  0.0000
3.3752  0.0000  -0.0015  0.0016  0.0000
3.3849  0.0000  0.0000  0.0016  0.0000
3.3953  0.0000  0.0059  0.0016  0.0000
3.4051  0.0000  0.0015  0.0016  0.0000
3.4149  0.0000  0.0000  0.0016  0.0000
3.4249  0.0000  -0.0015  0.0016  0.0000
3.4350  0.0000  0.0000  0.0016  0.0000
3.4452  0.0000  -0.0015  0.0016  0.0000
3.4550  0.0000  -0.0015  0.0016  0.0000
3.4648  0.0000  0.0015  0.0016  0.0000
3.4754  0.0000  -0.0015  0.0016  0.0000
3.4851  0.0000  -0.0015  0.0016  0.0000
3.4948  0.0000  0.0000  0.0016  0.0000
3.5045  0.0000  0.0000  0.0016  0.0000
3.5142  0.0000  0.0000  0.0016  0.0000
3.5240  0.0000  -0.0015  0.0016  0.0000
3.5339  0.0000  0.0015  0.0017  0.0000
3.5438  0.0000  0.0000  0.0017  0.0000
3.5538  0.0000  0.0000  0.0017  0.0000
3.5677  0.0000  -0.0015  0.0017  0.0000
3.5774  0.0000  0.0000  0.0017  0.0000
3.5870  0.0000  0.0029  0.0018  0.0000
3.5971  0.0000  0.0000  0.0017  0.0000
3.6074  0.0000  -0.0044  0.0018  0.0000
3.6186  0.0000  0.0000  0.0018  0.0000
3.6290  0.0000  0.0000  0.0018  0.0000
3.6391  0.0000  0.0015  0.0018  0.0000
3.6488  0.0000  0.0000  0.0018  0.0000
3.6588  0.0000  -0.0029  0.0018  0.0000
3.6685  0.0000  0.0000  0.0018  0.0000
3.6781  0.0000  0.0015  0.0018  0.0000
3.6883  0.0000  0.0000  0.0018  0.0000
3.6985  0.0000  0.0000  0.0018  0.0000
3.7092  0.0000  -0.0015  0.0019  0.0000
3.7200  0.0000  0.0000  0.0019  0.0000
3.7306  0.0000  0.0015  0.0018  0.0000
3.7413  0.0000  0.0015  0.0019  0.0000
3.7525  0.0000  0.0000  0.0018  0.0000
3.7632  0.0000  0.0000  0.0019  0.0000
3.7742  0.0000  0.0015  0.0019  0.0000
3.7853  0.0000  0.0015  0.0019  0.0000
3.7965  0.0000  0.0044  0.0019  0.0000
3.8091  0.0000  -0.0015  0.0019  0.0000
3.8193  0.0000  -0.0015  0.0019  0.0000
3.8306  0.0000  0.0000  0.0019  0.0000
3.8447  0.0000  0.0000  0.0019  0.0000
3.8548  0.0000  0.0000  0.0019  0.0000
3.8669  0.0000  -0.0015  0.0019  0.0000
3.8780  0.0000  0.0000  0.0019  0.0000
3.8884  0.0000  -0.0015  0.0019  0.0000
3.8995  0.0000  0.0000  0.0019  0.0000
3.9100  0.0000  0.0000  0.0019  0.0000
3.9205  0.0000  0.0000  0.0019  0.0000
3.9316  0.0000  -0.0015  0.0019  0.0000
3.9462  0.0000  -0.0015  0.0019  0.0000
3.9585  0.0000  0.0000  0.0019  0.0000
3.9695  0.0000  0.0000  0.0019  0.0000
3.9808  0.0000  0.0015  0.0019  0.0000
3.9907  0.0000  0.0000  0.0019  0.0000
4.0012  0.0000  0.0000  0.0019  0.0000
4.0119  0.0000  0.0000  0.0019  0.0000
4.0223  0.0000  0.0015  0.0019  0.0000
4.0327  0.0000  0.0015  0.0019  0.0000
4.0434  0.0000  0.0000  0.0019  0.0000
4.0538  0.0000  0.0000  0.0019  0.0000
4.0701  0.0000  0.0015  0.0019  0.0000
4.0808  0.0000  -0.0029  0.0019  0.0000
4.0919  0.0000  0.0000  0.0019  0.0000
4.1021  0.0000  0.0000  0.0020  0.0000
4.1122  0.0000  0.0000  0.0020  0.0000
4.1227  0.0000  -0.0015  0.0020  0.0000
4.1344  0.0000  -0.0059  0.0020  0.0000
4.1450  0.0000  0.0000  0.0020  0.0000
4.1556  0.0000  0.0000  0.0020  0.0000
4.1663  0.0000  0.0000  0.0020  0.0000
4.1769  0.0000  -0.0015  0.0021  0.0000
4.1875  0.0000  0.0000  0.0021  0.0000
4.1978  0.0000  -0.0015  0.0020  0.0000
4.2082  0.0000  0.0000  0.0020  0.0000
4.2183  0.0000  -0.0015  0.0020  0.0000
4.2285  0.0000  0.0000  0.0020  0.0000
4.2385  0.0000  0.0000  0.0021  0.0000
4.2485  0.0000  0.0015  0.0021  0.0000
4.2598  0.0000  0.0000  0.0021  0.0000
4.2696  0.0000  -0.0044  0.0021  0.0000
4.2799  0.0000  0.0000  0.0021  0.0000
4.2905  0.0000  0.0000  0.0021  0.0000
4.3013  0.0000  0.0015  0.0021  0.0000
4.3110  0.0000  0.0000  0.0021  0.0000
4.3224  0.0000  0.0000  0.0021  0.0000
4.3335  0.0000  0.0000  0.0021  0.0000
4.3496  0.0000  0.0015  0.0022  0.0000
4.3611  0.0000  0.0015  0.0022  0.0000
4.3737  0.0000  -0.0015  0.0022  0.0000
4.3860  0.0000  -0.0015  0.0022  0.0000
4.3969  0.0000  0.0000  0.0022  0.0000
4.4093  0.0000  0.0000  0.0022  0.0000
4.4208  0.0000  0.0015  0.0022  0.0000
4.4330  0.0000  -0.0015  0.0022  0.0000
4.4444  0.0000  0.0000  0.0022  0.0000
4.4552  0.0000  0.0000  0.0022  0.0000
4.4663  0.0000  0.0000  0.0022  0.0000
4.4775  0.0000  0.0000  0.0022  0.0000
4.4887  0.0000  0.0000  0.0022  0.0000
4.4995  0.0000  -0.0015  0.0022  0.0000
4.5108  0.0000  0.0000  0.0022  0.0000
4.5211  0.0000  -0.0015  0.0023  0.0000
4.5315  0.0000  0.0000  0.0023  0.0000
4.5420  0.0000  0.0000  0.0022  0.0000
4.5532  0.0000  -0.0015  0.0023  0.0000
4.5640  0.0000  0.0000  0.0022  0.0000
4.5787  0.0000  0.0000  0.0024  0.0000
4.5889  0.0000  -0.0015  0.0023  0.0000
4.5994  0.0000  -0.0015  0.0023  0.0000
4.6101  0.0000  -0.0015  0.0023  0.0000
4.6207  0.0000  0.0000  0.0023  0.0000
4.6317  0.0000  0.0000  0.0023  0.0000
4.6432  0.0000  0.0000  0.0023  0.0000
4.6540  0.0000  0.0000  0.0023  0.0000
4.6645  0.0000  0.0000  0.0023  0.0000
4.6762  0.0000  0.0000  0.0024  0.0000
4.6871  0.0000  -0.0015  0.0024  0.0000
4.6981  0.0000  0.0015  0.0024  0.0000
4.7078  0.0000  -0.0015  0.0024  0.0000
4.7192  0.0000  -0.0015  0.0024  0.0000
4.7300  0.0000  0.0000  0.0024  0.0000
4.7407  0.0000  -0.0029  0.0024  0.0000
4.7517  0.0000  0.0015  0.0024  0.0000
4.7642  0.0000  0.0000  0.0024  0.0000
4.7788  0.0000  -0.0015  0.0024  0.0000
4.7913  0.0000  -0.0015  0.0024  0.0000
4.8017  0.0000  -0.0029  0.0025  0.0000
4.8112  0.0000  0.0000  0.0025  0.0000
4.8211  0.0000  -0.0015  0.0025  0.0000
4.8307  0.0000  0.0015  0.0025  0.0000
4.8403  0.0000  -0.0015  0.0025  0.0000
4.8549  0.0000  -0.0015  0.0025  0.0000
4.8653  0.0000  0.0000  0.0025  0.0000
4.8789  0.0000  0.0000  0.0025  0.0000
4.8894  0.0000  0.0000  0.0025  0.0000
4.8999  0.0000  -0.0015  0.0025  0.0000
4.9105  0.0000  -0.0015  0.0025  0.0000
4.9209  0.0000  0.0015  0.0025  0.0000
4.9307  0.0000  0.0000  0.0025  0.0000
4.9405  0.0000  -0.0015  0.0025  0.0000
4.9502  0.0000  0.0000  0.0025  0.0000
4.9602  0.0000  -0.0015  0.0025  0.0000
4.9700  0.0000  0.0000  0.0025  0.0000
4.9798  0.0000  0.0015  0.0025  0.0000
4.9896  0.0000  0.0000  0.0025  0.0000
4.9994  0.0000  -0.0015  0.0025  0.0000
5.0097  0.0000  0.0000  0.0025  0.0000
5.0282  0.5000  -0.0029  0.0025  0.5000
5.0383  0.5000  -0.0015  0.0025  0.5000
5.0482  0.5000  0.1337  0.0025  0.5000
5.0583  0.5000  0.6771  0.0025  0.5000
5.0682  0.5000  1.2043  0.0025  0.5000
5.0782  0.5000  1.4937  0.0025  0.5000
5.0883  0.5000  1.7360  0.0025  0.5000
5.0981  0.5000  2.0694  0.0025  0.5000
5.1081  0.5000  2.4263  0.0025  0.5000
5.1190  0.5000  2.7450  0.0025  0.5000
5.1293  0.5000  3.1401  0.0025  0.5000
5.1411  0.5000  3.3721  0.0025  0.5000
5.1543  0.5000  3.6556  0.0025  0.5000
5.1652  0.5000  3.8788  0.0025  0.5000
5.1759  0.5000  4.1550  0.0025  0.5000
5.1860  0.5000  4.6014  0.0025  0.5000
5.1962  0.5000  4.7674  0.0025  0.5000
5.2067  0.5000  5.0259  0.0025  0.5000
5.2175  0.5000  5.2579  0.0025  0.5000
5.2284  0.5000  5.3945  0.0025  0.5000
5.2406  0.5000  5.9012  0.0025  0.5000
5.2515  0.5000  6.0246  0.0025  0.5000
5.2653  0.5000  6.0995  0.0025  0.5000
5.2767  0.5000  6.3565  0.0025  0.5000
5.2889  0.5000  6.6047  0.0025  0.5000
5.2995  0.5000  6.7369  0.0025  0.5000
5.3111  0.5000  6.9190  0.0025  0.5000
5.3234  0.5000  7.2818  0.0025  0.5000
5.3350  0.5000  7.6813  0.0025  0.5000
5.3454  0.5000  7.8869  0.0025  0.5000
5.3593  0.5000  7.9398  0.0025  0.5000
5.3700  0.5000  8.2893  0.0025  0.5000
5.3815  0.5000  8.3745  0.0025  0.5000
5.3916  0.5000  8.4861  0.0025  0.5000
5.3999  0.5000  8.7814  0.0025  0.5000
5.4107  0.5000  8.8665  0.0025  0.5000
5.4218  0.5000  8.9488  0.0025  0.5000
5.4325  0.5000  9.1192  0.0025  0.5000
5.4432  0.5000  9.2381  0.0025  0.5000
5.4539  0.5000  9.3527  0.0025  0.5000
5.4632  0.5000  9.3600  0.0025  0.5000
5.4737  0.5000  9.7389  0.0025  0.5000
5.4843  0.5000  9.9725  0.0025  0.5000
5.4950  0.5000  10.0694  0.0025  0.5000
5.5058  0.5000  10.2633  0.0025  0.5000
5.5161  0.5000  10.4219  0.0025  0.5000
5.5341  0.5000  10.4762  0.0025  0.5000
5.5452  0.5000  10.6980  0.0025  0.5000
5.5565  0.5000  10.7641  0.0025  0.5000
5.5681  0.5000  10.8904  0.0025  0.5000
5.5794  0.5000  10.8522  0.0025  0.5000
5.5907  0.5000  10.8801  0.0025  0.5000
5.6024  0.5000  11.2796  0.0025  0.5000
5.6137  0.5000  11.3545  0.0025  0.5000
5.6260  0.5000  11.5572  0.0025  0.5000
5.6368  0.5000  11.6115  0.0025  0.5000
5.6478  0.5000  11.7525  0.0025  0.5000
5.6603  0.5000  11.9699  0.0025  0.5000
5.6710  0.5000  11.9846  0.0025  0.5000
5.6821  0.5000  12.1594  0.0025  0.5000
5.6920  0.5000  12.1667  0.0025  0.5000
5.7077  0.5000  12.3356  0.0025  0.5000
5.7225  0.5000  12.3341  0.0025  0.5000
5.7326  0.5000  12.5192  0.0025  0.5000
5.7433  0.5000  12.6205  0.0025  0.5000
5.7536  0.5000  12.5897  0.0025  0.5000
5.7639  0.5000  12.7968  0.0025  0.5000
5.7749  0.5000  12.8790  0.0025  0.5000
5.7851  0.5000  12.8849  0.0025  0.5000
5.7954  0.5000  12.8144  0.0025  0.5000
5.8053  0.5000  12.8115  0.0025  0.5000
5.8160  0.5000  13.0465  0.0025  0.5000
5.8270  0.5000  13.0597  0.0025  0.5000
5.8381  0.5000  13.1948  0.0025  0.5000
5.8488  0.5000  13.4327  0.0025  0.5000
5.8601  0.5000  13.4856  0.0025  0.5000
5.8707  0.5000  13.4592  0.0025  0.5000
5.8860  0.5000  13.5414  0.0025  0.5000
5.8957  0.5000  13.4739  0.0025  0.5000
5.9072  0.5000  13.6457  0.0025  0.5000
5.9171  0.5000  13.6530  0.0025  0.5000
5.9287  0.5000  13.7000  0.0025  0.5000
5.9397  0.5000  13.6751  0.0025  0.5000
5.9507  0.5000  13.6472  0.0025  0.5000
5.9618  0.5000  13.6383  0.0025  0.5000
5.9725  0.5000  13.7074  0.0025  0.5000
5.9833  0.5000  13.8366  0.0025  0.5000
5.9946  0.5000  13.9482  0.0025  0.5000
6.0049  0.5000  13.8542  0.0025  0.5000
6.0156  0.5000  13.9864  0.0025  0.5000
6.0267  0.5000  14.1774  0.0025  0.5000
6.0438  0.5000  13.9291  0.0025  0.5000
6.0545  0.5000  13.9938  0.0025  0.5000
6.0651  0.5000  14.2787  0.0025  0.5000
6.0757  0.5000  14.3095  0.0025  0.5000
6.0863  0.5000  14.3139  0.0025  0.5000
6.0970  0.5000  14.3184  0.0025  0.5000
6.1073  0.5000  14.1362  0.0025  0.5000
6.1183  0.5000  14.3184  0.0025  0.5000
6.1297  0.5000  14.4050  0.0025  0.5000
6.1407  0.5000  14.4153  0.0025  0.5000
6.1530  0.5000  14.5284  0.0025  0.5000
6.1647  0.5000  14.7090  0.0025  0.5000
6.1752  0.5000  14.6811  0.0025  0.5000
6.1859  0.5000  14.7810  0.0025  0.5000
6.1967  0.5000  14.7590  0.0025  0.5000
6.2072  0.5000  14.7737  0.0025  0.5000
6.2177  0.5000  14.7546  0.0025  0.5000
6.2269  0.5000  14.6312  0.0025  0.5000
6.2385  0.5000  14.6841  0.0025  0.5000
6.2493  0.5000  14.6312  0.0025  0.5000
6.2602  0.5000  14.8045  0.0025  0.5000
6.2723  0.5000  14.8118  0.0025  0.5000
6.2836  0.5000  14.9558  0.0025  0.5000
6.2957  0.5000  15.0175  0.0025  0.5000
6.3068  0.5000  15.1834  0.0025  0.5000
6.3177  0.5000  15.3156  0.0025  0.5000
6.3289  0.5000  15.2994  0.0025  0.5000
6.3396  0.5000  15.2069  0.0025  0.5000
6.3502  0.5000  15.3303  0.0025  0.5000
6.3626  0.5000  15.0924  0.0025  0.5000
6.3730  0.5000  15.2157  0.0025  0.5000
6.3837  0.5000  15.1687  0.0025  0.5000
6.3942  0.5000  15.0219  0.0025  0.5000
6.4060  0.5000  14.9866  0.0025  0.5000
6.4158  0.5000  14.9822  0.0025  0.5000
6.4263  0.5000  15.2172  0.0025  0.5000
6.4378  0.5000  15.2113  0.0025  0.5000
6.4468  0.5000  15.2936  0.0025  0.5000
6.4574  0.5000  15.3024  0.0025  0.5000
6.4692  0.5000  15.4683  0.0025  0.5000
6.4804  0.5000  15.6505  0.0025  0.5000
6.4916  0.5000  15.4639  0.0025  0.5000
6.5024  0.5000  15.4522  0.0025  0.5000
6.5135  0.5000  15.5565  0.0025  0.5000
6.5241  0.5000  15.3832  0.0025  0.5000
6.5348  0.5000  15.6005  0.0025  0.5000
6.5525  0.5000  15.7415  0.0025  0.5000
6.5634  0.5000  15.6931  0.0025  0.5000
6.5744  0.5000  15.8282  0.0025  0.5000
6.5845  0.5000  15.6563  0.0025  0.5000
6.5958  0.5000  15.6461  0.0025  0.5000
6.6063  0.5000  15.6372  0.0025  0.5000
6.6168  0.5000  15.7239  0.0025  0.5000
6.6272  0.5000  15.6152  0.0025  0.5000
6.6388  0.5000  15.5800  0.0025  0.5000
6.6534  0.5000  15.5139  0.0025  0.5000
6.6682  0.5000  15.7401  0.0025  0.5000
6.6803  0.5000  15.7048  0.0025  0.5000
6.6898  0.5000  15.7812  0.0025  0.5000
6.6993  0.5000  15.8208  0.0025  0.5000
6.7098  0.5000  16.0265  0.0025  0.5000
6.7193  0.5000  16.0676  0.0025  0.5000
6.7286  0.5000  15.8766  0.0025  0.5000
6.7380  0.5000  15.9192  0.0025  0.5000
6.7473  0.5000  15.8928  0.0025  0.5000
6.7570  0.5000  15.9853  0.0025  0.5000
6.7669  0.5000  15.8414  0.0025  0.5000
6.7770  0.5000  15.9251  0.0025  0.5000
6.7866  0.5000  15.8561  0.0025  0.5000
6.7960  0.5000  15.7973  0.0025  0.5000
6.8055  0.5000  15.9442  0.0025  0.5000
6.8148  0.5000  15.9706  0.0025  0.5000
6.8240  0.5000  16.2277  0.0025  0.5000
6.8343  0.5000  16.3789  0.0025  0.5000
6.8442  0.5000  16.4964  0.0025  0.5000
6.8537  0.5000  16.3393  0.0025  0.5000
6.8651  0.5000  16.3892  0.0025  0.5000
6.8744  0.5000  16.5625  0.0025  0.5000
6.8845  0.5000  16.5743  0.0025  0.5000
6.8948  0.5000  16.5978  0.0025  0.5000
6.9069  0.5000  16.5846  0.0025  0.5000
6.9171  0.5000  16.4685  0.0025  0.5000
6.9267  0.5000  16.5655  0.0025  0.5000
6.9365  0.5000  16.4627  0.0025  0.5000
6.9462  0.5000  16.5185  0.0025  0.5000
6.9562  0.5000  16.5699  0.0025  0.5000
6.9656  0.5000  16.5537  0.0025  0.5000
6.9748  0.5000  16.4641  0.0025  0.5000
6.9842  0.5000  16.5963  0.0025  0.5000
6.9939  0.5000  16.5787  0.0025  0.5000
7.0038  0.5000  16.5919  0.0025  0.5000
7.0132  0.5000  16.4641  0.0025  0.5000
7.0231  0.5000  16.5405  0.0025  0.5000
7.0326  0.5000  16.5052  0.0025  0.5000
7.0422  0.5000  16.6462  0.0025  0.5000
7.0589  0.5000  16.7079  0.0025  0.5000
7.0686  0.5000  16.7358  0.0025  0.5000
7.0795  0.5000  16.7726  0.0025  0.5000
7.0903  0.5000  16.9415  0.0025  0.5000
7.0998  0.5000  16.8416  0.0025  0.5000
7.1093  0.5000  16.7902  0.0025  0.5000
7.1201  0.5000  16.7637  0.0025  0.5000
7.1306  0.5000  16.7608  0.0025  0.5000
7.1404  0.5000  16.7197  0.0025  0.5000
7.1518  0.5000  16.8034  0.0025  0.5000
7.1617  0.5000  16.8181  0.0025  0.5000
7.1747  0.5000  16.7726  0.0025  0.5000
7.1861  0.5000  16.7461  0.0025  0.5000
7.1969  0.5000  16.6257  0.0025  0.5000
7.2093  0.5000  16.8063  0.0025  0.5000
7.2195  0.5000  17.0971  0.0025  0.5000
7.2295  0.5000  17.2352  0.0025  0.5000
7.2399  0.5000  17.1750  0.0025  0.5000
7.2500  0.5000  17.2866  0.0025  0.5000
7.2602  0.5000  17.2058  0.0025  0.5000
7.2708  0.5000  17.1309  0.0025  0.5000
7.2812  0.5000  17.0193  0.0025  0.5000
7.2918  0.5000  17.1853  0.0025  0.5000
7.3020  0.5000  17.1309  0.0025  0.5000
7.3122  0.5000  17.2616  0.0025  0.5000
7.3224  0.5000  17.3351  0.0025  0.5000
7.3333  0.5000  17.3527  0.0025  0.5000
7.3436  0.5000  17.6141  0.0025  0.5000
7.3544  0.5000  17.5392  0.0025  0.5000
7.3677  0.5000  17.6200  0.0025  0.5000
7.3784  0.5000  17.6053  0.0025  0.5000
7.3895  0.5000  17.5172  0.0025  0.5000
7.3996  0.5000  17.3909  0.0025  0.5000
7.4118  0.5000  17.4761  0.0025  0.5000
7.4228  0.5000  17.7066  0.0025  0.5000
7.4342  0.5000  17.6229  0.0025  0.5000
7.4450  0.5000  17.6596  0.0025  0.5000
7.4556  0.5000  17.3909  0.0025  0.5000
7.4659  0.5000  17.6156  0.0025  0.5000
7.4767  0.5000  17.6126  0.0025  0.5000
7.4873  0.5000  17.6773  0.0025  0.5000
7.4976  0.5000  17.5965  0.0025  0.5000
7.5081  0.5000  17.6552  0.0025  0.5000
7.5182  0.5000  17.6699  0.0025  0.5000
7.5274  0.5000  17.6729  0.0025  0.5000
7.5391  0.5000  17.7081  0.0025  0.5000
7.5604  0.5000  18.0988  0.0025  0.5000
7.5722  0.5000  18.1561  0.0025  0.5000
7.5817  0.5000  18.1590  0.0025  0.5000
7.5914  0.5000  18.0929  0.0025  0.5000
7.6012  0.5000  18.1311  0.0025  0.5000
7.6109  0.5000  18.0180  0.0025  0.5000
7.6206  0.5000  17.9416  0.0025  0.5000
7.6302  0.5000  17.7845  0.0025  0.5000
7.6399  0.5000  17.7096  0.0025  0.5000
7.6487  0.5000  17.6787  0.0025  0.5000
7.6599  0.5000  17.8050  0.0025  0.5000
7.6705  0.5000  17.8109  0.0025  0.5000
7.6802  0.5000  18.0929  0.0025  0.5000
7.6904  0.5000  18.2824  0.0025  0.5000
7.7007  0.5000  18.2912  0.0025  0.5000
7.7108  0.5000  18.2794  0.0025  0.5000
7.7210  0.5000  18.5409  0.0025  0.5000
7.7300  0.5000  18.4278  0.0025  0.5000
7.7402  0.5000  18.4425  0.0025  0.5000
7.7504  0.5000  18.4190  0.0025  0.5000
7.7606  0.5000  18.3676  0.0025  0.5000
7.7709  0.5000  18.1282  0.0025  0.5000
7.7813  0.5000  17.9916  0.0025  0.5000
7.7907  0.5000  18.0841  0.0025  0.5000
7.8009  0.5000  18.1605  0.0025  0.5000
7.8111  0.5000  18.3837  0.0025  0.5000
7.8215  0.5000  18.4571  0.0025  0.5000
7.8317  0.5000  18.4395  0.0025  0.5000
7.8422  0.5000  18.3793  0.0025  0.5000
7.8525  0.5000  18.5100  0.0025  0.5000
7.8631  0.5000  18.6202  0.0025  0.5000
7.8758  0.5000  18.5541  0.0025  0.5000
7.8860  0.5000  18.5335  0.0025  0.5000
7.8976  0.5000  18.5174  0.0025  0.5000
7.9084  0.5000  18.5746  0.0025  0.5000
7.9220  0.5000  18.7847  0.0025  0.5000
7.9345  0.5000  18.9227  0.0025  0.5000
7.9446  0.5000  18.9741  0.0025  0.5000
7.9533  0.5000  18.8082  0.0025  0.5000
7.9633  0.5000  18.7142  0.0025  0.5000
7.9733  0.5000  18.4116  0.0025  0.5000
7.9831  0.5000  18.3896  0.0025  0.5000
7.9930  0.5000  18.4909  0.0025  0.5000
8.0031  0.5000  18.4057  0.0025  0.5000
8.0132  0.5000  18.5335  0.0025  0.5000
8.0236  0.5000  18.5115  0.0025  0.5000
8.0340  0.5000  18.5908  0.0025  0.5000
8.0444  0.5000  18.5056  0.0025  0.5000
8.0614  0.5000  18.8963  0.0025  0.5000
8.0718  0.5000  18.9036  0.0025  0.5000
8.0827  0.5000  18.9124  0.0025  0.5000
8.0934  0.5000  18.9389  0.0025  0.5000
8.1036  0.5000  18.6760  0.0025  0.5000
8.1139  0.5000  18.7024  0.0025  0.5000
8.1243  0.5000  18.4924  0.0025  0.5000
8.1347  0.5000  18.5717  0.0025  0.5000
8.1457  0.5000  18.7010  0.0025  0.5000
8.1591  0.5000  18.8845  0.0025  0.5000
8.1699  0.5000  19.0064  0.0025  0.5000
8.1807  0.5000  18.9242  0.0025  0.5000
8.1911  0.5000  18.9844  0.0025  0.5000
8.2021  0.5000  18.9815  0.0025  0.5000
8.2125  0.5000  19.0549  0.0025  0.5000
8.2228  0.5000  19.0828  0.0025  0.5000
8.2332  0.5000  19.1651  0.0025  0.5000
8.2435  0.5000  19.1283  0.0025  0.5000
8.2539  0.5000  19.2914  0.0025  0.5000
8.2642  0.5000  19.2488  0.0025  0.5000
8.2753  0.5000  19.3134  0.0025  0.5000
8.2870  0.5000  19.3369  0.0025  0.5000
8.2973  0.5000  19.1827  0.0025  0.5000
8.3076  0.5000  18.9506  0.0025  0.5000
8.3182  0.5000  19.0799  0.0025  0.5000
8.3285  0.5000  19.0020  0.0025  0.5000
8.3390  0.5000  19.0667  0.0025  0.5000
8.3507  0.5000  19.2341  0.0025  0.5000
8.3612  0.5000  19.4309  0.0025  0.5000
8.3717  0.5000  19.4045  0.0025  0.5000
8.3845  0.5000  19.6762  0.0025  0.5000
8.3954  0.5000  19.7276  0.0025  0.5000
8.4069  0.5000  19.6850  0.0025  0.5000
8.4235  0.5000  19.6953  0.0025  0.5000
8.4387  0.5000  19.5587  0.0025  0.5000
8.4489  0.5000  19.6189  0.0025  0.5000
8.4579  0.5000  19.5925  0.0025  0.5000
8.4679  0.5000  19.8700  0.0025  0.5000
8.4780  0.5000  19.7716  0.0025  0.5000
8.4881  0.5000  19.8539  0.0025  0.5000
8.4981  0.5000  19.9861  0.0025  0.5000
8.5088  0.5000  19.9141  0.0025  0.5000
8.5186  0.5000  19.9464  0.0025  0.5000
8.5285  0.5000  20.0624  0.0025  0.5000
8.5386  0.5000  19.9082  0.0025  0.5000
8.5487  0.5000  19.9038  0.0025  0.5000
8.5656  0.5000  19.9993  0.0025  0.5000
8.5768  0.5000  20.0096  0.0025  0.5000
8.5874  0.5000  19.9391  0.0025  0.5000
8.5983  0.5000  19.9464  0.0025  0.5000
8.6090  0.5000  19.9023  0.0025  0.5000
8.6207  0.5000  19.8539  0.0025  0.5000
8.6332  0.5000  19.9464  0.0025  0.5000
8.6441  0.5000  19.8539  0.0025  0.5000
8.6540  0.5000  19.7907  0.0025  0.5000
8.6636  0.5000  20.0110  0.0025  0.5000
8.6773  0.5000  19.9978  0.0025  0.5000
8.6866  0.5000  20.1726  0.0025  0.5000
8.6986  0.5000  20.0948  0.0025  0.5000
8.7092  0.5000  20.1814  0.0025  0.5000
8.7201  0.5000  20.2078  0.0025  0.5000
8.7307  0.5000  20.3195  0.0025  0.5000
8.7413  0.5000  20.2886  0.0025  0.5000
8.7526  0.5000  20.2989  0.0025  0.5000
8.7632  0.5000  20.3944  0.0025  0.5000
8.7738  0.5000  20.4854  0.0025  0.5000
8.7857  0.5000  20.5559  0.0025  0.5000
8.7966  0.5000  20.5089  0.0025  0.5000
8.8070  0.5000  20.6396  0.0025  0.5000
8.8175  0.5000  20.6338  0.0025  0.5000
8.8283  0.5000  20.6279  0.0025  0.5000
8.8396  0.5000  20.5192  0.0025  0.5000
8.8502  0.5000  20.3870  0.0025  0.5000
8.8595  0.5000  20.3077  0.0025  0.5000
8.8701  0.5000  20.3856  0.0025  0.5000
8.8810  0.5000  20.3885  0.0025  0.5000
8.8949  0.5000  20.5398  0.0025  0.5000
8.9056  0.5000  20.4487  0.0025  0.5000
8.9174  0.5000  20.4722  0.0025  0.5000
8.9278  0.5000  20.3723  0.0025  0.5000
8.9408  0.5000  20.2578  0.0025  0.5000
8.9520  0.5000  20.3532  0.0025  0.5000
8.9617  0.5000  20.3665  0.0025  0.5000
8.9724  0.5000  20.4516  0.0025  0.5000
8.9828  0.5000  20.6925  0.0025  0.5000
8.9947  0.5000  20.8115  0.0025  0.5000
9.0060  0.5000  20.8159  0.0025  0.5000
9.0172  0.5000  20.6264  0.0025  0.5000
9.0283  0.5000  20.6646  0.0025  0.5000
9.0395  0.5000  20.7043  0.0025  0.5000
9.0507  0.5000  20.6529  0.0025  0.5000
9.0691  0.5000  20.7175  0.0025  0.5000
9.0833  0.5000  20.7880  0.0025  0.5000
9.0941  0.5000  20.8085  0.0025  0.5000
9.1048  0.5000  20.9084  0.0025  0.5000
9.1167  0.5000  20.8614  0.0025  0.5000
9.1285  0.5000  20.7674  0.0025  0.5000
9.1392  0.5000  20.9363  0.0025  0.5000
9.1499  0.5000  20.6646  0.0025  0.5000
9.1619  0.5000  20.6455  0.0025  0.5000
9.1729  0.5000  20.8144  0.0025  0.5000
9.1846  0.5000  21.0288  0.0025  0.5000
9.1953  0.5000  21.0391  0.0025  0.5000
9.2053  0.5000  21.0567  0.0025  0.5000
9.2141  0.5000  21.0744  0.0025  0.5000
9.2241  0.5000  20.9466  0.0025  0.5000
9.2340  0.5000  20.8673  0.0025  0.5000
9.2447  0.5000  20.9216  0.0025  0.5000
9.2560  0.5000  20.8629  0.0025  0.5000
9.2666  0.5000  20.9363  0.0025  0.5000
9.2774  0.5000  21.0567  0.0025  0.5000
9.2895  0.5000  21.2168  0.0025  0.5000
9.2992  0.5000  21.1640  0.0025  0.5000
9.3102  0.5000  21.1405  0.0025  0.5000
9.3210  0.5000  21.0670  0.0025  0.5000
9.3355  0.5000  20.9980  0.0025  0.5000
9.3491  0.5000  21.0421  0.0025  0.5000
9.3591  0.5000  20.9216  0.0025  0.5000
9.3685  0.5000  20.9143  0.0025  0.5000
9.3784  0.5000  21.0876  0.0025  0.5000
9.3883  0.5000  21.2154  0.0025  0.5000
9.4006  0.5000  21.2712  0.0025  0.5000
9.4107  0.5000  21.0186  0.0025  0.5000
9.4208  0.5000  21.1184  0.0025  0.5000
9.4312  0.5000  21.1713  0.0025  0.5000
9.4431  0.5000  21.2888  0.0025  0.5000
9.4531  0.5000  21.1111  0.0025  0.5000
9.4632  0.5000  21.1610  0.0025  0.5000
9.4737  0.5000  21.3152  0.0025  0.5000
9.4835  0.5000  21.2550  0.0025  0.5000
9.4931  0.5000  21.2418  0.0025  0.5000
9.5031  0.5000  21.3960  0.0025  0.5000
9.5132  0.5000  21.3901  0.0025  0.5000
9.5231  0.5000  21.2345  0.0025  0.5000
9.5331  0.5000  20.9774  0.0025  0.5000
9.5430  0.5000  21.0053  0.0025  0.5000
9.5532  0.5000  21.1184  0.0025  0.5000
9.5710  0.5000  21.0230  0.0025  0.5000
9.5819  0.5000  21.1845  0.0025  0.5000
9.5909  0.5000  21.1375  0.0025  0.5000
9.6018  0.5000  21.1096  0.0025  0.5000
9.6125  0.5000  21.0979  0.0025  0.5000
9.6234  0.5000  21.0318  0.0025  0.5000
9.6342  0.5000  20.9583  0.0025  0.5000
9.6452  0.5000  20.9745  0.0025  0.5000
9.6557  0.5000  21.0215  0.0025  0.5000
9.6656  0.5000  21.1111  0.0025  0.5000
9.6780  0.5000  21.2374  0.0025  0.5000
9.6894  0.5000  21.1875  0.0025  0.5000
9.7009  0.5000  21.1023  0.0025  0.5000
9.7125  0.5000  21.0479  0.0025  0.5000
9.7220  0.5000  21.0949  0.0025  0.5000
9.7326  0.5000  20.9216  0.0025  0.5000
9.7435  0.5000  21.1111  0.0025  0.5000
9.7540  0.5000  21.1875  0.0025  0.5000
9.7644  0.5000  21.1654  0.0025  0.5000
9.7742  0.5000  21.3255  0.0025  0.5000
9.7847  0.5000  21.3123  0.0025  0.5000
9.7988  0.5000  21.4562  0.0025  0.5000
9.8094  0.5000  21.2697  0.0025  0.5000
9.8201  0.5000  21.2829  0.0025  0.5000
9.8306  0.5000  21.1816  0.0025  0.5000
9.8427  0.5000  21.3593  0.0025  0.5000
9.8594  0.5000  21.3901  0.0025  0.5000
9.8699  0.5000  21.4415  0.0025  0.5000
9.8811  0.5000  21.5194  0.0025  0.5000
9.8922  0.5000  21.5385  0.0025  0.5000
9.9057  0.5000  21.5796  0.0025  0.5000
9.9176  0.5000  21.5444  0.0025  0.5000
9.9293  0.5000  21.4841  0.0025  0.5000
9.9417  0.5000  21.6560  0.0025  0.5000
9.9536  0.5000  21.7309  0.0025  0.5000
9.9651  0.5000  21.7426  0.0025  0.5000
9.9760  0.5000  21.7529  0.0025  0.5000
9.9867  0.5000  21.7470  0.0025  0.5000
9.9970  0.5000  21.6325  0.0025  0.5000
10.0068  0.5000  21.7382  0.0025  0.5000
10.0169  0.5000  21.8675  0.0025  0.5000
10.0268  0.5000  21.7720  0.0025  0.5000
10.0367  0.5000  21.9012  0.0025  0.5000
10.0468  0.5000  21.9864  0.0025  0.5000
10.0567  0.5000  22.0173  0.0025  0.5000
10.0737  0.5000  22.2655  0.0025  0.5000
10.0845  0.5000  22.1524  0.0025  0.5000
10.0952  0.5000  22.1098  0.0025  0.5000
10.1068  0.5000  21.9262  0.0025  0.5000
10.1182  0.5000  21.8895  0.0025  0.5000
10.1293  0.5000  21.8792  0.0025  0.5000
10.1408  0.5000  21.9247  0.0025  0.5000
10.1501  0.5000  21.9673  0.0025  0.5000
10.1609  0.5000  22.1847  0.0025  0.5000
10.1704  0.5000  22.2963  0.0025  0.5000
10.1816  0.5000  22.3595  0.0025  0.5000
10.1938  0.5000  22.2655  0.0025  0.5000
10.2063  0.5000  22.2626  0.0025  0.5000
10.2150  0.5000  22.2684  0.0025  0.5000
10.2281  0.5000  22.2875  0.0025  0.5000
10.2415  0.5000  22.2067  0.0025  0.5000
10.2518  0.5000  22.2655  0.0025  0.5000
10.2625  0.5000  22.4182  0.0025  0.5000
10.2726  0.5000  22.3712  0.0025  0.5000
10.2816  0.5000  22.2816  0.0025  0.5000
10.2922  0.5000  22.4021  0.0025  0.5000
10.3029  0.5000  22.2581  0.0025  0.5000
10.3131  0.5000  22.3859  0.0025  0.5000
10.3234  0.5000  22.2934  0.0025  0.5000
10.3339  0.5000  22.5254  0.0025  0.5000
10.3443  0.5000  22.5152  0.0025  0.5000
10.3544  0.5000  22.6547  0.0025  0.5000
10.3634  0.5000  22.5548  0.0025  0.5000
10.3727  0.5000  22.4138  0.0025  0.5000
10.3830  0.5000  22.5416  0.0025  0.5000
10.3932  0.5000  22.5269  0.0025  0.5000
10.4039  0.5000  22.5166  0.0025  0.5000
10.4167  0.5000  22.5064  0.0025  0.5000
10.4271  0.5000  22.3242  0.0025  0.5000
10.4364  0.5000  22.4520  0.0025  0.5000
10.4467  0.5000  22.6841  0.0025  0.5000
10.4594  0.5000  22.6797  0.0025  0.5000
10.4698  0.5000  22.6268  0.0025  0.5000
10.4804  0.5000  22.6385  0.0025  0.5000
10.4908  0.5000  22.6180  0.0025  0.5000
10.5006  0.5000  22.5108  0.0025  0.5000
10.5109  0.5000  22.4799  0.0025  0.5000
10.5212  0.5000  22.6782  0.0025  0.5000
10.5314  0.5000  22.7281  0.0025  0.5000
10.5418  0.5000  22.4902  0.0025  0.5000
10.5531  0.5000  22.6635  0.0025  0.5000
10.5636  0.5000  22.6444  0.0025  0.5000
10.5807  0.5000  22.6694  0.0025  0.5000
10.5908  0.5000  22.7237  0.0025  0.5000
10.6015  0.5000  22.8750  0.0025  0.5000
10.6122  0.5000  22.8162  0.0025  0.5000
10.6227  0.5000  22.8618  0.0025  0.5000
10.6334  0.5000  23.0013  0.0025  0.5000
10.6439  0.5000  22.8823  0.0025  0.5000
10.6531  0.5000  22.7913  0.0025  0.5000
10.6644  0.5000  22.7619  0.0025  0.5000
10.6738  0.5000  22.5254  0.0025  0.5000
10.6845  0.5000  22.6004  0.0025  0.5000
10.6957  0.5000  22.8104  0.0025  0.5000
10.7083  0.5000  22.7737  0.0025  0.5000
10.7186  0.5000  22.7516  0.0025  0.5000
10.7292  0.5000  23.0101  0.0025  0.5000
10.7400  0.5000  23.0424  0.0025  0.5000
10.7505  0.5000  23.0718  0.0025  0.5000
10.7612  0.5000  23.0880  0.0025  0.5000
10.7721  0.5000  23.1937  0.0025  0.5000
10.7825  0.5000  23.2539  0.0025  0.5000
10.7934  0.5000  23.2936  0.0025  0.5000
10.8049  0.5000  23.0586  0.0025  0.5000
10.8159  0.5000  23.1614  0.0025  0.5000
10.8267  0.5000  23.1541  0.0025  0.5000
10.8375  0.5000  23.0454  0.0025  0.5000
10.8483  0.5000  22.8368  0.0025  0.5000
10.8592  0.5000  23.0571  0.0025  0.5000
10.8690  0.5000  22.9279  0.0025  0.5000
10.8796  0.5000  22.9293  0.0025  0.5000
10.8903  0.5000  23.1614  0.0025  0.5000
10.9010  0.5000  23.3171  0.0025  0.5000
10.9102  0.5000  23.3832  0.0025  0.5000
10.9236  0.5000  23.3097  0.0025  0.5000
10.9345  0.5000  23.5183  0.0025  0.5000
10.9453  0.5000  23.6505  0.0025  0.5000
10.9574  0.5000  23.6945  0.0025  0.5000
10.9707  0.5000  23.5814  0.0025  0.5000
10.9803  0.5000  23.6593  0.0025  0.5000
10.9909  0.5000  23.3685  0.0025  0.5000
11.0018  0.5000  23.3215  0.0025  0.5000
11.0126  0.5000  23.4977  0.0025  0.5000
11.0238  0.5000  23.6358  0.0025  0.5000
11.0352  0.5000  23.6798  0.0025  0.5000
11.0448  0.5000  23.7782  0.0025  0.5000
11.0552  0.5000  23.9765  0.0025  0.5000
11.0659  0.5000  23.9692  0.0025  0.5000
11.0843  0.5000  23.9648  0.0025  0.5000
11.0959  0.5000  23.9648  0.0025  0.5000
11.1110  0.5000  23.9706  0.0025  0.5000
11.1226  0.5000  24.0030  0.0025  0.5000
11.1355  0.5000  24.0779  0.0025  0.5000
11.1454  0.5000  23.9648  0.0025  0.5000
11.1546  0.5000  23.9853  0.0025  0.5000
11.1650  0.5000  23.9941  0.0025  0.5000
11.1748  0.5000  24.2747  0.0025  0.5000
11.1845  0.5000  24.3275  0.0025  0.5000
11.1952  0.5000  24.3261  0.0025  0.5000
11.2062  0.5000  24.3672  0.0025  0.5000
11.2181  0.5000  24.5537  0.0025  0.5000
11.2280  0.5000  24.5581  0.0025  0.5000
11.2377  0.5000  24.7021  0.0025  0.5000
11.2482  0.5000  24.7946  0.0025  0.5000
11.2584  0.5000  24.8181  0.0025  0.5000
11.2692  0.5000  24.8680  0.0025  0.5000
11.2798  0.5000  24.6991  0.0025  0.5000
11.2903  0.5000  24.7931  0.0025  0.5000
11.3022  0.5000  24.7872  0.0025  0.5000
11.3130  0.5000  24.7828  0.0025  0.5000
11.3231  0.5000  24.7623  0.0025  0.5000
11.3330  0.5000  24.7828  0.0025  0.5000
11.3429  0.5000  24.8768  0.0025  0.5000
11.3528  0.5000  25.0986  0.0025  0.5000
11.3646  0.5000  25.0869  0.0025  0.5000
11.3753  0.5000  25.0355  0.0025  0.5000
11.3862  0.5000  25.1706  0.0025  0.5000
11.3960  0.5000  25.0898  0.0025  0.5000
11.4071  0.5000  25.1089  0.0025  0.5000
11.4183  0.5000  25.1882  0.0025  0.5000
11.4314  0.5000  25.2396  0.0025  0.5000
11.4430  0.5000  25.1015  0.0025  0.5000
11.4563  0.5000  25.1192  0.0025  0.5000
11.4670  0.5000  25.0707  0.0025  0.5000
11.4800  0.5000  25.0619  0.0025  0.5000
11.4900  0.5000  25.1882  0.0025  0.5000
11.5002  0.5000  25.0839  0.0025  0.5000
11.5097  0.5000  25.3321  0.0025  0.5000
11.5197  0.5000  25.2851  0.0025  0.5000
11.5300  0.5000  24.9282  0.0025  0.5000
11.5404  0.5000  25.0193  0.0025  0.5000
11.5502  0.5000  25.2602  0.0025  0.5000
11.5602  0.5000  25.3233  0.0025  0.5000
11.5702  0.5000  25.5040  0.0025  0.5000
11.5867  0.5000  25.4540  0.0025  0.5000
11.5967  0.5000  25.5392  0.0025  0.5000
11.6065  0.5000  25.5304  0.0025  0.5000
11.6164  0.5000  25.4438  0.0025  0.5000
11.6272  0.5000  25.5745  0.0025  0.5000
11.6371  0.5000  25.7052  0.0025  0.5000
11.6469  0.5000  25.7507  0.0025  0.5000
11.6570  0.5000  25.7625  0.0025  0.5000
11.6670  0.5000  25.7610  0.0025  0.5000
11.6776  0.5000  25.8183  0.0025  0.5000
11.6882  0.5000  25.8021  0.0025  0.5000
11.7025  0.5000  25.6009  0.0025  0.5000
11.7140  0.5000  25.9651  0.0025  0.5000
11.7266  0.5000  25.9358  0.0025  0.5000
11.7384  0.5000  25.8403  0.0025  0.5000
11.7501  0.5000  25.9108  0.0025  0.5000
11.7610  0.5000  25.8403  0.0025  0.5000
11.7722  0.5000  25.8359  0.0025  0.5000
11.7834  0.5000  25.7492  0.0025  0.5000
11.7943  0.5000  25.8888  0.0025  0.5000
11.8071  0.5000  26.1370  0.0025  0.5000
11.8185  0.5000  25.7713  0.0025  0.5000
11.8295  0.5000  25.9240  0.0025  0.5000
11.8406  0.5000  25.9578  0.0025  0.5000
11.8516  0.5000  25.9461  0.0025  0.5000
11.8627  0.5000  25.9622  0.0025  0.5000
11.8743  0.5000  25.9402  0.0025  0.5000
11.8856  0.5000  25.9828  0.0025  0.5000
11.8966  0.5000  25.9211  0.0025  0.5000
11.9076  0.5000  25.9563  0.0025  0.5000
11.9189  0.5000  26.1987  0.0025  0.5000
11.9300  0.5000  26.2677  0.0025  0.5000
11.9435  0.5000  26.2310  0.0025  0.5000
11.9586  0.5000  26.2677  0.0025  0.5000
11.9702  0.5000  26.3074  0.0025  0.5000
11.9840  0.5000  26.4087  0.0025  0.5000
11.9954  0.5000  26.3323  0.0025  0.5000
12.0049  0.5000  26.2369  0.0025  0.5000
12.0147  0.5000  26.3661  0.0025  0.5000
12.0244  0.5000  26.4718  0.0025  0.5000
12.0340  0.5000  26.4616  0.0025  0.5000
12.0436  0.5000  26.5262  0.0025  0.5000
12.0544  0.5000  26.4263  0.0025  0.5000
12.0656  0.5000  26.4924  0.0025  0.5000
12.0757  0.5000  26.5702  0.0025  0.5000
12.0931  0.5000  26.4586  0.0025  0.5000
12.1033  0.5000  26.4704  0.0025  0.5000
12.1141  0.5000  26.3353  0.0025  0.5000
12.1241  0.5000  26.4513  0.0025  0.5000
12.1354  0.5000  26.5864  0.0025  0.5000
12.1447  0.5000  26.3044  0.0025  0.5000
12.1560  0.5000  26.3940  0.0025  0.5000
12.1672  0.5000  26.2163  0.0025  0.5000
12.1786  0.5000  26.3118  0.0025  0.5000
12.1896  0.5000  26.4146  0.0025  0.5000
12.2005  0.5000  26.3323  0.0025  0.5000
12.2109  0.5000  26.3103  0.0025  0.5000
12.2238  0.5000  26.4513  0.0025  0.5000
12.2348  0.5000  26.2780  0.0025  0.5000
12.2452  0.5000  26.3764  0.0025  0.5000
12.2559  0.5000  26.3103  0.0025  0.5000
12.2664  0.5000  26.5012  0.0025  0.5000
12.2757  0.5000  26.4733  0.0025  0.5000
12.2856  0.5000  26.7039  0.0025  0.5000
12.2955  0.5000  26.8155  0.0025  0.5000
12.3058  0.5000  26.6775  0.0025  0.5000
12.3166  0.5000  26.7186  0.0025  0.5000
12.3267  0.5000  26.6290  0.0025  0.5000
12.3367  0.5000  26.6628  0.0025  0.5000
12.3464  0.5000  26.7906  0.0025  0.5000
12.3577  0.5000  26.9756  0.0025  0.5000
12.3672  0.5000  26.9081  0.0025  0.5000
12.3767  0.5000  26.8287  0.0025  0.5000
12.3864  0.5000  26.6907  0.0025  0.5000
12.3959  0.5000  26.6554  0.0025  0.5000
12.4053  0.5000  26.5937  0.0025  0.5000
12.4148  0.5000  26.6393  0.0025  0.5000
12.4243  0.5000  26.9213  0.0025  0.5000
12.4338  0.5000  27.0755  0.0025  0.5000
12.4457  0.5000  26.9785  0.0025  0.5000
12.4553  0.5000  26.8963  0.0025  0.5000
12.4655  0.5000  27.0094  0.0025  0.5000
12.4756  0.5000  26.8640  0.0025  0.5000
12.4864  0.5000  26.7465  0.0025  0.5000
12.4958  0.5000  26.8155  0.0025  0.5000
12.5051  0.5000  26.8801  0.0025  0.5000
12.5145  0.5000  26.9330  0.0025  0.5000
12.5239  0.5000  26.9668  0.0025  0.5000
12.5335  0.5000  27.0138  0.0025  0.5000
12.5430  0.5000  27.0814  0.0025  0.5000
12.5524  0.5000  27.1298  0.0025  0.5000
12.5618  0.5000  27.0432  0.0025  0.5000
12.5702  0.5000  27.1195  0.0025  0.5000
12.5806  0.5000  27.1944  0.0025  0.5000
12.5990  0.5000  27.1783  0.0025  0.5000
12.6092  0.5000  26.9492  0.0025  0.5000
12.6202  0.5000  26.9903  0.0025  0.5000
12.6305  0.5000  26.9418  0.0025  0.5000
12.6397  0.5000  26.9007  0.0025  0.5000
12.6502  0.5000  26.7641  0.0025  0.5000
12.6606  0.5000  26.8713  0.0025  0.5000
12.6709  0.5000  26.9139  0.0025  0.5000
12.6800  0.5000  27.2341  0.0025  0.5000
12.6905  0.5000  27.2179  0.0025  0.5000
12.6998  0.5000  27.1386  0.0025  0.5000
12.7108  0.5000  27.0711  0.0025  0.5000
12.7208  0.5000  27.1342  0.0025  0.5000
12.7308  0.5000  27.1519  0.0025  0.5000
12.7414  0.5000  27.2062  0.0025  0.5000
12.7516  0.5000  27.2664  0.0025  0.5000
12.7619  0.5000  27.3031  0.0025  0.5000
12.7720  0.5000  27.2033  0.0025  0.5000
12.7845  0.5000  27.2752  0.0025  0.5000
12.7981  0.5000  27.1093  0.0025  0.5000
12.8097  0.5000  27.2488  0.0025  0.5000
12.8201  0.5000  27.3545  0.0025  0.5000
12.8295  0.5000  27.4030  0.0025  0.5000
12.8390  0.5000  27.4265  0.0025  0.5000
12.8483  0.5000  27.4485  0.0025  0.5000
12.8580  0.5000  27.2649  0.0025  0.5000
12.8692  0.5000  27.2312  0.0025  0.5000
12.8788  0.5000  27.3428  0.0025  0.5000
12.8884  0.5000  27.1974  0.0025  0.5000
12.8991  0.5000  27.2444  0.0025  0.5000
12.9099  0.5000  27.5176  0.0025  0.5000
12.9209  0.5000  27.5146  0.0025  0.5000
12.9316  0.5000  27.4588  0.0025  0.5000
12.9423  0.5000  27.3119  0.0025  0.5000
12.9556  0.5000  27.4823  0.0025  0.5000
12.9677  0.5000  27.6527  0.0025  0.5000
12.9793  0.5000  27.6042  0.0025  0.5000
12.9909  0.5000  27.5381  0.0025  0.5000
13.0016  0.5000  27.6615  0.0025  0.5000
13.0105  0.5000  27.5146  0.0025  0.5000
13.0203  0.5000  27.5969  0.0025  0.5000
13.0299  0.5000  27.6174  0.0025  0.5000
13.0397  0.5000  27.6116  0.0025  0.5000
13.0495  0.5000  27.6747  0.0025  0.5000
13.0594  0.5000  27.7056  0.0025  0.5000
13.0695  0.5000  27.7349  0.0025  0.5000
13.0793  0.5000  27.7423  0.0025  0.5000
13.0889  0.5000  27.7863  0.0025  0.5000
13.1053  0.5000  27.7658  0.0025  0.5000
13.1158  0.5000  27.8598  0.0025  0.5000
13.1250  0.5000  27.7291  0.0025  0.5000
13.1344  0.5000  27.9831  0.0025  0.5000
13.1435  0.5000  27.8745  0.0025  0.5000
13.1529  0.5000  27.6556  0.0025  0.5000
13.1622  0.5000  27.6615  0.0025  0.5000
13.1714  0.5000  27.7041  0.0025  0.5000
13.1808  0.5000  27.7922  0.0025  0.5000
13.1895  0.5000  27.7085  0.0025  0.5000
13.1989  0.5000  27.7056  0.0025  0.5000
13.2087  0.5000  28.0052  0.0025  0.5000
13.2205  0.5000  28.0096  0.0025  0.5000
13.2306  0.5000  27.8818  0.0025  0.5000
13.2411  0.5000  28.1094  0.0025  0.5000
13.2512  0.5000  28.2020  0.0025  0.5000
13.2612  0.5000  28.1359  0.0025  0.5000
13.2707  0.5000  28.1932  0.0025  0.5000
13.2802  0.5000  28.1550  0.0025  0.5000
13.2899  0.5000  28.0757  0.0025  0.5000
13.2995  0.5000  28.0698  0.0025  0.5000
13.3104  0.5000  28.0801  0.0025  0.5000
13.3207  0.5000  28.0199  0.0025  0.5000
13.3302  0.5000  28.0933  0.0025  0.5000
13.3397  0.5000  28.1594  0.0025  0.5000
13.3494  0.5000  28.2710  0.0025  0.5000
13.3593  0.5000  28.4282  0.0025  0.5000
13.3692  0.5000  28.3356  0.0025  0.5000
13.3797  0.5000  28.3488  0.0025  0.5000
13.3899  0.5000  28.2637  0.0025  0.5000
13.4003  0.5000  28.3165  0.0025  0.5000
13.4105  0.5000  28.3665  0.0025  0.5000
13.4210  0.5000  28.3738  0.0025  0.5000
13.4306  0.5000  28.4091  0.0025  0.5000
13.4419  0.5000  28.5412  0.0025  0.5000
13.4530  0.5000  28.4898  0.0025  0.5000
13.4668  0.5000  28.3812  0.0025  0.5000
13.4774  0.5000  28.2622  0.0025  0.5000
13.4881  0.5000  28.3856  0.0025  0.5000
13.5027  0.5000  28.5133  0.0025  0.5000
13.5143  0.5000  28.6720  0.0025  0.5000
13.5259  0.5000  28.8335  0.0025  0.5000
13.5368  0.5000  28.6294  0.0025  0.5000
13.5492  0.5000  28.6690  0.0025  0.5000
13.5602  0.5000  28.5310  0.0025  0.5000
13.5750  0.5000  28.5442  0.0025  0.5000
13.5868  0.5000  28.6661  0.0025  0.5000
13.6105  0.5000  28.6455  0.0025  0.5000
13.6203  0.5000  28.7777  0.0025  0.5000
13.6298  0.5000  28.7850  0.0025  0.5000
13.6393  0.5000  28.9760  0.0025  0.5000
13.6493  0.5000  28.9613  0.0025  0.5000
13.6594  0.5000  29.0215  0.0025  0.5000
13.6691  0.5000  29.1537  0.0025  0.5000
13.6794  0.5000  29.1625  0.0025  0.5000
13.6894  0.5000  29.0523  0.0025  0.5000
13.6991  0.5000  29.1772  0.0025  0.5000
13.7088  0.5000  29.1111  0.0025  0.5000
13.7202  0.5000  29.0993  0.0025  0.5000
13.7290  0.5000  29.1375  0.0025  0.5000
13.7397  0.5000  29.2124  0.0025  0.5000
13.7496  0.5000  29.3476  0.0025  0.5000
13.7596  0.5000  29.2829  0.0025  0.5000
13.7699  0.5000  29.2844  0.0025  0.5000
13.7796  0.5000  29.3740  0.0025  0.5000
13.7896  0.5000  29.4210  0.0025  0.5000
13.7996  0.5000  29.5649  0.0025  0.5000
13.8100  0.5000  29.6765  0.0025  0.5000
13.8206  0.5000  29.5517  0.0025  0.5000
13.8304  0.5000  29.6134  0.0025  0.5000
13.8404  0.5000  29.5679  0.0025  0.5000
13.8502  0.5000  29.4504  0.0025  0.5000
13.8600  0.5000  29.4577  0.0025  0.5000
13.8700  0.5000  29.4078  0.0025  0.5000
13.8799  0.5000  29.5165  0.0025  0.5000
13.8904  0.5000  29.5297  0.0025  0.5000
13.8998  0.5000  29.5693  0.0025  0.5000
13.9099  0.5000  29.6193  0.0025  0.5000
13.9200  0.5000  29.6633  0.0025  0.5000
13.9294  0.5000  29.8175  0.0025  0.5000
13.9389  0.5000  29.9365  0.0025  0.5000
13.9490  0.5000  29.8704  0.0025  0.5000
13.9596  0.5000  29.9218  0.0025  0.5000
13.9733  0.5000  29.8748  0.0025  0.5000
13.9854  0.5000  29.7177  0.0025  0.5000
13.9953  0.5000  29.6340  0.0025  0.5000
14.0079  0.5000  29.7750  0.0025  0.5000
14.0190  0.5000  29.7000  0.0025  0.5000
14.0294  0.5000  29.7074  0.0025  0.5000
14.0406  0.5000  29.6266  0.0025  0.5000
14.0519  0.5000  29.7089  0.0025  0.5000
14.0631  0.5000  29.7103  0.0025  0.5000
14.0741  0.5000  29.8675  0.0025  0.5000
14.0851  0.5000  30.0848  0.0025  0.5000
14.0959  0.5000  30.0173  0.0025  0.5000
14.1140  0.5000  29.9262  0.0025  0.5000
14.1256  0.5000  30.1289  0.0025  0.5000
14.1367  0.5000  30.0966  0.0025  0.5000
14.1485  0.5000  29.9233  0.0025  0.5000
14.1590  0.5000  29.9835  0.0025  0.5000
14.1693  0.5000  30.2038  0.0025  0.5000
14.1801  0.5000  30.2479  0.0025  0.5000
14.1906  0.5000  30.3125  0.0025  0.5000
14.2015  0.5000  30.3947  0.0025  0.5000
14.2121  0.5000  30.4476  0.0025  0.5000
14.2230  0.5000  30.5225  0.0025  0.5000
14.2340  0.5000  30.4065  0.0025  0.5000
14.2453  0.5000  30.4138  0.0025  0.5000
14.2547  0.5000  30.4711  0.0025  0.5000
14.2648  0.5000  30.5813  0.0025  0.5000
14.2753  0.5000  30.3507  0.0025  0.5000
14.2855  0.5000  30.4594  0.0025  0.5000
14.2957  0.5000  30.6415  0.0025  0.5000
14.3060  0.5000  30.6371  0.0025  0.5000
14.3173  0.5000  30.6811  0.0025  0.5000
14.3284  0.5000  30.7399  0.0025  0.5000
14.3388  0.5000  30.8750  0.0025  0.5000
14.3491  0.5000  30.9059  0.0025  0.5000
14.3594  0.5000  30.9293  0.0025  0.5000
14.3693  0.5000  31.0233  0.0025  0.5000
14.3837  0.5000  31.0233  0.0025  0.5000
14.3945  0.5000  31.1364  0.0025  0.5000
14.4087  0.5000  31.0601  0.0025  0.5000
14.4185  0.5000  31.0204  0.0025  0.5000
14.4291  0.5000  30.9940  0.0025  0.5000
14.4396  0.5000  31.1702  0.0025  0.5000
14.4499  0.5000  31.1350  0.0025  0.5000
14.4602  0.5000  31.2672  0.0025  0.5000
14.4706  0.5000  31.2818  0.0025  0.5000
14.4843  0.5000  31.2525  0.0025  0.5000
14.4943  0.5000  31.2084  0.0025  0.5000
14.5052  0.5000  31.1820  0.0025  0.5000
14.5163  0.5000  31.0880  0.0025  0.5000
14.5270  0.5000  30.9763  0.0025  0.5000
14.5374  0.5000  31.1203  0.0025  0.5000
14.5478  0.5000  31.1526  0.0025  0.5000
14.5585  0.5000  31.0072  0.0025  0.5000
14.5689  0.5000  30.8823  0.0025  0.5000
14.5791  0.5000  31.0292  0.0025  0.5000
14.5894  0.5000  31.0821  0.0025  0.5000
14.5997  0.5000  31.2348  0.0025  0.5000
14.6169  0.5000  31.2569  0.0025  0.5000
14.6283  0.5000  31.2613  0.0025  0.5000
14.6389  0.5000  31.2495  0.0025  0.5000
14.6491  0.5000  31.3656  0.0025  0.5000
14.6597  0.5000  31.3949  0.0025  0.5000
14.6689  0.5000  31.4140  0.0025  0.5000
14.6793  0.5000  31.2598  0.0025  0.5000
14.6898  0.5000  31.4948  0.0025  0.5000
14.6992  0.5000  31.4728  0.0025  0.5000
14.7094  0.5000  31.3979  0.0025  0.5000
14.7199  0.5000  31.5418  0.0025  0.5000
14.7306  0.5000  31.4610  0.0025  0.5000
14.7417  0.5000  31.3259  0.0025  0.5000
14.7535  0.5000  31.4140  0.0025  0.5000
14.7654  0.5000  31.1085  0.0025  0.5000
14.7748  0.5000  31.2437  0.0025  0.5000
14.7859  0.5000  31.2789  0.0025  0.5000
14.7965  0.5000  31.4757  0.0025  0.5000
14.8072  0.5000  31.5212  0.0025  0.5000
14.8186  0.5000  31.5080  0.0025  0.5000
14.8305  0.5000  31.4801  0.0025  0.5000
14.8415  0.5000  31.4919  0.0025  0.5000
14.8522  0.5000  31.4096  0.0025  0.5000
14.8633  0.5000  31.3376  0.0025  0.5000
14.8745  0.5000  31.1687  0.0025  0.5000
14.8857  0.5000  31.2422  0.0025  0.5000
14.8950  0.5000  31.2143  0.0025  0.5000
14.9057  0.5000  31.3215  0.0025  0.5000
14.9152  0.5000  31.2392  0.0025  0.5000
14.9245  0.5000  31.4155  0.0025  0.5000
14.9355  0.5000  31.2495  0.0025  0.5000
14.9464  0.5000  31.2980  0.0025  0.5000
14.9573  0.5000  31.4111  0.0025  0.5000
14.9681  0.5000  31.3259  0.0025  0.5000
14.9799  0.5000  31.1805  0.0025  0.5000
14.9948  0.5000  31.4463  0.0025  0.5000
15.0063  0.5000  31.4493  0.0025  0.5000
15.0189  0.5000  31.5859  0.0025  0.5000
15.0391  0.0000  31.5198  1.3693  0.0000
15.0496  0.0000  31.5183  0.9337  0.0000
15.0601  0.0000  31.5697  0.6167  0.0000
15.0694  0.0000  31.4772  0.2590  0.0000
15.0803  0.0000  31.4419  -0.0185  0.0000
15.0908  0.0000  31.3127  -0.3732  0.0000
15.1005  0.0000  31.1364  -0.6885  0.0000
15.1098  0.0000  30.9411  -1.0010  0.0000
15.1205  0.0000  30.2244  -1.2723  0.0000
15.1309  0.0000  30.1010  -1.6144  0.0000
15.1425  0.0000  29.4019  -1.9175  0.0000
15.1532  0.0000  28.9980  -2.2515  0.0000
15.1626  0.0000  28.8085  -2.5806  0.0000
15.1733  0.0000  28.3679  -2.8345  0.0000
15.1842  0.0000  28.2563  3.1267  0.0000
15.1961  0.0000  27.7188  2.8085  0.0000
15.2058  0.0000  27.2282  2.4960  0.0000
15.2233  0.0000  26.8699  2.2215  0.0000
15.2361  0.0000  26.3969  1.7486  0.0000
15.2472  0.0000  25.8726  1.4175  0.0000
15.2587  0.0000  25.5098  1.1262  0.0000
15.2686  0.0000  25.1192  0.8378  0.0000
15.2788  0.0000  24.6859  0.5861  0.0000
15.2890  0.0000  24.3143  0.3379  0.0000
15.2986  0.0000  24.0338  0.0938  0.0000
15.3084  0.0000  23.6931  -0.1476  0.0000
15.3192  0.0000  23.3920  -0.3854  0.0000
15.3304  0.0000  23.0571  -0.6211  0.0000
15.3406  0.0000  22.4917  -0.8822  0.0000
15.3494  0.0000  22.4535  -1.1094  0.0000
15.3604  0.0000  21.9527  -1.3069  0.0000
15.3708  0.0000  21.6413  -1.5559  0.0000
15.3813  0.0000  21.1625  -1.7732  0.0000
15.3915  0.0000  21.0920  -2.0133  0.0000
15.4019  0.0000  20.7557  -2.2248  0.0000
15.4125  0.0000  20.4179  -2.4335  0.0000
15.4218  0.0000  19.9596  -2.6646  0.0000
15.4324  0.0000  19.6145  -2.8409  0.0000
15.4426  0.0000  19.3839  -3.0385  0.0000
15.4529  0.0000  19.1328  3.0246  0.0000
15.4621  0.0000  18.9345  2.8313  0.0000
15.4725  0.0000  18.8566  2.6644  0.0000
15.4842  0.0000  18.2412  2.4752  0.0000
15.4988  0.0000  17.8021  2.2447  0.0000
15.5091  0.0000  17.5671  1.9968  0.0000
15.5207  0.0000  17.2616  1.8193  0.0000
15.5310  0.0000  17.0134  1.6017  0.0000
15.5481  0.0000  16.5963  1.4308  0.0000
15.5586  0.0000  16.2776  1.1384  0.0000
15.5689  0.0000  15.9413  0.9752  0.0000
15.5792  0.0000  15.7518  0.8150  0.0000
15.5904  0.0000  15.4096  0.6568  0.0000
15.6007  0.0000  15.0439  0.4840  0.0000
15.6109  0.0000  14.9058  0.3137  0.0000
15.6213  0.0000  14.3918  0.1636  0.0000
15.6316  0.0000  14.0584  0.0193  0.0000
15.6419  0.0000  13.9438  -0.1218  0.0000
15.6523  0.0000  13.7691  -0.2621  0.0000
15.6628  0.0000  13.0861  -0.4175  0.0000
15.6733  0.0000  13.2447  -0.5505  0.0000
15.6842  0.0000  13.0876  -0.6833  0.0000
15.6947  0.0000  12.9069  -0.8313  0.0000
15.7052  0.0000  12.2460  -0.9605  0.0000
15.7151  0.0000  12.3327  -1.1001  0.0000
15.7262  0.0000  12.1285  -1.2234  0.0000
15.7361  0.0000  11.8451  -1.3453  0.0000
15.7478  0.0000  11.7584  -1.4797  0.0000
15.7590  0.0000  11.2840  -1.6122  0.0000
15.7693  0.0000  11.3589  -1.7407  0.0000
15.7802  0.0000  11.1371  -1.8546  0.0000
15.7908  0.0000  10.8096  -1.9799  0.0000
15.8016  0.0000  10.6833  -2.0885  0.0000
15.8123  0.0000  10.4322  -2.2094  0.0000
15.8237  0.0000  10.4248  -2.3282  0.0000
15.8357  0.0000  10.1517  -2.4329  0.0000
15.8466  0.0000  9.8183  -2.5599  0.0000
15.8572  0.0000  9.7008  -2.6580  0.0000
15.8679  0.0000  9.4144  -2.7670  0.0000
15.8809  0.0000  9.3909  -2.8618  0.0000
15.8917  0.0000  9.1808  -2.9917  0.0000
15.9023  0.0000  8.7740  -3.0837  0.0000
15.9129  0.0000  8.4641  3.1004  0.0000
15.9245  0.0000  8.5229  3.0040  0.0000
15.9354  0.0000  8.1293  2.9078  0.0000
15.9465  0.0000  8.0441  2.8258  0.0000
15.9569  0.0000  7.7621  2.7353  0.0000
15.9672  0.0000  7.5565  2.6570  0.0000
15.9775  0.0000  7.4199  2.5710  0.0000
15.9926  0.0000  7.3391  2.4959  0.0000
16.0095  0.0000  6.9235  2.3854  0.0000
16.0261  0.0000  6.5328  2.2468  0.0000
16.0366  0.0000  6.3345  2.1563  0.0000
16.0540  0.0000  6.1671  2.0924  0.0000
16.0639  0.0000  5.8954  1.9831  0.0000
16.0734  0.0000  5.7103  1.9312  0.0000
16.0838  0.0000  5.5781  1.8736  0.0000
16.0938  0.0000  5.4900  1.8173  0.0000
16.1037  0.0000  5.4445  1.7621  0.0000
16.1138  0.0000  5.1493  1.7076  0.0000
16.1238  0.0000  4.8878  1.6559  0.0000
16.1339  0.0000  4.8761  1.6063  0.0000
16.1439  0.0000  4.6910  1.5574  0.0000
16.1541  0.0000  4.5353  1.5105  0.0000
16.1642  0.0000  4.4017  1.4652  0.0000
16.1741  0.0000  4.2945  1.4206  0.0000
16.1840  0.0000  4.1902  1.3772  0.0000
16.1950  0.0000  4.1388  1.3346  0.0000
16.2051  0.0000  4.0419  1.2875  0.0000
16.2154  0.0000  3.9053  1.2470  0.0000
16.2256  0.0000  3.7775  1.2079  0.0000
16.2371  0.0000  3.5469  1.1700  0.0000
16.2482  0.0000  3.3295  1.1253  0.0000
16.2592  0.0000  3.2326  1.0914  0.0000
16.2694  0.0000  3.1180  1.0549  0.0000
16.2800  0.0000  2.9682  1.0236  0.0000
16.2890  0.0000  2.8669  0.9900  0.0000
16.2991  0.0000  2.7435  0.9649  0.0000
16.3093  0.0000  2.6407  0.9370  0.0000
16.3202  0.0000  2.5570  0.9103  0.0000
16.3308  0.0000  2.4513  0.8813  0.0000
16.3418  0.0000  2.3117  0.8566  0.0000
16.3523  0.0000  2.2045  0.8304  0.0000
16.3629  0.0000  2.0562  0.8083  0.0000
16.3737  0.0000  1.9446  0.7852  0.0000
16.3843  0.0000  1.8050  0.7656  0.0000
16.3950  0.0000  1.6993  0.7453  0.0000
16.4057  0.0000  1.5568  0.7281  0.0000
16.4163  0.0000  1.3806  0.7106  0.0000
16.4271  0.0000  1.1823  0.6968  0.0000
16.4372  0.0000  1.0105  0.6834  0.0000
16.4476  0.0000  0.8944  0.6732  0.0000
16.4579  0.0000  0.7505  0.6643  0.0000
16.4686  0.0000  0.5728  0.6561  0.0000
16.4795  0.0000  0.4245  0.6503  0.0000
16.4897  0.0000  0.2644  0.6457  0.0000
16.5014  0.0000  0.1337  0.6430  0.0000
16.5147  0.0000  -0.0485  0.6419  0.0000
16.5249  0.0000  -0.1733  0.6425  0.0000
16.5362  0.0000  -0.2761  0.6443  0.0000
16.5465  0.0000  -0.3496  0.6474  0.0000
16.5627  0.0000  -0.4127  0.6509  0.0000
16.5727  0.0000  -0.4377  0.6575  0.0000
16.5822  0.0000  -0.4524  0.6620  0.0000
16.5924  0.0000  -0.4568  0.6660  0.0000
16.6028  0.0000  -0.4465  0.6711  0.0000
16.6136  0.0000  -0.4186  0.6756  0.0000
16.6245  0.0000  -0.3921  0.6803  0.0000
16.6356  0.0000  -0.3525  0.6843  0.0000
16.6464  0.0000  -0.3055  0.6883  0.0000
16.6571  0.0000  -0.2438  0.6917  0.0000
16.6690  0.0000  -0.1821  0.6942  0.0000
16.6794  0.0000  -0.1057  0.6964  0.0000
16.6900  0.0000  -0.0411  0.6974  0.0000
16.7006  0.0000  0.0250  0.6978  0.0000
16.7115  0.0000  0.0764  0.6974  0.0000
16.7224  0.0000  0.1146  0.6966  0.0000
16.7335  0.0000  0.1410  0.6953  0.0000
16.7442  0.0000  0.1410  0.6937  0.0000
16.7535  0.0000  0.1381  0.6921  0.0000
16.7667  0.0000  0.1263  0.6907  0.0000
16.7777  0.0000  0.1072  0.6891  0.0000
16.7892  0.0000  0.0808  0.6881  0.0000
16.8024  0.0000  0.0397  0.6873  0.0000
16.8149  0.0000  0.0132  0.6866  0.0000
16.8253  0.0000  -0.0147  0.6865  0.0000
16.8337  0.0000  -0.0352  0.6867  0.0000
16.8439  0.0000  -0.0470  0.6870  0.0000
16.8535  0.0000  -0.0529  0.6875  0.0000
16.8633  0.0000  -0.0573  0.6880  0.0000
16.8732  0.0000  -0.0485  0.6885  0.0000
16.8828  0.0000  -0.0426  0.6890  0.0000
16.8929  0.0000  -0.0308  0.6894  0.0000
16.9030  0.0000  -0.0206  0.6897  0.0000
16.9139  0.0000  -0.0015  0.6899  0.0000
16.9243  0.0000  0.0132  0.6899  0.0000
16.9350  0.0000  0.0191  0.6898  0.0000
16.9452  0.0000  0.0279  0.6896  0.0000
16.9555  0.0000  0.0264  0.6892  0.0000
16.9657  0.0000  0.0176  0.6890  0.0000
16.9765  0.0000  0.0117  0.6887  0.0000
16.9878  0.0000  0.0117  0.6887  0.0000
16.9988  0.0000  -0.0044  0.6886  0.0000
17.0109  0.0000  -0.0073  0.6886  0.0000
17.0234  0.0000  -0.0117  0.6887  0.0000
17.0356  0.0000  -0.0117  0.6889  0.0000
17.0473  0.0000  -0.0088  0.6890  0.0000
17.0641  0.0000  -0.0015  0.6891  0.0000
17.0745  0.0000  0.0044  0.6892  0.0000
17.0844  0.0000  0.0015  0.6891  0.0000
17.0943  0.0000  0.0073  0.6890  0.0000
17.1046  0.0000  0.0015  0.6891  0.0000
17.1153  0.0000  0.0000  0.6890  0.0000
17.1259  0.0000  0.0015  0.6889  0.0000
17.1350  0.0000  -0.0015  0.6890  0.0000
17.1454  0.0000  -0.0029  0.6889  0.0000
17.1554  0.0000  -0.0015  0.6890  0.0000
17.1658  0.0000  -0.0044  0.6890  0.0000
17.1764  0.0000  -0.0015  0.6891  0.0000
17.1866  0.0000  0.0000  0.6891  0.0000
17.1965  0.0000  0.0015  0.6891  0.0000
17.2063  0.0000  0.0000  0.6891  0.0000
17.2161  0.0000  0.0029  0.6892  0.0000
17.2260  0.0000  0.0000  0.6891  0.0000
17.2357  0.0000  0.0000  0.6891  0.0000
17.2461  0.0000  0.0015  0.6890  0.0000
17.2568  0.0000  0.0000  0.6890  0.0000
17.2663  0.0000  0.0000  0.6891  0.0000
17.2764  0.0000  -0.0015  0.6891  0.0000
17.2863  0.0000  -0.0015  0.6890  0.0000
17.2964  0.0000  -0.0044  0.6891  0.0000
17.3065  0.0000  0.0000  0.6891  0.0000
17.3168  0.0000  0.0015  0.6891  0.0000
17.3275  0.0000  0.0000  0.6892  0.0000
17.3375  0.0000  0.0015  0.6891  0.0000
17.3480  0.0000  -0.0015  0.6891  0.0000
17.3581  0.0000  -0.0059  0.6892  0.0000
17.3668  0.0000  0.0000  0.6892  0.0000
17.3761  0.0000  -0.0044  0.6891  0.0000
17.3862  0.0000  0.0000  0.6892  0.0000
17.3964  0.0000  0.0000  0.6892  0.0000
17.4062  0.0000  -0.0029  0.6892  0.0000
17.4165  0.0000  -0.0029  0.6892  0.0000
17.4268  0.0000  0.0015  0.6893  0.0000
17.4376  0.0000  0.0000  0.6893  0.0000
17.4481  0.0000  0.0000  0.6893  0.0000
17.4588  0.0000  0.0000  0.6892  0.0000
17.4687  0.0000  0.0000  0.6892  0.0000
17.4792  0.0000  0.0000  0.6893  0.0000
17.4896  0.0000  0.0015  0.6893  0.0000
17.4991  0.0000  0.0015  0.6893  0.0000
17.5110  0.0000  -0.0015  0.6893  0.0000
17.5245  0.0000  -0.0015  0.6893  0.0000
17.5390  0.0000  0.0000  0.6893  0.0000
17.5522  0.0000  0.0000  0.6893  0.0000
17.5686  0.0000  0.0000  0.6893  0.0000
17.5788  0.0000  0.0000  0.6893  0.0000
17.5890  0.0000  0.0000  0.6893  0.0000
17.5987  0.0000  -0.0015  0.6893  0.0000
17.6085  0.0000  -0.0015  0.6893  0.0000
17.6185  0.0000  0.0000  0.6893  0.0000
17.6282  0.0000  0.0000  0.6893  0.0000
17.6381  0.0000  0.0000  0.6894  0.0000
17.6480  0.0000  0.0000  0.6893  0.0000
17.6579  0.0000  0.0000  0.6893  0.0000
17.6678  0.0000  0.0000  0.6893  0.0000
17.6782  0.0000  -0.0015  0.6893  0.0000
17.6889  0.0000  -0.0015  0.6894  0.0000
17.6993  0.0000  0.0015  0.6894  0.0000
17.7102  0.0000  0.0000  0.6895  0.0000
17.7200  0.0000  -0.0015  0.6895  0.0000
17.7301  0.0000  0.0000  0.6895  0.0000
17.7399  0.0000  0.0015  0.6895  0.0000
17.7492  0.0000  -0.0015  0.6895  0.0000
17.7591  0.0000  0.0000  0.6896  0.0000
17.7700  0.0000  0.0000  0.6895  0.0000
17.7804  0.0000  0.0000  0.6895  0.0000
17.7901  0.0000  0.0000  0.6895  0.0000
17.8001  0.0000  -0.0015  0.6895  0.0000
17.8099  0.0000  0.0000  0.6896  0.0000
17.8198  0.0000  0.0000  0.6896  0.0000
17.8301  0.0000  0.0000  0.6896  0.0000
17.8401  0.0000  0.0029  0.6896  0.0000
17.8502  0.0000  -0.0015  0.6896  0.0000
17.8603  0.0000  0.0000  0.6896  0.0000
17.8722  0.0000  0.0000  0.6896  0.0000
17.8836  0.0000  0.0000  0.6897  0.0000
17.8939  0.0000  0.0000  0.6896  0.0000
17.9037  0.0000  0.0000  0.6896  0.0000
17.9134  0.0000  -0.0029  0.6896  0.0000
17.9241  0.0000  0.0000  0.6896  0.0000
17.9345  0.0000  0.0000  0.6897  0.0000
17.9434  0.0000  0.0015  0.6897  0.0000
17.9549  0.0000  0.0000  0.6897  0.0000
17.9664  0.0000  -0.0015  0.6897  0.0000
17.9786  0.0000  -0.0015  0.6897  0.0000
17.9912  0.0000  -0.0015  0.6898  0.0000
18.0031  0.0000  0.0000  0.6897  0.0000
18.0142  0.0000  0.0015  0.6897  0.0000
18.0295  0.0000  0.0000  0.6897  0.0000
18.0418  0.0000  0.0000  0.6897  0.0000
18.0537  0.0000  0.0000  0.6898  0.0000
18.0711  0.0000  0.0000  0.6898  0.0000
18.0819  0.0000  0.0000  0.6898  0.0000
18.0928  0.0000  0.0015  0.6898  0.0000
18.1035  0.0000  0.0015  0.6898  0.0000
18.1148  0.0000  0.0000  0.6899  0.0000
18.1255  0.0000  -0.0015  0.6899  0.0000
18.1362  0.0000  -0.0029  0.6899  0.0000
18.1471  0.0000  -0.0015  0.6898  0.0000
18.1584  0.0000  -0.0029  0.6899  0.0000
18.1682  0.0000  -0.0073  0.6899  0.0000
18.1792  0.0000  0.0000  0.6899  0.0000
18.1905  0.0000  0.0000  0.6899  0.0000
18.2000  0.0000  0.0000  0.6900  0.0000
18.2105  0.0000  0.0000  0.6900  0.0000
18.2213  0.0000  0.0000  0.6900  0.0000
18.2318  0.0000  0.0000  0.6900  0.0000
18.2425  0.0000  -0.0015  0.6900  0.0000
18.2539  0.0000  0.0015  0.6900  0.0000
18.2655  0.0000  -0.0015  0.6901  0.0000
18.2797  0.0000  0.0000  0.6901  0.0000
18.2924  0.0000  0.0000  0.6901  0.0000
18.3060  0.0000  0.0000  0.6901  0.0000
18.3184  0.0000  0.0000  0.6900  0.0000
18.3298  0.0000  -0.0029  0.6900  0.0000
18.3396  0.0000  0.0044  0.6900  0.0000
18.3501  0.0000  0.0000  0.6900  0.0000
18.3598  0.0000  -0.0015  0.6901  0.0000
18.3695  0.0000  -0.0029  0.6901  0.0000
18.3801  0.0000  -0.0015  0.6901  0.0000
18.3903  0.0000  -0.0015  0.6901  0.0000
18.4007  0.0000  0.0015  0.6901  0.0000
18.4098  0.0000  -0.0015  0.6901  0.0000
18.4196  0.0000  -0.0015  0.6901  0.0000
18.4297  0.0000  0.0015  0.6901  0.0000
18.4396  0.0000  -0.0015  0.6902  0.0000
18.4496  0.0000  -0.0015  0.6902  0.0000
18.4595  0.0000  -0.0015  0.6902  0.0000
18.4688  0.0000  -0.0015  0.6902  0.0000
18.4804  0.0000  0.0000  0.6902  0.0000
18.4896  0.0000  0.0000  0.6902  0.0000
18.4991  0.0000  0.0000  0.6902  0.0000
18.5087  0.0000  -0.0015  0.6902  0.0000
18.5191  0.0000  0.0000  0.6903  0.0000
18.5316  0.0000  0.0000  0.6903  0.0000
18.5418  0.0000  0.0000  0.6903  0.0000
18.5501  0.0000  0.0000  0.6903  0.0000
18.5615  0.0000  0.0000  0.6903  0.0000
18.5788  0.0000  -0.0015  0.6903  0.0000
18.5904  0.0000  0.0000  0.6902  0.0000
18.6011  0.0000  -0.0015  0.6903  0.0000
18.6102  0.0000  -0.0015  0.6903  0.0000
18.6206  0.0000  0.0000  0.6903  0.0000
18.6310  0.0000  0.0000  0.6903  0.0000
18.6412  0.0000  -0.0015  0.6903  0.0000
18.6518  0.0000  -0.0029  0.6904  0.0000
18.6623  0.0000  0.0000  0.6904  0.0000
18.6728  0.0000  0.0000  0.6904  0.0000
18.6833  0.0000  0.0000  0.6904  0.0000
18.6936  0.0000  0.0000  0.6904  0.0000
18.7031  0.0000  0.0015  0.6904  0.0000
18.7132  0.0000  -0.0015  0.6904  0.0000
18.7233  0.0000  0.0029  0.6904  0.0000
18.7335  0.0000  -0.0015  0.6904  0.0000
18.7433  0.0000  0.0000  0.6904  0.0000
18.7537  0.0000  0.0044  0.6904  0.0000
18.7643  0.0000  0.0000  0.6904  0.0000
18.7762  0.0000  0.0000  0.6904  0.0000
18.7871  0.0000  -0.0015  0.6905  0.0000
18.7994  0.0000  0.0000  0.6905  0.0000
18.8093  0.0000  0.0029  0.6905  0.0000
18.8194  0.0000  0.0029  0.6905  0.0000
18.8289  0.0000  -0.0015  0.6905  0.0000
18.8389  0.0000  0.0000  0.6905  0.0000
18.8487  0.0000  0.0015  0.6905  0.0000
18.8592  0.0000  0.0000  0.6905  0.0000
18.8691  0.0000  0.0029  0.6905  0.0000
18.8797  0.0000  -0.0015  0.6905  0.0000
18.8896  0.0000  -0.0015  0.6905  0.0000
18.8992  0.0000  -0.0015  0.6905  0.0000
18.9086  0.0000  0.0000  0.6906  0.0000
18.9183  0.0000  0.0029  0.6905  0.0000
18.9278  0.0000  -0.0015  0.6905  0.0000
18.9375  0.0000  0.0000  0.6906  0.0000
18.9474  0.0000  -0.0015  0.6905  0.0000
18.9576  0.0000  0.0029  0.6905  0.0000
18.9675  0.0000  0.0000  0.6905  0.0000
18.9775  0.0000  0.0000  0.6905  0.0000
18.9876  0.0000  -0.0015  0.6905  0.0000
18.9989  0.0000  -0.0044  0.6905  0.0000
19.0103  0.0000  -0.0015  0.6906  0.0000
19.0241  0.0000  0.0000  0.6906  0.0000
19.0377  0.0000  0.0000  0.6906  0.0000
19.0475  0.0000  0.0000  0.6906  0.0000
19.0574  0.0000  -0.0015  0.6906  0.0000
19.0693  0.0000  0.0000  0.6906  0.0000
19.0849  0.0000  -0.0015  0.6906  0.0000
19.0948  0.0000  0.0000  0.6907  0.0000
19.1048  0.0000  0.0000  0.6907  0.0000
19.1148  0.0000  -0.0015  0.6906  0.0000
19.1251  0.0000  -0.0029  0.6907  0.0000
19.1351  0.0000  0.0000  0.6907  0.0000
19.1451  0.0000  0.0015  0.6907  0.0000
19.1562  0.0000  0.0000  0.6907  0.0000
19.1674  0.0000  0.0000  0.6907  0.0000
19.1789  0.0000  0.0015  0.6907  0.0000
19.1909  0.0000  -0.0044  0.6907  0.0000
19.2020  0.0000  -0.0015  0.6907  0.0000
19.2133  0.0000  0.0000  0.6907  0.0000
19.2243  0.0000  -0.0015  0.6907  0.0000
19.2362  0.0000  0.0029  0.6907  0.0000
19.2472  0.0000  -0.0015  0.6907  0.0000
19.2584  0.0000  0.0000  0.6907  0.0000
19.2693  0.0000  -0.0015  0.6907  0.0000
19.2820  0.0000  0.0000  0.6907  0.0000
19.2940  0.0000  0.0000  0.6908  0.0000
19.3054  0.0000  0.0029  0.6907  0.0000
19.3167  0.0000  -0.0015  0.6907  0.0000
19.3277  0.0000  0.0015  0.6908  0.0000
19.3392  0.0000  -0.0015  0.6908  0.0000
19.3505  0.0000  -0.0015  0.6908  0.0000
19.3615  0.0000  0.0000  0.6908  0.0000
19.3715  0.0000  -0.0015  0.6908  0.0000
19.3817  0.0000  0.0015  0.6908  0.0000
19.3905  0.0000  -0.0015  0.6908  0.0000
19.4000  0.0000  0.0000  0.6908  0.0000
19.4105  0.0000  0.0000  0.6908  0.0000
19.4217  0.0000  -0.0015  0.6909  0.0000
19.4332  0.0000  0.0000  0.6909  0.0000
19.4438  0.0000  0.0015  0.6909  0.0000
19.4544  0.0000  -0.0015  0.6909  0.0000
19.4651  0.0000  0.0000  0.6909  0.0000
19.4754  0.0000  -0.0015  0.6909  0.0000
19.4863  0.0000  0.0000  0.6909  0.0000
19.4966  0.0000  -0.0015  0.6909  0.0000
19.5070  0.0000  0.0000  0.6909  0.0000
19.5193  0.0000  -0.0015  0.6909  0.0000
19.5302  0.0000  -0.0015  0.6909  0.0000
19.5471  0.0000  -0.0015  0.6909  0.0000
19.5588  0.0000  0.0000  0.6909  0.0000
19.5708  0.0000  -0.0015  0.6909  0.0000
19.5889  0.0000  0.0000  0.6909  0.0000
19.5994  0.0000  0.0015  0.6909  0.0000
19.6099  0.0000  -0.0015  0.6909  0.0000
19.6206  0.0000  0.0000  0.6909  0.0000
19.6313  0.0000  0.0000  0.6909  0.0000
19.6404  0.0000  0.0000  0.6909  0.0000
19.6510  0.0000  0.0000  0.6909  0.0000
19.6601  0.0000  0.0000  0.6910  0.0000
19.6693  0.0000  0.0000  0.6910  0.0000
19.6789  0.0000  -0.0059  0.6910  0.0000
19.6892  0.0000  -0.0015  0.6910  0.0000
19.6999  0.0000  0.0015  0.6910  0.0000
19.7102  0.0000  -0.0015  0.6910  0.0000
19.7207  0.0000  0.0029  0.6910  0.0000
19.7315  0.0000  0.0000  0.6910  0.0000
19.7455  0.0000  0.0000  0.6910  0.0000
19.7577  0.0000  0.0000  0.6910  0.0000
19.7719  0.0000  -0.0015  0.6910  0.0000
19.7862  0.0000  0.0029  0.6910  0.0000
19.7969  0.0000  -0.0029  0.6910  0.0000
19.8066  0.0000  -0.0015  0.6910  0.0000
19.8163  0.0000  0.0000  0.6910  0.0000
19.8260  0.0000  0.0000  0.6910  0.0000
19.8350  0.0000  -0.0015  0.6910  0.0000
19.8448  0.0000  0.0029  0.6911  0.0000
19.8533  0.0000  0.0000  0.6911  0.0000
19.8635  0.0000  0.0000  0.6910  0.0000
19.8736  0.0000  -0.0015  0.6911  0.0000
19.8842  0.0000  0.0000  0.6911  0.0000
19.8931  0.0000  0.0000  0.6912  0.0000
19.9042  0.0000  0.0000  0.6911  0.0000
19.9160  0.0000  0.0000  0.6912  0.0000
19.9265  0.0000  -0.0015  0.6912  0.0000
19.9375  0.0000  0.0000  0.6912  0.0000
19.9478  0.0000  -0.0015  0.6911  0.0000
19.9573  0.0000  0.0000  0.6911  0.0000
19.9690  0.0000  0.0000  0.6911  0.0000
19.9790  0.0000  0.0015  0.6911  0.0000
19.9889  0.0000  -0.0015  0.6911  0.0000
19.9988  0.0000  0.0000  0.6912  0.0000
20.0085  0.0000  0.0000  0.6912  0.0000
20.0185  0.0000  0.0000  0.6912  0.0000
20.0292  0.0000  -0.0015  0.6912  0.0000
20.0500  0.0000  0.0000  0.6912  0.0000
20.0608  0.0000  0.0000  0.6912  0.0000
20.0723  0.0000  0.0000  0.6913  0.0000
20.0891  0.0000  -0.0015  0.6913  0.0000
20.0999  0.0000  0.0000  0.6913  0.0000
20.1101  0.0000  0.0000  0.6913  0.0000
20.1207  0.0000  0.0015  0.6913  0.0000
20.1311  0.0000  -0.0015  0.6912  0.0000
