0.0335  0.0000  0.0000  0.0000  0.0000
0.0462  0.0000  -0.0015  0.0015  0.0000
0.0571  0.0000  -0.0015  0.0015  0.0000
0.0687  0.0000  0.0000  0.0000  0.0000
0.0795  0.0000  -0.0015  0.0015  0.0000
0.0903  0.0000  0.0015  -0.0015  0.0000
0.1012  0.0000  -0.0015  0.0015  0.0000
0.1110  0.0000  -0.0015  0.0015  0.0000
0.1216  0.0000  0.0000  0.0000  0.0000
0.1327  0.0000  -0.0015  0.0015  0.0000
0.1435  0.0000  0.0000  0.0000  0.0000
0.1544  0.0000  -0.0015  0.0015  0.0000
0.1652  0.0000  -0.0015  0.0015  0.0000
0.1749  0.0000  0.0000  0.0000  0.0000
0.1866  0.0000  0.0000  0.0000  0.0000
0.1975  0.0000  0.0000  0.0000  0.0000
0.2082  0.0000  0.0000  0.0000  0.0000
0.2190  0.0000  0.0029  -0.0029  0.0000
0.2315  0.0000  0.0000  0.0000  0.0000
0.2425  0.0000  0.0000  0.0000  0.0000
0.2537  0.0000  -0.0015  0.0015  0.0000
0.2657  0.0000  -0.0015  0.0015  0.0000
0.2776  0.0000  0.0000  0.0000  0.0000
0.2895  0.0000  -0.0015  0.0015  0.0000
0.3008  0.0000  0.0015  -0.0015  0.0000
0.3118  0.0000  -0.0015  0.0015  0.0000
0.3229  0.0000  0.0000  0.0000  0.0000
0.3339  0.0000  -0.0015  0.0015  0.0000
0.3447  0.0000  0.0015  -0.0015  0.0000
0.3560  0.0000  0.0015  -0.0015  0.0000
0.3668  0.0000  -0.0015  0.0015  0.0000
0.3774  0.0000  -0.0015  0.0015  0.0000
0.3876  0.0000  -0.0044  0.0044  0.0000
0.3976  0.0000  -0.0015  0.0015  0.0000
0.4077  0.0000  0.0015  -0.0015  0.0000
0.4181  0.0000  -0.0015  0.0015  0.0000
0.4295  0.0000  0.0029  -0.0029  0.0000
0.4398  0.0000  0.0000  0.0000  0.0000
0.4492  0.0000  0.0044  -0.0044  0.0000
0.4593  0.0000  -0.0015  0.0015  0.0000
0.4696  0.0000  -0.0015  0.0015  0.0000
0.4800  0.0000  0.0000  0.0000  0.0000
0.4924  0.0000  -0.0015  0.0015  0.0000
0.5028  0.0000  0.0000  0.0000  0.0000
0.5150  0.0000  0.0000  0.0000  0.0000
0.5368  0.0000  0.0000  0.0000  0.0000
0.5469  0.0000  0.0000  0.0000  0.0000
0.5569  0.0000  -0.0015  0.0015  0.0000
0.5677  0.0000  0.0015  -0.0015  0.0000
0.5778  0.0000  0.0015  -0.0015  0.0000
0.5876  0.0000  0.0015  -0.0015  0.0000
0.5982  0.0000  -0.0015  0.0015  0.0000
0.6086  0.0000  -0.0015  0.0015  0.0000
0.6193  0.0000  -0.0015  0.0015  0.0000
0.6294  0.0000  -0.0015  0.0015  0.0000
0.6395  0.0000  -0.0015  0.0015  0.0000
0.6495  0.0000  -0.0015  0.0015  0.0000
0.6585  0.0000  -0.0015  0.0015  0.0000
0.6683  0.0000  -0.0015  0.0015  0.0000
0.6788  0.0000  -0.0015  0.0015  0.0000
0.6891  0.0000  -0.0029  0.0029  0.0000
0.6992  0.0000  -0.0015  0.0015  0.0000
0.7149  0.0000  0.0000  0.0000  0.0000
0.7243  0.0000  0.0015  -0.0015  0.0000
0.7381  0.0000  -0.0015  0.0015  0.0000
0.7469  0.0000  0.0000  0.0000  0.0000
0.7588  0.0000  -0.0015  0.0015  0.0000
0.7704  0.0000  -0.0044  0.0044  0.0000
0.7815  0.0000  0.0000  0.0000  0.0000
0.7907  0.0000  0.0000  0.0000  0.0000
0.8015  0.0000  0.0000  0.0000  0.0000
0.8123  0.0000  0.0000  0.0000  0.0000
0.8228  0.0000  0.0015  -0.0015  0.0000
0.8340  0.0000  0.0000  0.0000  0.0000
0.8438  0.0000  0.0015  -0.0015  0.0000
0.8539  0.0000  -0.0015  0.0015  0.0000
0.8640  0.0000  -0.0015  0.0015  0.0000
0.8741  0.0000  0.0015  -0.0015  0.0000
0.8845  0.0000  0.0000  0.0000  0.0000
0.8949  0.0000  0.0000  0.0000  0.0000
0.9042  0.0000  0.0000  0.0000  0.0000
0.9143  0.0000  0.0000  0.0000  0.0000
0.9239  0.0000  -0.0015  0.0015  0.0000
0.9336  0.0000  -0.0015  0.0015  0.0000
0.9433  0.0000  -0.0015  0.0015  0.0000
0.9543  0.0000  0.0044  -0.0044  0.0000
0.9650  0.0000  0.0000  0.0000  0.0000
0.9758  0.0000  -0.0044  0.0044  0.0000
0.9853  0.0000  -0.0015  0.0015  0.0000
0.9959  0.0000  -0.0029  0.0029  0.0000
1.0069  0.0000  0.0000  0.0000  0.0000
1.0166  0.0000  -0.0015  0.0015  0.0000
1.0307  0.0000  -0.0015  0.0015  0.0000
1.0482  0.0000  0.0000  0.0000  0.0000
1.0587  0.0000  -0.0015  0.0015  0.0000
1.0691  0.0000  -0.0015  0.0015  0.0000
1.0778  0.0000  0.0000  0.0000  0.0000
1.0877  0.0000  -0.0015  0.0015  0.0000
1.0999  0.0000  -0.0015  0.0015  0.0000
1.1098  0.0000  0.0029  -0.0029  0.0000
1.1197  0.0000  0.0015  -0.0015  0.0000
1.1295  0.0000  0.0000  0.0000  0.0000
1.1393  0.0000  -0.0015  0.0015  0.0000
1.1503  0.0000  0.0000  0.0000  0.0000
1.1604  0.0000  -0.0015  0.0015  0.0000
1.1704  0.0000  0.0029  -0.0029  0.0000
1.1806  0.0000  0.0015  -0.0015  0.0000
1.1908  0.0000  -0.0015  0.0015  0.0000
1.2008  0.0000  -0.0015  0.0015  0.0000
1.2108  0.0000  -0.0015  0.0015  0.0000
1.2209  0.0000  -0.0015  0.0015  0.0000
1.2313  0.0000  0.0015  -0.0015  0.0000
1.2414  0.0000  -0.0015  0.0015  0.0000
1.2534  0.0000  -0.0015  0.0015  0.0000
1.2661  0.0000  -0.0015  0.0015  0.0000
1.2772  0.0000  0.0000  0.0000  0.0000
1.2882  0.0000  0.0000  0.0000  0.0000
1.2977  0.0000  0.0000  0.0000  0.0000
1.3084  0.0000  -0.0015  0.0015  0.0000
1.3183  0.0000  -0.0015  0.0015  0.0000
1.3281  0.0000  0.0044  -0.0044  0.0000
1.3377  0.0000  0.0000  0.0000  0.0000
1.3481  0.0000  0.0000  0.0000  0.0000
1.3582  0.0000  0.0000  0.0000  0.0000
1.3699  0.0000  -0.0015  0.0015  0.0000
1.3826  0.0000  -0.0015  0.0015  0.0000
1.3938  0.0000  -0.0015  0.0015  0.0000
1.4050  0.0000  -0.0015  0.0015  0.0000
1.4161  0.0000  0.0000  0.0000  0.0000
1.4268  0.0000  0.0000  0.0000  0.0000
1.4381  0.0000  -0.0015  0.0015  0.0000
1.4490  0.0000  -0.0015  0.0015  0.0000
1.4590  0.0000  0.0000  0.0000  0.0000
1.4700  0.0000  0.0000  0.0000  0.0000
1.4812  0.0000  0.0000  0.0000  0.0000
1.4907  0.0000  -0.0015  0.0015  0.0000
1.5017  0.0000  -0.0015  0.0015  0.0000
1.5128  0.0000  0.0015  -0.0015  0.0000
1.5241  0.0000  -0.0029  0.0029  0.0000
1.5378  0.0000  0.0000  0.0000  0.0000
1.5552  0.0000  -0.0015  0.0015  0.0000
1.5658  0.0000  0.0044  -0.0044  0.0000
1.5762  0.0000  0.0000  0.0000  0.0000
1.5867  0.0000  0.0000  0.0000  0.0000
1.5970  0.0000  0.0015  -0.0015  0.0000
1.6078  0.0000  -0.0015  0.0015  0.0000
1.6184  0.0000  0.0015  -0.0015  0.0000
1.6286  0.0000  -0.0015  0.0015  0.0000
1.6406  0.0000  -0.0015  0.0015  0.0000
1.6538  0.0000  0.0000  0.0000  0.0000
1.6645  0.0000  0.0015  -0.0015  0.0000
1.6741  0.0000  0.0029  -0.0029  0.0000
1.6840  0.0000  -0.0015  0.0015  0.0000
1.6935  0.0000  0.0000  0.0000  0.0000
1.7033  0.0000  -0.0029  0.0029  0.0000
1.7134  0.0000  0.0000  0.0000  0.0000
1.7232  0.0000  0.0015  -0.0015  0.0000
1.7333  0.0000  -0.0015  0.0015  0.0000
1.7439  0.0000  -0.0015  0.0015  0.0000
1.7553  0.0000  -0.0015  0.0015  0.0000
1.7659  0.0000  -0.0015  0.0015  0.0000
1.7766  0.0000  -0.0015  0.0015  0.0000
1.7867  0.0000  0.0000  0.0000  0.0000
1.7971  0.0000  -0.0015  0.0015  0.0000
1.8077  0.0000  0.0000  0.0000  0.0000
1.8181  0.0000  -0.0015  0.0015  0.0000
1.8288  0.0000  0.0000  0.0000  0.0000
1.8394  0.0000  0.0000  0.0000  0.0000
1.8503  0.0000  0.0000  0.0000  0.0000
1.8621  0.0000  0.0015  -0.0015  0.0000
1.8734  0.0000  0.0015  -0.0015  0.0000
1.8837  0.0000  0.0015  -0.0015  0.0000
1.8943  0.0000  -0.0015  0.0015  0.0000
1.9050  0.0000  0.0015  -0.0015  0.0000
1.9158  0.0000  0.0000  0.0000  0.0000
1.9264  0.0000  0.0015  -0.0015  0.0000
1.9372  0.0000  0.0000  0.0000  0.0000
1.9478  0.0000  -0.0029  0.0029  0.0000
1.9587  0.0000  0.0000  0.0000  0.0000
1.9681  0.0000  0.0000  0.0000  0.0000
1.9778  0.0000  -0.0015  0.0015  0.0000
1.9886  0.0000  0.0000  0.0000  0.0000
1.9971  0.0000  0.0000  0.0000  0.0000
2.0072  0.0000  -0.0015  0.0015  0.0000
2.0194  0.0000  -0.0015  0.0015  0.0000
2.0312  0.0000  -0.0015  0.0015  0.0000
2.0447  0.0000  -0.0029  0.0029  0.0000
2.0613  0.0000  0.0029  -0.0029  0.0000
2.0713  0.0000  -0.0015  0.0015  0.0000
2.0812  0.0000  0.0000  0.0000  0.0000
2.0909  0.0000  -0.0015  0.0015  0.0000
2.1006  0.0000  0.0044  -0.0044  0.0000
2.1099  0.0000  -0.0015  0.0015  0.0000
2.1195  0.0000  -0.0015  0.0015  0.0000
2.1293  0.0000  0.0015  -0.0015  0.0000
2.1390  0.0000  -0.0015  0.0015  0.0000
2.1488  0.0000  -0.0015  0.0015  0.0000
2.1589  0.0000  0.0015  -0.0015  0.0000
2.1686  0.0000  0.0000  0.0000  0.0000
2.1783  0.0000  0.0000  0.0000  0.0000
2.1877  0.0000  -0.0015  0.0015  0.0000
2.1974  0.0000  -0.0015  0.0015  0.0000
2.2068  0.0000  -0.0044  0.0044  0.0000
2.2164  0.0000  0.0015  -0.0015  0.0000
2.2266  0.0000  0.0029  -0.0029  0.0000
2.2366  0.0000  0.0015  -0.0015  0.0000
2.2463  0.0000  0.0015  -0.0015  0.0000
2.2568  0.0000  0.0015  -0.0015  0.0000
2.2670  0.0000  -0.0059  0.0059  0.0000
2.2772  0.0000  -0.0015  0.0015  0.0000
2.2869  0.0000  0.0000  0.0000  0.0000
2.2967  0.0000  0.0000  0.0000  0.0000
2.3065  0.0000  0.0000  0.0000  0.0000
2.3164  0.0000  0.0015  -0.0015  0.0000
2.3264  0.0000  -0.0015  0.0015  0.0000
2.3364  0.0000  -0.0015  0.0015  0.0000
2.3452  0.0000  -0.0015  0.0015  0.0000
2.3558  0.0000  -0.0015  0.0015  0.0000
2.3660  0.0000  -0.0015  0.0015  0.0000
2.3761  0.0000  -0.0015  0.0015  0.0000
2.3865  0.0000  0.0000  0.0000  0.0000
2.3967  0.0000  -0.0015  0.0015  0.0000
2.4072  0.0000  -0.0015  0.0015  0.0000
2.4184  0.0000  -0.0015  0.0015  0.0000
2.4277  0.0000  -0.0044  0.0044  0.0000
2.4385  0.0000  -0.0015  0.0015  0.0000
2.4494  0.0000  -0.0015  0.0015  0.0000
2.4605  0.0000  0.0000  0.0000  0.0000
2.4700  0.0000  -0.0029  0.0029  0.0000
2.4807  0.0000  0.0015  -0.0015  0.0000
2.4917  0.0000  0.0000  0.0000  0.0000
2.5029  0.0000  0.0029  -0.0029  0.0000
2.5149  0.0000  0.0015  -0.0015  0.0000
2.5307  0.0000  -0.0015  0.0015  0.0000
2.5494  0.0000  0.0000  0.0000  0.0000
2.5673  0.0000  -0.0015  0.0015  0.0000
2.5773  0.0000  0.0000  0.0000  0.0000
2.5876  0.0000  -0.0015  0.0015  0.0000
2.5982  0.0000  0.0015  -0.0015  0.0000
2.6090  0.0000  0.0000  0.0000  0.0000
2.6196  0.0000  -0.0015  0.0015  0.0000
2.6304  0.0000  -0.0015  0.0015  0.0000
2.6411  0.0000  0.0044  -0.0044  0.0000
2.6518  0.0000  -0.0015  0.0015  0.0000
2.6626  0.0000  -0.0015  0.0015  0.0000
2.6733  0.0000  -0.0015  0.0015  0.0000
2.6843  0.0000  0.0000  0.0000  0.0000
2.6950  0.0000  -0.0015  0.0015  0.0000
2.7059  0.0000  -0.0015  0.0015  0.0000
2.7162  0.0000  -0.0015  0.0015  0.0000
2.7267  0.0000  -0.0015  0.0015  0.0000
2.7372  0.0000  0.0059  -0.0059  0.0000
2.7474  0.0000  -0.0015  0.0015  0.0000
2.7579  0.0000  0.0000  0.0000  0.0000
2.7680  0.0000  -0.0015  0.0015  0.0000
2.7800  0.0000  0.0000  0.0000  0.0000
2.7912  0.0000  0.0015  -0.0015  0.0000
2.8015  0.0000  0.0015  -0.0015  0.0000
2.8119  0.0000  0.0015  -0.0015  0.0000
2.8241  0.0000  0.0000  0.0000  0.0000
2.8345  0.0000  0.0000  0.0000  0.0000
2.8449  0.0000  0.0015  -0.0015  0.0000
2.8551  0.0000  -0.0015  0.0015  0.0000
2.8650  0.0000  -0.0044  0.0044  0.0000
2.8751  0.0000  0.0000  0.0000  0.0000
2.8850  0.0000  0.0015  -0.0015  0.0000
2.8951  0.0000  0.0015  -0.0015  0.0000
2.9051  0.0000  0.0000  0.0000  0.0000
2.9151  0.0000  0.0000  0.0000  0.0000
2.9249  0.0000  -0.0015  0.0015  0.0000
2.9353  0.0000  0.0000  0.0000  0.0000
2.9458  0.0000  -0.0015  0.0015  0.0000
2.9556  0.0000  0.0000  0.0000  0.0000
2.9652  0.0000  -0.0015  0.0015  0.0000
2.9750  0.0000  0.0015  -0.0015  0.0000
2.9847  0.0000  0.0015  -0.0015  0.0000
2.9950  0.0000  0.0000  0.0000  0.0000
3.0052  0.0000  0.0015  -0.0015  0.0000
3.0155  0.0000  0.0015  -0.0015  0.0000
3.0268  0.0000  0.0000  0.0000  0.0000
3.0397  0.0000  0.0000  0.0000  0.0000
3.0538  0.0000  0.0000  0.0000  0.0000
3.0709  0.0000  0.0000  0.0000  0.0000
3.0814  0.0000  -0.0015  0.0015  0.0000
3.0922  0.0000  -0.0015  0.0015  0.0000
3.1033  0.0000  0.0000  0.0000  0.0000
3.1142  0.0000  0.0000  0.0000  0.0000
3.1240  0.0000  0.0000  0.0000  0.0000
3.1340  0.0000  -0.0015  0.0015  0.0000
3.1441  0.0000  0.0015  -0.0015  0.0000
3.1546  0.0000  -0.0015  0.0015  0.0000
3.1647  0.0000  -0.0015  0.0015  0.0000
3.1748  0.0000  -0.0015  0.0015  0.0000
3.1837  0.0000  -0.0015  0.0015  0.0000
3.1937  0.0000  -0.0015  0.0015  0.0000
3.2033  0.0000  0.0000  0.0000  0.0000
3.2128  0.0000  0.0000  0.0000  0.0000
3.2221  0.0000  -0.0015  0.0015  0.0000
3.2316  0.0000  0.0000  0.0000  0.0000
3.2411  0.0000  0.0000  0.0000  0.0000
3.2511  0.0000  0.0000  0.0000  0.0000
3.2597  0.0000  0.0029  -0.0029  0.0000
3.2702  0.0000  -0.0015  0.0015  0.0000
3.2818  0.0000  0.0000  0.0000  0.0000
3.2912  0.0000  0.0015  -0.0015  0.0000
3.3014  0.0000  0.0015  -0.0015  0.0000
3.3128  0.0000  -0.0015  0.0015  0.0000
3.3231  0.0000  0.0000  0.0000  0.0000
3.3334  0.0000  -0.0015  0.0015  0.0000
3.3436  0.0000  0.0000  0.0000  0.0000
3.3549  0.0000  0.0015  -0.0015  0.0000
3.3657  0.0000  -0.0015  0.0015  0.0000
3.3767  0.0000  0.0000  0.0000  0.0000
3.3873  0.0000  0.0000  0.0000  0.0000
3.3982  0.0000  -0.0015  0.0015  0.0000
3.4095  0.0000  0.0000  0.0000  0.0000
3.4210  0.0000  -0.0015  0.0015  0.0000
3.4334  0.0000  0.0000  0.0000  0.0000
3.4474  0.0000  -0.0015  0.0015  0.0000
3.4591  0.0000  -0.0015  0.0015  0.0000
3.4690  0.0000  -0.0015  0.0015  0.0000
3.4786  0.0000  -0.0015  0.0015  0.0000
3.4885  0.0000  0.0000  0.0000  0.0000
3.4987  0.0000  -0.0015  0.0015  0.0000
3.5091  0.0000  -0.0044  0.0044  0.0000
3.5181  0.0000  -0.0015  0.0015  0.0000
3.5292  0.0000  -0.0015  0.0015  0.0000
3.5445  0.0000  -0.0015  0.0015  0.0000
3.5602  0.0000  0.0000  0.0000  0.0000
3.5775  0.0000  -0.0015  0.0015  0.0000
3.5880  0.0000  -0.0015  0.0015  0.0000
3.5983  0.0000  -0.0015  0.0015  0.0000
3.6085  0.0000  -0.0015  0.0015  0.0000
3.6184  0.0000  -0.0029  0.0029  0.0000
3.6283  0.0000  0.0029  -0.0029  0.0000
3.6382  0.0000  -0.0015  0.0015  0.0000
3.6482  0.0000  0.0000  0.0000  0.0000
3.6581  0.0000  0.0000  0.0000  0.0000
3.6684  0.0000  -0.0015  0.0015  0.0000
3.6788  0.0000  -0.0015  0.0015  0.0000
3.6891  0.0000  0.0000  0.0000  0.0000
3.6989  0.0000  0.0015  -0.0015  0.0000
3.7084  0.0000  0.0015  -0.0015  0.0000
3.7198  0.0000  0.0000  0.0000  0.0000
3.7305  0.0000  -0.0015  0.0015  0.0000
3.7410  0.0000  -0.0015  0.0015  0.0000
3.7515  0.0000  -0.0015  0.0015  0.0000
3.7619  0.0000  -0.0015  0.0015  0.0000
3.7742  0.0000  -0.0015  0.0015  0.0000
3.7859  0.0000  -0.0015  0.0015  0.0000
3.7964  0.0000  0.0015  -0.0015  0.0000
3.8065  0.0000  0.0015  -0.0015  0.0000
3.8166  0.0000  0.0000  0.0000  0.0000
3.8264  0.0000  -0.0015  0.0015  0.0000
3.8365  0.0000  0.0000  0.0000  0.0000
3.8465  0.0000  -0.0015  0.0015  0.0000
3.8579  0.0000  0.0000  0.0000  0.0000
3.8684  0.0000  0.0029  -0.0029  0.0000
3.8779  0.0000  -0.0015  0.0015  0.0000
3.8876  0.0000  -0.0015  0.0015  0.0000
3.8973  0.0000  -0.0015  0.0015  0.0000
3.9080  0.0000  0.0000  0.0000  0.0000
3.9175  0.0000  0.0000  0.0000  0.0000
3.9270  0.0000  -0.0015  0.0015  0.0000
3.9368  0.0000  0.0015  -0.0015  0.0000
3.9463  0.0000  0.0000  0.0000  0.0000
3.9564  0.0000  0.0000  0.0000  0.0000
3.9664  0.0000  0.0000  0.0000  0.0000
3.9758  0.0000  -0.0015  0.0015  0.0000
3.9853  0.0000  0.0015  -0.0015  0.0000
3.9948  0.0000  0.0000  0.0000  0.0000
4.0045  0.0000  -0.0015  0.0015  0.0000
4.0141  0.0000  -0.0015  0.0015  0.0000
4.0244  0.0000  0.0000  0.0000  0.0000
4.0353  0.0000  -0.0015  0.0015  0.0000
4.0462  0.0000  -0.0029  0.0029  0.0000
4.0563  0.0000  0.0015  -0.0015  0.0000
4.0694  0.0000  -0.0015  0.0015  0.0000
4.0860  0.0000  0.0000  0.0000  0.0000
4.0957  0.0000  -0.0015  0.0015  0.0000
4.1055  0.0000  -0.0015  0.0015  0.0000
4.1152  0.0000  -0.0015  0.0015  0.0000
4.1248  0.0000  0.0000  0.0000  0.0000
4.1343  0.0000  0.0000  0.0000  0.0000
4.1432  0.0000  -0.0015  0.0015  0.0000
4.1532  0.0000  -0.0015  0.0015  0.0000
4.1627  0.0000  0.0015  -0.0015  0.0000
4.1725  0.0000  0.0000  0.0000  0.0000
4.1819  0.0000  0.0029  -0.0029  0.0000
4.1915  0.0000  0.0015  -0.0015  0.0000
4.2011  0.0000  0.0000  0.0000  0.0000
4.2110  0.0000  -0.0015  0.0015  0.0000
4.2209  0.0000  -0.0015  0.0015  0.0000
4.2306  0.0000  -0.0015  0.0015  0.0000
4.2404  0.0000  0.0000  0.0000  0.0000
4.2502  0.0000  -0.0015  0.0015  0.0000
4.2603  0.0000  -0.0015  0.0015  0.0000
4.2703  0.0000  0.0015  -0.0015  0.0000
4.2807  0.0000  -0.0015  0.0015  0.0000
4.2923  0.0000  0.0015  -0.0015  0.0000
4.3025  0.0000  -0.0015  0.0015  0.0000
4.3151  0.0000  0.0000  0.0000  0.0000
4.3247  0.0000  -0.0015  0.0015  0.0000
4.3346  0.0000  -0.0015  0.0015  0.0000
4.3441  0.0000  0.0015  -0.0015  0.0000
4.3539  0.0000  0.0015  -0.0015  0.0000
4.3635  0.0000  -0.0015  0.0015  0.0000
4.3733  0.0000  0.0000  0.0000  0.0000
4.3831  0.0000  0.0015  -0.0015  0.0000
4.3926  0.0000  0.0000  0.0000  0.0000
4.4019  0.0000  0.0015  -0.0015  0.0000
4.4116  0.0000  0.0015  -0.0015  0.0000
4.4212  0.0000  -0.0015  0.0015  0.0000
4.4310  0.0000  -0.0015  0.0015  0.0000
4.4408  0.0000  0.0000  0.0000  0.0000
4.4504  0.0000  0.0000  0.0000  0.0000
4.4600  0.0000  -0.0015  0.0015  0.0000
4.4697  0.0000  0.0000  0.0000  0.0000
4.4793  0.0000  0.0000  0.0000  0.0000
4.4889  0.0000  -0.0015  0.0015  0.0000
4.4987  0.0000  0.0029  -0.0029  0.0000
4.5094  0.0000  -0.0015  0.0015  0.0000
4.5193  0.0000  -0.0015  0.0015  0.0000
4.5280  0.0000  0.0000  0.0000  0.0000
4.5394  0.0000  -0.0015  0.0015  0.0000
4.5506  0.0000  0.0000  0.0000  0.0000
4.5603  0.0000  -0.0015  0.0015  0.0000
4.5734  0.0000  0.0000  0.0000  0.0000
4.5902  0.0000  -0.0015  0.0015  0.0000
4.5999  0.0000  -0.0015  0.0015  0.0000
4.6108  0.0000  -0.0015  0.0015  0.0000
4.6225  0.0000  -0.0015  0.0015  0.0000
4.6331  0.0000  0.0059  -0.0059  0.0000
4.6432  0.0000  -0.0015  0.0015  0.0000
4.6539  0.0000  0.0000  0.0000  0.0000
4.6644  0.0000  -0.0015  0.0015  0.0000
4.6760  0.0000  -0.0015  0.0015  0.0000
4.6869  0.0000  -0.0015  0.0015  0.0000
4.6977  0.0000  -0.0029  0.0029  0.0000
4.7086  0.0000  -0.0015  0.0015  0.0000
4.7195  0.0000  -0.0015  0.0015  0.0000
4.7302  0.0000  -0.0015  0.0015  0.0000
4.7411  0.0000  -0.0015  0.0015  0.0000
4.7514  0.0000  -0.0015  0.0015  0.0000
4.7621  0.0000  -0.0015  0.0015  0.0000
4.7719  0.0000  0.0000  0.0000  0.0000
4.7823  0.0000  0.0000  0.0000  0.0000
4.7938  0.0000  -0.0015  0.0015  0.0000
4.8055  0.0000  -0.0015  0.0015  0.0000
4.8167  0.0000  0.0015  -0.0015  0.0000
4.8273  0.0000  -0.0015  0.0015  0.0000
4.8381  0.0000  0.0000  0.0000  0.0000
4.8488  0.0000  0.0029  -0.0029  0.0000
4.8589  0.0000  0.0015  -0.0015  0.0000
4.8681  0.0000  0.0000  0.0000  0.0000
4.8781  0.0000  0.0000  0.0000  0.0000
4.8882  0.0000  0.0000  0.0000  0.0000
4.8996  0.0000  0.0000  0.0000  0.0000
4.9096  0.0000  0.0000  0.0000  0.0000
4.9195  0.0000  -0.0015  0.0015  0.0000
4.9284  0.0000  -0.0029  0.0029  0.0000
4.9392  0.0000  0.0000  0.0000  0.0000
4.9501  0.0000  0.0000  0.0000  0.0000
4.9612  0.0000  0.0000  0.0000  0.0000
4.9716  0.0000  -0.0015  0.0015  0.0000
4.9832  0.0000  0.0000  0.0000  0.0000
4.9940  0.0000  -0.0015  0.0015  0.0000
5.0049  0.0000  -0.0015  0.0015  0.0000
5.0248  0.0000  0.0015  -0.0015  -0.0057
5.0402  0.0000  0.0000  0.0000  -0.0017
5.0558  0.0000  -0.0015  0.0015  0.0039
5.0703  0.0000  0.0088  -0.0088  -0.0338
5.0861  0.0000  0.0191  -0.0191  -0.0815
5.1052  0.0000  0.0088  -0.0088  -0.0642
5.1190  0.0000  -0.0044  0.0044  -0.0220
5.1328  0.0000  -0.0176  0.0176  0.0323
5.1463  0.0000  -0.1704  0.1704  0.6209
5.1566  0.0000  -0.2967  0.2967  1.2701
5.1667  0.0000  -0.2218  0.2218  1.2334
5.1778  0.0000  0.0088  -0.0088  0.5977
5.1973  0.0000  0.3040  -0.3040  -0.5555
5.2079  0.0000  0.6492  -0.6492  -2.2132
5.2178  0.0000  0.8798  -0.8798  -3.4907
5.2281  0.0000  0.7270  -0.7270  -3.6324
5.2384  0.0000  0.4670  -0.4670  -3.2860
5.2489  0.0000  0.2027  -0.2027  -2.7235
5.2589  0.0000  -0.0029  0.0029  -2.1609
5.2693  0.0000  -0.1660  0.1660  -1.5882
5.2798  0.0000  -0.3848  0.3848  -0.6873
5.2947  0.0000  -0.7226  0.7226  0.8107
5.3050  0.0000  -0.9547  0.9547  2.4717
5.3158  0.0000  -1.0898  1.0898  3.7250
5.3259  0.0000  -1.0824  1.0824  4.5193
5.3360  0.0000  -0.6639  0.6639  3.8781
5.3454  0.0000  -0.3246  0.3246  3.1823
5.3557  0.0000  -0.2570  0.2570  3.1967
5.3658  0.0000  -0.0852  0.0852  2.7912
5.3758  0.0000  0.1851  -0.1851  1.9136
5.3852  0.0000  0.4362  -0.4362  0.9234
5.3982  0.0000  0.7446  -0.7446  -0.4559
5.4103  0.0000  0.9782  -0.9782  -2.0467
5.4198  0.0000  1.0722  -1.0722  -3.2602
5.4294  0.0000  0.9502  -0.9502  -3.6069
5.4388  0.0000  0.7255  -0.7255  -3.5028
5.4485  0.0000  0.4700  -0.4700  -3.1466
5.4590  0.0000  0.0720  -0.0720  -2.1187
5.4682  0.0000  -0.1586  0.1586  -1.3819
5.4811  0.0000  -0.3907  0.3907  -0.4436
5.4956  0.0000  -0.6051  0.6051  0.7323
5.5066  0.0000  -0.9899  0.9899  2.8829
5.5166  0.0000  -1.1353  1.1353  4.1229
5.5264  0.0000  -1.0736  1.0736  4.7459
5.5365  0.0000  -0.7858  0.7858  4.5540
5.5476  0.0000  -0.4509  0.4509  4.0145
5.5576  0.0000  -0.0015  0.0015  2.7908
5.5684  0.0000  0.2335  -0.2335  1.9606
5.5789  0.0000  0.4670  -0.4670  0.9601
5.5931  0.0000  0.5640  -0.5640  0.2989
5.6116  0.0000  0.8283  -0.8283  -1.3475
5.6222  0.0000  1.2146  -1.2146  -4.1173
5.6314  0.0000  1.3468  -1.3468  -5.4031
5.6417  0.0000  1.4760  -1.4760  -6.8930
5.6521  0.0000  1.5524  -1.5524  -8.3179
5.6629  0.0000  1.6303  -1.6303  -9.8448
5.6737  0.0000  1.5730  -1.5730  -10.9505
5.6845  0.0000  1.3865  -1.3865  -11.5672
5.6951  0.0000  1.1647  -1.1647  -11.8814
5.7066  0.0000  0.9165  -0.9165  -11.9963
5.7162  0.0000  0.6800  -0.6800  -11.8376
5.7270  0.0000  0.4245  -0.4245  -11.4848
5.7375  0.0000  0.2511  -0.2511  -11.2083
5.7479  0.0000  0.0925  -0.0925  -10.8485
5.7585  0.0000  -0.0852  0.0852  -10.2968
5.7693  0.0000  -0.3892  0.3892  -9.1553
5.7786  0.0000  -0.5405  0.5405  -8.3647
5.7880  0.0000  -0.7417  0.7417  -7.2959
5.8003  0.0000  -0.8739  0.8739  -6.1362
5.8110  0.0000  -0.9782  0.9782  -5.0690
5.8210  0.0000  -1.1882  1.1882  -3.6045
5.8308  0.0000  -1.3879  1.3879  -2.0455
5.8409  0.0000  -1.5025  1.5025  -0.5996
5.8548  0.0000  -1.6170  1.6170  0.9457
5.8648  0.0000  -1.7301  1.7301  3.0280
5.8750  0.0000  -1.9284  1.9284  5.0329
5.8850  0.0000  -2.0268  2.0268  6.8148
5.8953  0.0000  -2.2412  2.2412  9.1400
5.9058  0.0000  -2.3440  2.3440  11.2357
5.9163  0.0000  -2.3573  2.3573  13.1297
5.9261  0.0000  -2.3220  2.3220  14.7362
5.9356  0.0000  -2.2265  2.2265  16.0507
5.9458  0.0000  -1.8858  1.8858  16.5682
5.9559  0.0000  -1.7066  1.7066  17.3639
5.9660  0.0000  -1.4731  1.4731  17.8486
5.9762  0.0000  -1.1941  1.1941  17.9949
5.9862  0.0000  -0.7079  0.7079  17.2006
5.9964  0.0000  -0.4979  0.4979  17.0062
6.0066  0.0000  -0.3657  0.3657  16.9239
6.0167  0.0000  -0.1660  0.1660  16.5051
6.0267  0.0000  0.0720  -0.0720  15.8028
6.0371  0.0000  0.3965  -0.3965  14.6116
6.0494  0.0000  0.6183  -0.6183  13.4360
6.0667  0.0000  0.8078  -0.8078  11.8780
6.0760  0.0000  1.0017  -1.0017  10.6536
6.0873  0.0000  1.3071  -1.3071  8.7123
6.1000  0.0000  1.5039  -1.5039  6.8861
6.1115  0.0000  1.6582  -1.6582  5.1669
6.1208  0.0000  1.6655  -1.6655  3.7080
6.1300  0.0000  2.0136  -2.0136  1.3747
6.1462  0.0000  2.0900  -2.0900  -0.3302
6.1577  0.0000  2.4057  -2.4057  -4.0390
6.1669  0.0000  2.4704  -2.4704  -6.3248
6.1762  0.0000  2.4909  -2.4909  -8.1166
6.1863  0.0000  2.3147  -2.3147  -9.3890
6.1957  0.0000  2.0415  -2.0415  -10.0778
6.2056  0.0000  1.9534  -1.9534  -11.2853
6.2155  0.0000  1.7316  -1.7316  -11.9520
6.2252  0.0000  1.5113  -1.5113  -12.4534
6.2356  0.0000  1.1500  -1.1500  -12.3563
6.2453  0.0000  0.8651  -0.8651  -12.2111
6.2548  0.0000  0.6110  -0.6110  -11.9531
6.2650  0.0000  0.3437  -0.3437  -11.4860
6.2767  0.0000  -0.0044  0.0044  -10.5335
6.2879  0.0000  -0.2511  0.2511  -9.6498
6.2976  0.0000  -0.4905  0.4905  -8.6426
6.3083  0.0000  -0.7608  0.7608  -7.2972
6.3196  0.0000  -0.9121  0.9121  -6.1137
6.3301  0.0000  -1.0266  1.0266  -4.9999
6.3407  0.0000  -1.2851  1.2851  -3.2733
6.3511  0.0000  -1.4158  1.4158  -1.8139
6.3652  0.0000  -1.6068  1.6068  -0.0273
6.3798  0.0000  -1.8873  1.8873  2.7540
6.3893  0.0000  -2.0841  2.0841  5.3579
6.3999  0.0000  -2.1619  2.1619  7.2946
6.4110  0.0000  -2.2280  2.2280  9.3139
6.4217  0.0000  -2.2515  2.2515  11.1854
6.4323  0.0000  -1.8932  1.8932  11.6975
6.4428  0.0000  -1.8858  1.8858  13.1700
6.4521  0.0000  -1.6963  1.6963  13.8279
6.4611  0.0000  -1.4511  1.4511  14.1413
6.4703  0.0000  -1.2763  1.2763  14.5370
6.4808  0.0000  -0.8504  0.8504  14.0442
6.4915  0.0000  -0.7079  0.7079  14.2254
6.5009  0.0000  -0.6257  0.6257  14.4371
6.5100  0.0000  -0.5831  0.5831  14.7204
6.5206  0.0000  -0.4083  0.4083  14.5666
6.5316  0.0000  -0.1821  0.1821  14.0996
6.5411  0.0000  0.1087  -0.1087  13.2300
6.5519  0.0000  0.2321  -0.2321  12.7062
6.5642  0.0000  0.3584  -0.3584  12.0314
6.5759  0.0000  0.5860  -0.5860  10.8980
6.5866  0.0000  0.7446  -0.7446  9.8722
6.5974  0.0000  1.1015  -1.1015  8.0146
6.6094  0.0000  1.2278  -1.2278  6.6704
6.6227  0.0000  1.5260  -1.5260  4.4800
6.6333  0.0000  1.7052  -1.7052  2.3395
6.6444  0.0000  1.7389  -1.7389  0.8024
6.6626  0.0000  1.8285  -1.8285  -0.8810
6.6732  0.0000  2.3250  -2.3250  -5.3988
6.6844  0.0000  2.4189  -2.4189  -7.6956
6.6951  0.0000  2.4351  -2.4351  -9.6817
6.7059  0.0000  2.5497  -2.5497  -12.0519
6.7167  0.0000  2.6378  -2.6378  -14.4116
6.7282  0.0000  2.5732  -2.5732  -16.4455
6.7392  0.0000  2.2721  -2.2721  -17.5031
6.7500  0.0000  1.7727  -1.7727  -17.5695
6.7616  0.0000  1.5157  -1.5157  -18.1817
6.7728  0.0000  1.2543  -1.2543  -18.5171
6.7844  0.0000  0.9458  -0.9458  -18.4980
6.7957  0.0000  0.6315  -0.6315  -18.1754
6.8066  0.0000  0.3540  -0.3540  -17.7090
6.8173  0.0000  0.2100  -0.2100  -17.4838
6.8292  0.0000  0.0455  -0.0455  -17.0760
6.8404  0.0000  -0.2644  0.2644  -16.0102
6.8512  0.0000  -0.5728  0.5728  -14.7065
6.8620  0.0000  -0.7241  0.7241  -13.7109
6.8729  0.0000  -0.9576  0.9576  -12.2943
6.8837  0.0000  -1.1221  1.1221  -10.9366
6.8936  0.0000  -1.3791  1.3791  -9.2204
6.9050  0.0000  -1.4746  1.4746  -7.7017
6.9170  0.0000  -1.6435  1.6435  -5.7726
6.9270  0.0000  -1.9005  1.9005  -3.6532
6.9395  0.0000  -1.9857  1.9857  -1.5675
6.9525  0.0000  -2.2765  2.2765  0.8529
6.9622  0.0000  -2.3690  2.3690  3.4353
6.9727  0.0000  -2.4939  2.4939  5.7481
6.9822  0.0000  -2.4204  2.4204  7.2608
6.9917  0.0000  -2.2794  2.2794  8.4890
7.0011  0.0000  -2.2383  2.2383  9.9466
7.0108  0.0000  -2.2310  2.2310  11.5559
7.0207  0.0000  -2.0709  2.0709  12.6480
7.0307  0.0000  -1.8755  1.8755  13.5147
7.0405  0.0000  -1.6787  1.6787  14.2105
7.0535  0.0000  -1.2029  1.2029  14.0828
7.0659  0.0000  -0.8460  0.8460  13.8928
7.0777  0.0000  -0.5111  0.5111  13.4315
7.0883  0.0000  -0.5654  0.5654  14.0255
7.0991  0.0000  -0.1043  0.1043  12.8530
7.1112  0.0000  0.0837  -0.0837  12.2725
7.1244  0.0000  0.2967  -0.2967  11.4277
7.1349  0.0000  0.6888  -0.6888  9.6872
7.1463  0.0000  0.8695  -0.8695  8.4611
7.1569  0.0000  0.9370  -0.9370  7.5334
7.1677  0.0000  1.0736  -1.0736  6.2905
7.1779  0.0000  1.4055  -1.4055  4.3180
7.1878  0.0000  1.7154  -1.7154  2.1951
7.1980  0.0000  1.6185  -1.6185  1.2299
7.2147  0.0000  1.7154  -1.7154  -0.3384
7.2268  0.0000  1.9255  -1.9255  -3.2476
7.2369  0.0000  2.2398  -2.2398  -6.1882
7.2471  0.0000  2.5834  -2.5834  -9.0915
7.2571  0.0000  2.5335  -2.5335  -10.8588
7.2671  0.0000  2.7142  -2.7142  -13.3873
7.2775  0.0000  2.7553  -2.7553  -15.6325
7.2876  0.0000  2.5746  -2.5746  -17.0758
7.2994  0.0000  2.1957  -2.1957  -17.9943
7.3097  0.0000  2.0195  -2.0195  -19.0586
7.3217  0.0000  1.8976  -1.8976  -20.4260
7.3314  0.0000  1.3688  -1.3688  -19.9781
7.3420  0.0000  1.2117  -1.2117  -20.5119
7.3532  0.0000  1.0780  -1.0780  -21.0526
7.3640  0.0000  0.8239  -0.8239  -21.0224
7.3746  0.0000  0.6345  -0.6345  -21.0111
7.3853  0.0000  0.3775  -0.3775  -20.6127
7.3969  0.0000  -0.0088  0.0088  -19.5524
7.4081  0.0000  -0.2453  0.2453  -18.7022
7.4190  0.0000  -0.5273  0.5273  -17.5069
7.4298  0.0000  -0.7446  0.7446  -16.3119
7.4405  0.0000  -1.0281  1.0281  -14.7152
7.4517  0.0000  -1.2176  1.2176  -13.1822
7.4623  0.0000  -1.3306  1.3306  -11.8178
7.4730  0.0000  -1.5172  1.5172  -10.0881
7.4835  0.0000  -1.7022  1.7022  -8.2549
7.4942  0.0000  -1.8652  1.8652  -6.3180
7.5049  0.0000  -2.0180  2.0180  -4.2819
7.5158  0.0000  -2.1766  2.1766  -2.0882
7.5303  0.0000  -2.3352  2.3352  0.2262
7.5446  0.0000  -2.4909  2.4909  3.5389
7.5577  0.0000  -2.7142  2.7142  7.3221
7.5712  0.0000  -2.7993  2.7993  10.3840
7.5813  0.0000  -2.4865  2.4865  11.4048
7.5919  0.0000  -2.2765  2.2765  12.6333
7.6028  0.0000  -1.8006  1.8006  12.7983
7.6145  0.0000  -1.6303  1.6303  13.6209
7.6270  0.0000  -1.4481  1.4481  14.3520
7.6366  0.0000  -1.1882  1.1882  14.7019
7.6477  0.0000  -0.8842  0.8842  14.6115
7.6587  0.0000  -0.6829  0.6829  14.6196
7.6696  0.0000  -0.4817  0.4817  14.4640
7.6801  0.0000  -0.3921  0.3921  14.5295
7.6910  0.0000  0.0088  -0.0088  13.4296
7.7016  0.0000  0.2688  -0.2688  12.5072
7.7136  0.0000  0.3040  -0.3040  12.1393
7.7252  0.0000  0.6418  -0.6418  10.6589
7.7370  0.0000  0.8695  -0.8695  9.2748
7.7483  0.0000  0.9282  -0.9282  8.3260
7.7594  0.0000  1.1456  -1.1456  6.7913
7.7702  0.0000  1.2704  -1.2704  5.4329
7.7811  0.0000  1.3982  -1.3982  3.9315
7.7934  0.0000  1.7022  -1.7022  1.5367
7.8162  0.0000  1.8652  -1.8652  -0.5459
7.8278  0.0000  2.0033  -2.0033  -4.3123
7.8395  0.0000  2.1061  -2.1061  -6.4349
7.8494  0.0000  2.2824  -2.2824  -8.6079
7.8595  0.0000  2.3631  -2.3631  -10.6082
7.8694  0.0000  2.4645  -2.4645  -12.7022
7.8791  0.0000  2.4043  -2.4043  -14.2926
7.8891  0.0000  2.0782  -2.0782  -14.9435
7.8990  0.0000  1.9989  -1.9989  -16.2012
7.9093  0.0000  1.7933  -1.7933  -17.0307
7.9192  0.0000  1.4055  -1.4055  -17.0122
7.9292  0.0000  1.2704  -1.2704  -17.6001
7.9391  0.0000  1.1471  -1.1471  -18.1133
7.9491  0.0000  0.8004  -0.8004  -17.7667
7.9593  0.0000  0.6492  -0.6492  -17.8480
7.9710  0.0000  0.3701  -0.3701  -17.4104
7.9811  0.0000  0.2453  -0.2453  -17.2556
7.9919  0.0000  -0.0015  0.0015  -16.5819
8.0032  0.0000  -0.2027  0.2027  -15.8620
8.0154  0.0000  -0.4156  0.4156  -14.9019
8.0262  0.0000  -0.6271  0.6271  -13.8215
8.0371  0.0000  -0.8592  0.8592  -12.4896
8.0482  0.0000  -0.9620  0.9620  -11.4262
8.0624  0.0000  -1.2646  1.2646  -9.2414
8.0734  0.0000  -1.3409  1.3409  -7.9255
8.0850  0.0000  -1.5642  1.5642  -5.9686
8.0966  0.0000  -1.6875  1.6875  -4.1703
8.1085  0.0000  -1.8109  1.8109  -2.2206
8.1188  0.0000  -1.8682  1.8682  -0.7917
8.1351  0.0000  -2.0782  2.0782  1.5998
8.1452  0.0000  -2.2412  2.2412  4.7089
8.1557  0.0000  -2.4513  2.4513  7.1995
8.1655  0.0000  -2.4880  2.4880  9.1304
8.1757  0.0000  -2.4865  2.4865  11.0292
8.1857  0.0000  -2.0709  2.0709  11.4276
8.1957  0.0000  -1.8153  1.8153  12.0908
8.2057  0.0000  -1.7257  1.7257  13.1387
8.2159  0.0000  -1.3923  1.3923  13.2955
8.2277  0.0000  -1.3923  1.3923  14.5171
8.2382  0.0000  -1.0472  1.0472  14.3971
8.2485  0.0000  -0.9870  0.9870  14.9955
8.2592  0.0000  -0.6947  0.6947  14.7547
8.2684  0.0000  -0.4582  0.4582  14.4244
8.2783  0.0000  -0.2981  0.2981  14.2101
8.2882  0.0000  -0.2614  0.2614  14.3027
8.2981  0.0000  -0.1248  0.1248  14.0234
8.3084  0.0000  0.1263  -0.1263  13.2424
8.3202  0.0000  0.3672  -0.3672  12.2614
8.3319  0.0000  0.6580  -0.6580  10.8935
8.3427  0.0000  0.7725  -0.7725  9.9583
8.3531  0.0000  1.0149  -1.0149  8.5057
8.3631  0.0000  1.1133  -1.1133  7.4107
8.3726  0.0000  1.3644  -1.3644  5.7499
8.3832  0.0000  1.4232  -1.4232  4.4651
8.3941  0.0000  1.5084  -1.5084  3.0101
8.4047  0.0000  1.6846  -1.6846  1.1961
8.4230  0.0000  1.6611  -1.6611  -0.1110
8.4364  0.0000  1.9416  -1.9416  -3.5272
8.4458  0.0000  2.1663  -2.1663  -6.0604
8.4566  0.0000  2.4366  -2.4366  -8.7474
8.4677  0.0000  2.6760  -2.6760  -11.6345
8.4788  0.0000  2.4292  -2.4292  -12.9664
8.4895  0.0000  1.9313  -1.9313  -13.1647
8.5004  0.0000  1.7316  -1.7316  -14.0217
8.5112  0.0000  1.5524  -1.5524  -14.7848
8.5219  0.0000  1.3395  -1.3395  -15.2787
8.5327  0.0000  1.1735  -1.1735  -15.7775
8.5435  0.0000  1.0340  -1.0340  -16.2262
8.5548  0.0000  0.5845  -0.5845  -15.4967
8.5664  0.0000  0.3965  -0.3965  -15.3295
8.5782  0.0000  0.2232  -0.2232  -15.0540
8.5887  0.0000  0.1263  -0.1263  -14.8881
8.5999  0.0000  0.0073  -0.0073  -14.5701
8.6096  0.0000  -0.1292  0.1292  -14.1043
8.6226  0.0000  -0.4964  0.4964  -12.6739
8.6357  0.0000  -0.7050  0.7050  -11.4704
8.6472  0.0000  -0.8768  0.8768  -10.0874
8.6586  0.0000  -1.1324  1.1324  -8.4219
8.6709  0.0000  -1.3630  1.3630  -6.5432
8.6813  0.0000  -1.4452  1.4452  -5.1911
8.6916  0.0000  -1.5642  1.5642  -3.6668
8.7016  0.0000  -1.6831  1.6831  -2.0867
8.7163  0.0000  -1.9284  1.9284  0.1847
8.7298  0.0000  -2.0856  2.0856  2.8869
8.7405  0.0000  -2.2339  2.2339  5.4962
8.7512  0.0000  -2.4072  2.4072  7.8848
8.7619  0.0000  -2.5188  2.5188  10.2036
8.7729  0.0000  -2.5056  2.5056  12.2271
8.7838  0.0000  -2.1061  2.1061  12.8682
8.7947  0.0000  -1.9049  1.9049  13.8682
8.8059  0.0000  -1.8373  1.8373  15.2161
8.8170  0.0000  -1.6640  1.6640  16.1244
8.8277  0.0000  -1.4555  1.4555  16.7224
8.8409  0.0000  -1.0163  1.0163  16.5317
8.8509  0.0000  -0.8577  0.8577  16.7412
8.8610  0.0000  -0.7534  0.7534  17.0245
8.8708  0.0000  -0.5508  0.5508  16.8764
8.8811  0.0000  -0.5934  0.5934  17.4462
8.8915  0.0000  -0.1527  0.1527  16.3649
8.9019  0.0000  -0.0676  0.0676  16.1850
8.9124  0.0000  0.2746  -0.2746  15.0370
8.9212  0.0000  0.3569  -0.3569  14.5779
8.9310  0.0000  0.4685  -0.4685  13.9294
8.9412  0.0000  0.7681  -0.7681  12.5265
8.9516  0.0000  1.1456  -1.1456  10.6129
8.9618  0.0000  1.3835  -1.3835  8.9131
8.9717  0.0000  1.4290  -1.4290  7.7261
8.9815  0.0000  1.5921  -1.5921  6.1121
8.9915  0.0000  1.6640  -1.6640  4.6725
9.0013  0.0000  1.8755  -1.8755  2.7202
9.0113  0.0000  2.0386  -2.0386  0.7656
9.0323  0.0000  2.4175  -2.4175  0.0000
9.0427  0.0000  2.4880  -2.4880  0.0000
9.0530  0.0000  2.6158  -2.6158  0.0000
9.0640  0.0000  2.7861  -2.7861  0.0000
9.0755  0.0000  2.7567  -2.7567  0.0000
9.0859  0.0000  2.6730  -2.6730  0.0000
9.0971  0.0000  2.6481  -2.6481  0.0000
9.1068  0.0000  2.5732  -2.5732  0.0000
9.1170  0.0000  2.4997  -2.4997  0.0000
9.1285  0.0000  2.4836  -2.4836  0.0000
9.1416  0.0000  2.3940  -2.3940  0.0000
9.1535  0.0000  2.3499  -2.3499  0.0000
9.1648  0.0000  2.2838  -2.2838  0.0000
9.1757  0.0000  2.2339  -2.2339  0.0000
9.1861  0.0000  2.2089  -2.2089  0.0000
9.1966  0.0000  2.1428  -2.1428  0.0000
9.2070  0.0000  2.0562  -2.0562  0.0000
9.2178  0.0000  2.0033  -2.0033  0.0000
9.2283  0.0000  1.9284  -1.9284  0.0000
9.2390  0.0000  1.8564  -1.8564  0.0000
9.2493  0.0000  1.8183  -1.8183  0.0000
9.2598  0.0000  1.7624  -1.7624  0.0000
9.2700  0.0000  1.7389  -1.7389  0.0000
9.2798  0.0000  1.6699  -1.6699  0.0000
9.2887  0.0000  1.6464  -1.6464  0.0000
9.2984  0.0000  1.6347  -1.6347  0.0000
9.3085  0.0000  1.5994  -1.5994  0.0000
9.3187  0.0000  1.5495  -1.5495  0.0000
9.3290  0.0000  1.4819  -1.4819  0.0000
9.3405  0.0000  1.4525  -1.4525  0.0000
9.3507  0.0000  1.4232  -1.4232  0.0000
9.3608  0.0000  1.3776  -1.3776  0.0000
9.3710  0.0000  1.3248  -1.3248  0.0000
9.3811  0.0000  1.2763  -1.2763  0.0000
9.3912  0.0000  1.2234  -1.2234  0.0000
9.4012  0.0000  1.1852  -1.1852  0.0000
9.4112  0.0000  1.1074  -1.1074  0.0000
9.4211  0.0000  1.0266  -1.0266  0.0000
9.4300  0.0000  0.9635  -0.9635  0.0000
9.4405  0.0000  0.8900  -0.8900  0.0000
9.4513  0.0000  0.8004  -0.8004  0.0000
9.4612  0.0000  0.7035  -0.7035  0.0000
9.4748  0.0000  0.6227  -0.6227  0.0000
9.4875  0.0000  0.5243  -0.5243  0.0000
9.4977  0.0000  0.3877  -0.3877  0.0000
9.5078  0.0000  0.2952  -0.2952  0.0000
9.5177  0.0000  0.1939  -0.1939  0.0000
9.5340  0.0000  0.1146  -0.1146  0.0000
9.5444  0.0000  -0.0308  0.0308  0.0000
9.5543  0.0000  -0.1057  0.1057  0.0000
9.5637  0.0000  -0.1557  0.1557  0.0000
9.5740  0.0000  -0.1968  0.1968  0.0000
9.5853  0.0000  -0.2335  0.2335  0.0000
9.5962  0.0000  -0.2600  0.2600  0.0000
9.6063  0.0000  -0.2805  0.2805  0.0000
9.6160  0.0000  -0.2952  0.2952  0.0000
9.6252  0.0000  -0.3099  0.3099  0.0000
9.6373  0.0000  -0.3158  0.3158  0.0000
9.6514  0.0000  -0.3128  0.3128  0.0000
9.6617  0.0000  -0.3114  0.3114  0.0000
9.6712  0.0000  -0.3026  0.3026  0.0000
9.6815  0.0000  -0.2849  0.2849  0.0000
9.6911  0.0000  -0.2570  0.2570  0.0000
9.7009  0.0000  -0.2291  0.2291  0.0000
9.7094  0.0000  -0.2012  0.2012  0.0000
9.7195  0.0000  -0.1674  0.1674  0.0000
9.7302  0.0000  -0.1248  0.1248  0.0000
9.7407  0.0000  -0.0822  0.0822  0.0000
9.7503  0.0000  -0.0352  0.0352  0.0000
9.7602  0.0000  0.0015  -0.0015  0.0000
9.7701  0.0000  0.0397  -0.0397  0.0000
9.7800  0.0000  0.0690  -0.0690  0.0000
9.7904  0.0000  0.0852  -0.0852  0.0000
9.8005  0.0000  0.1013  -0.1013  0.0000
9.8108  0.0000  0.1057  -0.1057  0.0000
9.8211  0.0000  0.1087  -0.1087  0.0000
9.8325  0.0000  0.1013  -0.1013  0.0000
9.8417  0.0000  0.1013  -0.1013  0.0000
9.8511  0.0000  0.0984  -0.0984  0.0000
9.8610  0.0000  0.0837  -0.0837  0.0000
9.8710  0.0000  0.0720  -0.0720  0.0000
9.8810  0.0000  0.0602  -0.0602  0.0000
9.8910  0.0000  0.0470  -0.0470  0.0000
9.9009  0.0000  0.0294  -0.0294  0.0000
9.9112  0.0000  0.0117  -0.0117  0.0000
9.9206  0.0000  0.0044  -0.0044  0.0000
9.9303  0.0000  -0.0059  0.0059  0.0000
9.9398  0.0000  -0.0250  0.0250  0.0000
9.9502  0.0000  -0.0323  0.0323  0.0000
9.9607  0.0000  -0.0338  0.0338  0.0000
9.9712  0.0000  -0.0308  0.0308  0.0000
9.9812  0.0000  -0.0323  0.0323  0.0000
9.9909  0.0000  -0.0220  0.0220  0.0000
10.0012  0.0000  -0.0147  0.0147  0.0000
10.0116  0.0000  -0.0044  0.0044  0.0000
10.0215  0.0000  0.0000  0.0000  0.0000
10.0386  0.0000  0.0029  -0.0029  0.0000
10.0487  0.0000  0.0176  -0.0176  0.0000
10.0585  0.0000  0.0162  -0.0162  0.0000
10.0689  0.0000  0.0176  -0.0176  0.0000
10.0802  0.0000  0.0162  -0.0162  0.0000
10.0911  0.0000  0.0132  -0.0132  0.0000
10.1019  0.0000  0.0029  -0.0029  0.0000
10.1113  0.0000  0.0000  0.0000  0.0000
10.1213  0.0000  -0.0073  0.0073  0.0000
10.1310  0.0000  -0.0117  0.0117  0.0000
10.1423  0.0000  -0.0103  0.0103  0.0000
10.1547  0.0000  -0.0103  0.0103  0.0000
10.1654  0.0000  -0.0088  0.0088  0.0000
10.1763  0.0000  -0.0044  0.0044  0.0000
10.1868  0.0000  -0.0015  0.0015  0.0000
10.1975  0.0000  0.0015  -0.0015  0.0000
10.2083  0.0000  0.0044  -0.0044  0.0000
10.2192  0.0000  0.0059  -0.0059  0.0000
10.2285  0.0000  0.0103  -0.0103  0.0000
10.2387  0.0000  0.0088  -0.0088  0.0000
10.2486  0.0000  0.0088  -0.0088  0.0000
10.2584  0.0000  0.0015  -0.0015  0.0000
10.2722  0.0000  -0.0015  0.0015  0.0000
10.2846  0.0000  -0.0015  0.0015  0.0000
10.2953  0.0000  -0.0015  0.0015  0.0000
10.3050  0.0000  -0.0059  0.0059  0.0000
10.3141  0.0000  -0.0059  0.0059  0.0000
10.3241  0.0000  -0.0044  0.0044  0.0000
10.3349  0.0000  -0.0015  0.0015  0.0000
10.3457  0.0000  0.0000  0.0000  0.0000
10.3556  0.0000  0.0000  0.0000  0.0000
10.3664  0.0000  0.0000  0.0000  0.0000
10.3763  0.0000  0.0029  -0.0029  0.0000
10.3868  0.0000  0.0015  -0.0015  0.0000
10.3960  0.0000  0.0029  -0.0029  0.0000
10.4072  0.0000  0.0059  -0.0059  0.0000
10.4181  0.0000  -0.0015  0.0015  0.0000
10.4290  0.0000  -0.0015  0.0015  0.0000
10.4388  0.0000  -0.0015  0.0015  0.0000
10.4486  0.0000  -0.0015  0.0015  0.0000
10.4587  0.0000  -0.0015  0.0015  0.0000
10.4690  0.0000  -0.0015  0.0015  0.0000
10.4790  0.0000  0.0000  0.0000  0.0000
10.4888  0.0000  -0.0015  0.0015  0.0000
10.4987  0.0000  -0.0015  0.0015  0.0000
10.5082  0.0000  0.0000  0.0000  0.0000
10.5186  0.0000  0.0000  0.0000  0.0000
10.5293  0.0000  0.0000  0.0000  0.0000
10.5469  0.0000  0.0015  -0.0015  0.0000
10.5583  0.0000  0.0029  -0.0029  0.0000
10.5688  0.0000  0.0000  0.0000  0.0000
10.5803  0.0000  0.0015  -0.0015  0.0000
10.5900  0.0000  0.0015  -0.0015  0.0000
10.6014  0.0000  -0.0015  0.0015  0.0000
10.6107  0.0000  -0.0015  0.0015  0.0000
10.6208  0.0000  0.0015  -0.0015  0.0000
10.6326  0.0000  0.0000  0.0000  0.0000
10.6439  0.0000  0.0000  0.0000  0.0000
10.6569  0.0000  0.0015  -0.0015  0.0000
10.6676  0.0000  0.0015  -0.0015  0.0000
10.6793  0.0000  0.0029  -0.0029  0.0000
10.6884  0.0000  -0.0015  0.0015  0.0000
10.6969  0.0000  -0.0015  0.0015  0.0000
10.7066  0.0000  0.0029  -0.0029  0.0000
10.7167  0.0000  0.0015  -0.0015  0.0000
10.7267  0.0000  -0.0029  0.0029  0.0000
10.7366  0.0000  -0.0015  0.0015  0.0000
10.7450  0.0000  0.0000  0.0000  0.0000
10.7546  0.0000  -0.0015  0.0015  0.0000
10.7641  0.0000  -0.0015  0.0015  0.0000
10.7742  0.0000  0.0015  -0.0015  0.0000
10.7837  0.0000  0.0000  0.0000  0.0000
10.7936  0.0000  -0.0015  0.0015  0.0000
10.8030  0.0000  -0.0015  0.0015  0.0000
10.8129  0.0000  0.0000  0.0000  0.0000
10.8227  0.0000  0.0029  -0.0029  0.0000
10.8328  0.0000  -0.0015  0.0015  0.0000
10.8429  0.0000  -0.0015  0.0015  0.0000
10.8519  0.0000  0.0000  0.0000  0.0000
10.8638  0.0000  0.0000  0.0000  0.0000
10.8732  0.0000  -0.0015  0.0015  0.0000
10.8831  0.0000  0.0000  0.0000  0.0000
10.8933  0.0000  -0.0015  0.0015  0.0000
10.9030  0.0000  -0.0015  0.0015  0.0000
10.9129  0.0000  0.0000  0.0000  0.0000
10.9225  0.0000  0.0000  0.0000  0.0000
10.9321  0.0000  0.0000  0.0000  0.0000
10.9417  0.0000  0.0000  0.0000  0.0000
10.9513  0.0000  -0.0015  0.0015  0.0000
10.9610  0.0000  -0.0015  0.0015  0.0000
10.9709  0.0000  0.0000  0.0000  0.0000
10.9815  0.0000  -0.0044  0.0044  0.0000
10.9912  0.0000  0.0029  -0.0029  0.0000
11.0007  0.0000  -0.0015  0.0015  0.0000
11.0109  0.0000  0.0015  -0.0015  0.0000
11.0206  0.0000  0.0000  0.0000  0.0000
11.0305  0.0000  -0.0015  0.0015  0.0000
11.0503  0.0000  -0.0015  0.0015  0.0000
11.0598  0.0000  -0.0015  0.0015  0.0000
11.0689  0.0000  0.0000  0.0000  0.0000
11.0780  0.0000  -0.0015  0.0015  0.0000
11.0878  0.0000  0.0000  0.0000  0.0000
11.0990  0.0000  -0.0015  0.0015  0.0000
11.1107  0.0000  0.0000  0.0000  0.0000
11.1199  0.0000  0.0000  0.0000  0.0000
11.1291  0.0000  0.0000  0.0000  0.0000
11.1383  0.0000  0.0000  0.0000  0.0000
11.1487  0.0000  -0.0015  0.0015  0.0000
11.1610  0.0000  -0.0015  0.0015  0.0000
11.1704  0.0000  -0.0015  0.0015  0.0000
11.1796  0.0000  0.0000  0.0000  0.0000
11.1888  0.0000  -0.0015  0.0015  0.0000
11.1982  0.0000  -0.0015  0.0015  0.0000
11.2079  0.0000  0.0000  0.0000  0.0000
11.2170  0.0000  0.0059  -0.0059  0.0000
11.2263  0.0000  0.0000  0.0000  0.0000
11.2366  0.0000  0.0000  0.0000  0.0000
11.2466  0.0000  0.0000  0.0000  0.0000
11.2595  0.0000  0.0015  -0.0015  0.0000
11.2705  0.0000  0.0000  0.0000  0.0000
11.2804  0.0000  -0.0015  0.0015  0.0000
11.2893  0.0000  0.0000  0.0000  0.0000
11.2993  0.0000  0.0000  0.0000  0.0000
11.3093  0.0000  -0.0029  0.0029  0.0000
11.3194  0.0000  0.0000  0.0000  0.0000
11.3300  0.0000  0.0000  0.0000  0.0000
11.3413  0.0000  0.0000  0.0000  0.0000
11.3524  0.0000  -0.0015  0.0015  0.0000
11.3624  0.0000  0.0000  0.0000  0.0000
11.3725  0.0000  0.0000  0.0000  0.0000
11.3840  0.0000  -0.0015  0.0015  0.0000
11.3951  0.0000  -0.0015  0.0015  0.0000
11.4059  0.0000  -0.0015  0.0015  0.0000
11.4167  0.0000  0.0000  0.0000  0.0000
11.4273  0.0000  0.0000  0.0000  0.0000
11.4377  0.0000  0.0015  -0.0015  0.0000
11.4484  0.0000  0.0000  0.0000  0.0000
11.4575  0.0000  0.0015  -0.0015  0.0000
11.4688  0.0000  -0.0015  0.0015  0.0000
11.4794  0.0000  0.0015  -0.0015  0.0000
11.4900  0.0000  0.0000  0.0000  0.0000
11.5005  0.0000  -0.0015  0.0015  0.0000
11.5112  0.0000  -0.0015  0.0015  0.0000
11.5215  0.0000  0.0000  0.0000  0.0000
11.5323  0.0000  -0.0015  0.0015  0.0000
11.5429  0.0000  -0.0015  0.0015  0.0000
11.5604  0.0000  -0.0015  0.0015  0.0000
11.5710  0.0000  0.0015  -0.0015  0.0000
11.5821  0.0000  0.0000  0.0000  0.0000
11.5949  0.0000  -0.0015  0.0015  0.0000
11.6066  0.0000  0.0029  -0.0029  0.0000
11.6168  0.0000  0.0029  -0.0029  0.0000
11.6272  0.0000  0.0000  0.0000  0.0000
11.6383  0.0000  0.0000  0.0000  0.0000
11.6509  0.0000  0.0000  0.0000  0.0000
11.6642  0.0000  0.0000  0.0000  0.0000
11.6749  0.0000  0.0000  0.0000  0.0000
11.6844  0.0000  0.0000  0.0000  0.0000
11.6952  0.0000  -0.0044  0.0044  0.0000
11.7051  0.0000  0.0015  -0.0015  0.0000
11.7158  0.0000  0.0000  0.0000  0.0000
11.7263  0.0000  -0.0015  0.0015  0.0000
11.7360  0.0000  -0.0015  0.0015  0.0000
11.7456  0.0000  0.0000  0.0000  0.0000
11.7563  0.0000  0.0000  0.0000  0.0000
11.7667  0.0000  -0.0015  0.0015  0.0000
11.7776  0.0000  0.0000  0.0000  0.0000
11.7880  0.0000  -0.0015  0.0015  0.0000
11.7992  0.0000  0.0000  0.0000  0.0000
11.8104  0.0000  -0.0015  0.0015  0.0000
11.8204  0.0000  0.0000  0.0000  0.0000
11.8328  0.0000  -0.0015  0.0015  0.0000
11.8430  0.0000  0.0000  0.0000  0.0000
11.8526  0.0000  -0.0029  0.0029  0.0000
11.8629  0.0000  -0.0015  0.0015  0.0000
11.8737  0.0000  0.0015  -0.0015  0.0000
11.8831  0.0000  -0.0015  0.0015  0.0000
11.8925  0.0000  -0.0015  0.0015  0.0000
11.9019  0.0000  -0.0015  0.0015  0.0000
11.9114  0.0000  0.0015  -0.0015  0.0000
11.9210  0.0000  0.0000  0.0000  0.0000
11.9311  0.0000  -0.0015  0.0015  0.0000
11.9409  0.0000  -0.0015  0.0015  0.0000
11.9506  0.0000  0.0000  0.0000  0.0000
11.9607  0.0000  -0.0029  0.0029  0.0000
11.9709  0.0000  0.0015  -0.0015  0.0000
11.9811  0.0000  0.0000  0.0000  0.0000
11.9912  0.0000  0.0000  0.0000  0.0000
12.0013  0.0000  0.0015  -0.0015  0.0000
12.0115  0.0000  0.0015  -0.0015  0.0000
12.0216  0.0000  0.0000  0.0000  0.0000
12.0308  0.0000  0.0000  0.0000  0.0000
12.0415  0.0000  0.0000  0.0000  0.0000
12.0531  0.0000  0.0015  -0.0015  0.0000
12.0699  0.0000  -0.0029  0.0029  0.0000
12.0806  0.0000  0.0000  0.0000  0.0000
12.0920  0.0000  0.0015  -0.0015  0.0000
12.1021  0.0000  0.0015  -0.0015  0.0000
12.1139  0.0000  -0.0015  0.0015  0.0000
12.1250  0.0000  -0.0015  0.0015  0.0000
12.1352  0.0000  0.0015  -0.0015  0.0000
12.1451  0.0000  0.0000  0.0000  0.0000
12.1567  0.0000  0.0029  -0.0029  0.0000
12.1692  0.0000  0.0000  0.0000  0.0000
12.1795  0.0000  0.0000  0.0000  0.0000
12.1893  0.0000  0.0000  0.0000  0.0000
12.2004  0.0000  -0.0015  0.0015  0.0000
12.2113  0.0000  0.0000  0.0000  0.0000
12.2220  0.0000  -0.0015  0.0015  0.0000
12.2330  0.0000  0.0029  -0.0029  0.0000
12.2439  0.0000  -0.0015  0.0015  0.0000
12.2537  0.0000  0.0015  -0.0015  0.0000
12.2647  0.0000  0.0015  -0.0015  0.0000
12.2754  0.0000  0.0000  0.0000  0.0000
12.2856  0.0000  -0.0015  0.0015  0.0000
12.2955  0.0000  0.0015  -0.0015  0.0000
12.3063  0.0000  0.0000  0.0000  0.0000
12.3160  0.0000  -0.0015  0.0015  0.0000
12.3260  0.0000  0.0000  0.0000  0.0000
12.3360  0.0000  -0.0015  0.0015  0.0000
12.3461  0.0000  0.0000  0.0000  0.0000
12.3558  0.0000  0.0044  -0.0044  0.0000
12.3666  0.0000  0.0000  0.0000  0.0000
12.3818  0.0000  -0.0015  0.0015  0.0000
12.3921  0.0000  -0.0015  0.0015  0.0000
12.4015  0.0000  -0.0029  0.0029  0.0000
12.4130  0.0000  -0.0015  0.0015  0.0000
12.4242  0.0000  0.0000  0.0000  0.0000
12.4344  0.0000  0.0000  0.0000  0.0000
12.4443  0.0000  0.0000  0.0000  0.0000
12.4542  0.0000  0.0000  0.0000  0.0000
12.4640  0.0000  -0.0015  0.0015  0.0000
12.4744  0.0000  -0.0015  0.0015  0.0000
12.4844  0.0000  -0.0015  0.0015  0.0000
12.4949  0.0000  0.0015  -0.0015  0.0000
12.5054  0.0000  -0.0015  0.0015  0.0000
12.5163  0.0000  0.0015  -0.0015  0.0000
12.5269  0.0000  -0.0015  0.0015  0.0000
12.5378  0.0000  -0.0015  0.0015  0.0000
12.5487  0.0000  0.0015  -0.0015  0.0000
12.5597  0.0000  0.0000  0.0000  0.0000
12.5786  0.0000  -0.0015  0.0015  0.0000
12.5904  0.0000  0.0000  0.0000  0.0000
12.6013  0.0000  0.0000  0.0000  0.0000
12.6111  0.0000  -0.0015  0.0015  0.0000
12.6205  0.0000  0.0000  0.0000  0.0000
12.6314  0.0000  0.0000  0.0000  0.0000
12.6428  0.0000  -0.0015  0.0015  0.0000
12.6545  0.0000  0.0000  0.0000  0.0000
12.6664  0.0000  -0.0015  0.0015  0.0000
12.6802  0.0000  0.0015  -0.0015  0.0000
12.6914  0.0000  0.0000  0.0000  0.0000
12.7023  0.0000  -0.0015  0.0015  0.0000
12.7134  0.0000  -0.0015  0.0015  0.0000
12.7241  0.0000  -0.0015  0.0015  0.0000
12.7372  0.0000  0.0000  0.0000  0.0000
12.7487  0.0000  -0.0015  0.0015  0.0000
12.7599  0.0000  0.0000  0.0000  0.0000
12.7709  0.0000  0.0000  0.0000  0.0000
12.7819  0.0000  -0.0015  0.0015  0.0000
12.7931  0.0000  -0.0015  0.0015  0.0000
12.8045  0.0000  0.0000  0.0000  0.0000
12.8157  0.0000  0.0000  0.0000  0.0000
12.8273  0.0000  0.0000  0.0000  0.0000
12.8387  0.0000  0.0000  0.0000  0.0000
12.8496  0.0000  -0.0015  0.0015  0.0000
12.8621  0.0000  -0.0044  0.0044  0.0000
12.8731  0.0000  -0.0015  0.0015  0.0000
12.8859  0.0000  -0.0015  0.0015  0.0000
12.8976  0.0000  0.0015  -0.0015  0.0000
12.9091  0.0000  0.0000  0.0000  0.0000
12.9203  0.0000  0.0000  0.0000  0.0000
12.9315  0.0000  0.0000  0.0000  0.0000
12.9429  0.0000  -0.0015  0.0015  0.0000
12.9545  0.0000  0.0015  -0.0015  0.0000
12.9656  0.0000  0.0029  -0.0029  0.0000
12.9770  0.0000  -0.0015  0.0015  0.0000
12.9871  0.0000  -0.0015  0.0015  0.0000
12.9986  0.0000  -0.0015  0.0015  0.0000
13.0088  0.0000  -0.0015  0.0015  0.0000
13.0202  0.0000  0.0000  0.0000  0.0000
13.0313  0.0000  0.0000  0.0000  0.0000
13.0424  0.0000  0.0000  0.0000  0.0000
13.0524  0.0000  -0.0015  0.0015  0.0000
13.0639  0.0000  0.0000  0.0000  0.0000
13.0821  0.0000  -0.0015  0.0015  0.0000
13.0922  0.0000  -0.0015  0.0015  0.0000
13.1046  0.0000  0.0059  -0.0059  0.0000
13.1166  0.0000  -0.0015  0.0015  0.0000
13.1277  0.0000  0.0000  0.0000  0.0000
13.1398  0.0000  -0.0015  0.0015  0.0000
13.1504  0.0000  0.0000  0.0000  0.0000
13.1616  0.0000  0.0015  -0.0015  0.0000
13.1728  0.0000  0.0000  0.0000  0.0000
13.1868  0.0000  -0.0015  0.0015  0.0000
13.1983  0.0000  0.0000  0.0000  0.0000
13.2094  0.0000  0.0000  0.0000  0.0000
13.2202  0.0000  0.0000  0.0000  0.0000
13.2317  0.0000  -0.0015  0.0015  0.0000
13.2417  0.0000  -0.0015  0.0015  0.0000
13.2534  0.0000  -0.0015  0.0015  0.0000
13.2633  0.0000  0.0029  -0.0029  0.0000
13.2750  0.0000  0.0000  0.0000  0.0000
13.2850  0.0000  0.0000  0.0000  0.0000
13.2965  0.0000  0.0000  0.0000  0.0000
13.3076  0.0000  0.0000  0.0000  0.0000
13.3187  0.0000  0.0029  -0.0029  0.0000
13.3299  0.0000  0.0000  0.0000  0.0000
13.3414  0.0000  -0.0015  0.0015  0.0000
13.3531  0.0000  0.0000  0.0000  0.0000
13.3647  0.0000  0.0000  0.0000  0.0000
13.3772  0.0000  -0.0015  0.0015  0.0000
13.3894  0.0000  0.0000  0.0000  0.0000
13.4033  0.0000  0.0015  -0.0015  0.0000
13.4129  0.0000  0.0000  0.0000  0.0000
13.4241  0.0000  -0.0015  0.0015  0.0000
13.4339  0.0000  -0.0015  0.0015  0.0000
13.4435  0.0000  0.0015  -0.0015  0.0000
13.4533  0.0000  0.0000  0.0000  0.0000
13.4630  0.0000  -0.0029  0.0029  0.0000
13.4726  0.0000  0.0000  0.0000  0.0000
13.4812  0.0000  0.0000  0.0000  0.0000
13.4910  0.0000  0.0000  0.0000  0.0000
13.5011  0.0000  0.0000  0.0000  0.0000
13.5100  0.0000  -0.0015  0.0015  0.0000
13.5188  0.0000  -0.0015  0.0015  0.0000
13.5290  0.0000  0.0000  0.0000  0.0000
13.5391  0.0000  -0.0015  0.0015  0.0000
13.5497  0.0000  0.0000  0.0000  0.0000
13.5601  0.0000  0.0029  -0.0029  0.0000
13.5701  0.0000  -0.0029  0.0029  0.0000
13.5871  0.0000  -0.0015  0.0015  0.0000
13.5979  0.0000  0.0000  0.0000  0.0000
13.6090  0.0000  0.0000  0.0000  0.0000
13.6200  0.0000  0.0015  -0.0015  0.0000
13.6309  0.0000  0.0000  0.0000  0.0000
13.6426  0.0000  0.0000  0.0000  0.0000
13.6520  0.0000  -0.0015  0.0015  0.0000
13.6623  0.0000  0.0000  0.0000  0.0000
13.6725  0.0000  0.0000  0.0000  0.0000
13.6844  0.0000  -0.0015  0.0015  0.0000
13.6969  0.0000  -0.0015  0.0015  0.0000
13.7078  0.0000  -0.0015  0.0015  0.0000
13.7181  0.0000  0.0000  0.0000  0.0000
13.7286  0.0000  -0.0015  0.0015  0.0000
13.7388  0.0000  0.0000  0.0000  0.0000
13.7501  0.0000  0.0000  0.0000  0.0000
13.7604  0.0000  0.0000  0.0000  0.0000
13.7707  0.0000  0.0029  -0.0029  0.0000
13.7808  0.0000  0.0029  -0.0029  0.0000
13.7909  0.0000  0.0000  0.0000  0.0000
13.8009  0.0000  0.0000  0.0000  0.0000
13.8099  0.0000  0.0000  0.0000  0.0000
13.8200  0.0000  0.0015  -0.0015  0.0000
13.8303  0.0000  0.0029  -0.0029  0.0000
13.8409  0.0000  -0.0015  0.0015  0.0000
13.8515  0.0000  0.0000  0.0000  0.0000
13.8618  0.0000  0.0000  0.0000  0.0000
13.8719  0.0000  0.0000  0.0000  0.0000
13.8821  0.0000  0.0000  0.0000  0.0000
13.8934  0.0000  0.0000  0.0000  0.0000
13.9056  0.0000  0.0000  0.0000  0.0000
13.9160  0.0000  0.0000  0.0000  0.0000
13.9260  0.0000  -0.0044  0.0044  0.0000
13.9359  0.0000  0.0015  -0.0015  0.0000
13.9459  0.0000  0.0000  0.0000  0.0000
13.9547  0.0000  -0.0015  0.0015  0.0000
13.9646  0.0000  0.0000  0.0000  0.0000
13.9745  0.0000  0.0000  0.0000  0.0000
13.9843  0.0000  0.0000  0.0000  0.0000
13.9943  0.0000  0.0000  0.0000  0.0000
14.0042  0.0000  -0.0015  0.0015  0.0000
14.0144  0.0000  0.0000  0.0000  0.0000
14.0300  0.0000  0.0015  -0.0015  0.0000
14.0408  0.0000  0.0029  -0.0029  0.0000
14.0503  0.0000  0.0000  0.0000  0.0000
14.0602  0.0000  -0.0015  0.0015  0.0000
14.0707  0.0000  -0.0015  0.0015  0.0000
14.0878  0.0000  0.0000  0.0000  0.0000
14.0979  0.0000  -0.0015  0.0015  0.0000
14.1094  0.0000  0.0029  -0.0029  0.0000
14.1211  0.0000  0.0000  0.0000  0.0000
